"Date","Bids","Asks","Difference","BTC Price"
"2023-08-10 10:00:00","38240811","36576941","1663870","29551.907889902493"
"2023-08-10 11:00:00","40746815","35653324","5093491","29545.587091087946"
"2023-08-10 12:00:00","43112329","37546644","5565685","29509.244619796995"
"2023-08-10 13:00:00","44823836","38275128","6548708","29547.78912155294"
"2023-08-10 14:00:00","39675685","37182450","2493235","29474.84519009116"
"2023-08-10 15:00:00","38120609","31356530","6764079","29452.627026968465"
"2023-08-10 16:00:00","41445698","27347868","14097830","29466.258016119376"
"2023-08-10 17:00:00","42065269","29862300","12202969","29492.763929322093"
"2023-08-10 18:00:00","40939753","31352870","9586883","29510.996442358493"
"2023-08-10 19:00:00","43039974","33182205","9857769","29478.55319762959"
"2023-08-10 20:00:00","40346762","30582806","9763956","29498.897984284034"
"2023-08-10 21:00:00","40006433","31376213","8630220","29656.162875849943"
"2023-08-10 22:00:00","34950214","33858920","1091294","29488.59248316993"
"2023-08-10 23:00:00","40533773","28839674","11694099","29441.844253091793"
"2023-08-11 00:00:00","44349892","35223206","9126686","29403.984623458055"
"2023-08-11 01:00:00","46326144","35573186","10752958","29405.311601435507"
"2023-08-11 02:00:00","39557016","31606726","7950290","29391.025600973433"
"2023-08-11 03:00:00","43832955","36583567","7249388","29419.907361022462"
"2023-08-11 04:00:00","44894262","35004001","9890261","29412.93187588838"
"2023-08-11 05:00:00","47717861","35053640","12664221","29433.577918924722"
"2023-08-11 06:00:00","34292145","25629382","8662763","29434.094900697433"
"2023-08-11 07:00:00","47797759","36439344","11358415","29422.175376961935"
"2023-08-11 08:00:00","46845855","36223351","10622504","29446.488682566673"
"2023-08-11 09:00:00","46350460","39308374","7042086","29415.774082566553"
"2023-08-11 10:00:00","47440403","38608287","8832116","29344.08733215328"
"2023-08-11 11:00:00","44508344","35895410","8612934","29367.23872249489"
"2023-08-11 12:00:00","44112272","38310404","5801868","29368.570377178872"
"2023-08-11 13:00:00","44460547","38641393","5819154","29409.369434536136"
"2023-08-11 14:00:00","38891849","32742940","6148909","29414.83941061033"
"2023-08-11 15:00:00","42647790","34750420","7897370","29366.87601650396"
"2023-08-11 16:00:00","42418509","36813927","5604582","29364.454570098052"
"2023-08-11 17:00:00","45489572","38007819","7481753","29361.473334785278"
"2023-08-11 18:00:00","44628046","37782912","6845134","29342.530529300257"
"2023-08-11 19:00:00","48175825","40017147","8158678","29408.959622021266"
"2023-08-11 20:00:00","48713902","39488975","9224927","29418.39188060728"
"2023-08-11 21:00:00","47183127","40068503","7114624","29434.181950613107"
"2023-08-11 22:00:00","40612230","33343433","7268797","29453.61155970663"
"2023-08-11 23:00:00","35992463","31838623","4153840","29372.222108787497"
"2023-08-12 00:00:00","49209088","35674213","13534875","29336.059352472377"
"2023-08-12 01:00:00","42907134","38302398","4604736","29308.434058595583"
"2023-08-12 02:00:00","47211744","38842750","8368994","29336.26622881152"
"2023-08-12 03:00:00","45831918","40420840","5411078","29352.36505290286"
"2023-08-12 04:00:00","44027056","40170673","3856383","29384.84798220424"
"2023-08-12 05:00:00","44287092","41635068","2652024","29376.486605224796"
"2023-08-12 06:00:00","41557940","39327725","2230215","29403.88947129741"
"2023-08-12 07:00:00","40675702","42195785","-1520083","29407.32413443092"
"2023-08-12 08:00:00","42024557","40657688","1366869","29435.139323272568"
"2023-08-12 09:00:00","40929984","38202410","2727574","29384.86032594998"
"2023-08-12 10:00:00","41913396","36708609","5204787","29371.899335995786"
"2023-08-12 11:00:00","41535379","37639805","3895574","29380.252606952825"
"2023-08-12 12:00:00","43790946","37491790","6299156","29392.97957894383"
"2023-08-12 13:00:00","42376968","39139799","3237169","29382.881082445903"
"2023-08-12 14:00:00","42307348","37566930","4740418","29395.218153251335"
"2023-08-12 15:00:00","41732243","38754553","2977690","29398.082511827524"
"2023-08-12 16:00:00","44239489","39629467","4610022","29381.4129255091"
"2023-08-12 17:00:00","45188531","40815791","4372740","29408.91774258186"
"2023-08-12 18:00:00","40931169","40257233","673936","29425.009281625655"
"2023-08-12 19:00:00","41446170","39363917","2082253","29419.925747061032"
"2023-08-12 20:00:00","40699029","39926606","772423","29420.49743375199"
"2023-08-12 21:00:00","40163560","39975672","187888","29403.594379509224"
"2023-08-12 22:00:00","40483909","40276108","207801","29440.011339196022"
"2023-08-12 23:00:00","39875743","40148196","-272453","29433.66575929407"
"2023-08-13 00:00:00","41169222","38048770","3120452","29455.437007550216"
"2023-08-13 01:00:00","39629706","38844382","785324","29430.16559400782"
"2023-08-13 02:00:00","41106932","39721757","1385175","29427.699136676183"
"2023-08-13 03:00:00","40927737","37928153","2999584","29414.738861567013"
"2023-08-13 04:00:00","41084614","38572002","2512612","29420.923180987797"
"2023-08-13 05:00:00","41447199","38973455","2473744","29420.424516356718"
"2023-08-13 06:00:00","30896187","28145052","2751135","29425.33765174528"
"2023-08-13 07:00:00","41278973","37759711","3519262","29426.72264658573"
"2023-08-13 08:00:00","40869674","38175055","2694619","29444.47697508356"
"2023-08-13 09:00:00","41390553","39145784","2244769","29446.935939817417"
"2023-08-13 10:00:00","42645673","38881332","3764341","29443.398896314917"
"2023-08-13 11:00:00","40881801","39354670","1527131","29414.2816668036"
"2023-08-13 12:00:00","41855142","38944800","2910342","29387.37709536174"
"2023-08-13 13:00:00","43616046","37832375","5783671","29380.15321157255"
"2023-08-13 14:00:00","48821745","42837170","5984575","29392.202227623136"
"2023-08-13 15:00:00","47903892","42016615","5887277","29392.17499649821"
"2023-08-13 16:00:00","45842975","41255716","4587259","29406.51173379898"
"2023-08-13 17:00:00","47434102","42741051","4693051","29412.383123410094"
"2023-08-13 18:00:00","46267546","42420066","3847480","29402.0239463293"
"2023-08-13 19:00:00","46180512","44067792","2112720","29389.26521923947"
"2023-08-13 20:00:00","44477115","36786399","7690716","29395.026499264368"
"2023-08-13 21:00:00","43168972","36495524","6673448","29385.506457344556"
"2023-08-13 22:00:00","44284408","44155829","128579","29382.15140505337"
"2023-08-13 23:00:00","43604308","45511068","-1906760","29377.39957655533"
"2023-08-14 00:00:00","44889402","44528379","361023","29360.12924284593"
"2023-08-14 01:00:00","44635942","43405424","1230518","29397.43292452893"
"2023-08-14 02:00:00","43385090","39643876","3741214","29418.23574596693"
"2023-08-14 03:00:00","43640580","38123812","5516768","29436.194990782504"
"2023-08-14 04:00:00","41100388","38215944","2884444","29415.483148950767"
"2023-08-14 05:00:00","42747295","38629043","4118252","29354.78012047461"
"2023-08-14 06:00:00","34678093","29185307","5492786","29303.66895270674"
"2023-08-14 07:00:00","48231326","34813196","13418130","29282.87201123775"
"2023-08-14 08:00:00","50295626","34693645","15601981","29249.520211632705"
"2023-08-14 09:00:00","53511136","39373386","14137750","29243.691724490895"
"2023-08-14 10:00:00","55570900","34781778","20789122","29287.303536443527"
"2023-08-14 11:00:00","46075221","35564534","10510687","29354.938486853876"
"2023-08-14 12:00:00","35222847","40982277","-5759430","29378.355928028184"
"2023-08-14 13:00:00","36383183","43322004","-6938821","29406.38612378329"
"2023-08-14 14:00:00","35682230","43640159","-7957929","29380.891727636244"
"2023-08-14 15:00:00","37641028","46010826","-8369798","29373.369923097995"
"2023-08-14 16:00:00","36246320","46321507","-10075187","29378.629519209648"
"2023-08-14 17:00:00","36614444","46564030","-9949586","29367.310709186124"
"2023-08-14 18:00:00","38390240","45378566","-6988326","29393.04339506022"
"2023-08-14 19:00:00","38060434","46744072","-8683638","29371.796265032193"
"2023-08-14 20:00:00","39783598","45615330","-5831732","29369.180717120787"
"2023-08-14 21:00:00","43261414","44777350","-1515936","29353.443932044007"
"2023-08-14 22:00:00","44085963","44459262","-373299","29453.074425764717"
"2023-08-14 23:00:00","38753800","43637176","-4883376","29529.046802525925"
"2023-08-15 00:00:00","39295713","42147371","-2851658","29592.59364267649"
"2023-08-15 01:00:00","39493949","40916354","-1422405","29466.286864012338"
"2023-08-15 02:00:00","39051492","33979630","5071862","29289.26629319712"
"2023-08-15 03:00:00","42834220","26231766","16602454","29305.54498157855"
"2023-08-15 04:00:00","45718421","28609427","17108994","29356.463529861736"
"2023-08-15 05:00:00","40407452","28560149","11847303","29366.783655251893"
"2023-08-15 06:00:00","30614069","22565623","8048446","29395.759208176165"
"2023-08-15 07:00:00","39138526","33810818","5327708","29389.42257996435"
"2023-08-15 08:00:00","38796544","31794920","7001624","29395.27447841972"
"2023-08-15 09:00:00","40033955","31687046","8346909","29368.586967444764"
"2023-08-15 10:00:00","41785888","34664231","7121657","29335.629526152523"
"2023-08-15 11:00:00","43791460","31780870","12010590","29346.967593051595"
"2023-08-15 12:00:00","42391257","31270755","11120502","29327.35091749785"
"2023-08-15 13:00:00","44414328","32285877","12128451","29313.522623051478"
"2023-08-15 14:00:00","45378297","33125196","12253101","29312.090641479288"
"2023-08-15 15:00:00","45573238","32171406","13401832","29353.823482541473"
"2023-08-15 16:00:00","43430917","33011862","10419055","29374.15843195372"
"2023-08-15 17:00:00","40493717","34220658","6273059","29367.73090658356"
"2023-08-15 18:00:00","43505086","35776269","7728817","29353.014420708336"
"2023-08-15 19:00:00","42874714","35339421","7535293","29321.236329963343"
"2023-08-15 20:00:00","34594619","27874852","6719767","29333.326376203586"
"2023-08-15 21:00:00","47922943","34813910","13109033","29303.814606810745"
"2023-08-15 22:00:00","49690964","34837522","14853442","29394.517861941156"
"2023-08-15 23:00:00","36928086","38275564","-1347478","29290.27353754172"
"2023-08-16 00:00:00","47038891","32057856","14981035","29251.17276310728"
"2023-08-16 01:00:00","49468519","32547087","16921432","29289.890901768158"
"2023-08-16 02:00:00","47343609","44226550","3117059","29290.926597439066"
"2023-08-16 03:00:00","49382373","45466056","3916317","29153.15705643906"
"2023-08-16 04:00:00","49263139","32534816","16728323","29165.810164611412"
"2023-08-16 05:00:00","51950179","40376480","11573699","29191.692807906915"
"2023-08-16 06:00:00","39694401","32769106","6925295","29147.606401256577"
"2023-08-16 07:00:00","49640067","40854705","8785362","29159.4987296582"
"2023-08-16 08:00:00","48935138","41255315","7679823","29185.227545856567"
"2023-08-16 09:00:00","48916681","44481984","4434697","29198.050337427805"
"2023-08-16 10:00:00","47652352","44615638","3036714","29206.17753697299"
"2023-08-16 11:00:00","48139253","47750322","388931","29179.576409068748"
"2023-08-16 12:00:00","50121437","48663352","1458085","29159.033791041024"
"2023-08-16 13:00:00","49984653","46009127","3975526","29099.438551561983"
"2023-08-16 14:00:00","45660693","37352739","8307954","29144.77089938131"
"2023-08-16 15:00:00","48479061","42659082","5819979","29154.673441681913"
"2023-08-16 16:00:00","47964733","42382506","5582227","29136.13094033788"
"2023-08-16 17:00:00","43409214","38255128","5154086","29132.85832989535"
"2023-08-16 18:00:00","52742761","42263247","10479514","29171.12897709887"
"2023-08-16 19:00:00","46808127","38084095","8724032","29129.58460300305"
"2023-08-16 20:00:00","54623814","46035891","8587923","29123.731872797038"
"2023-08-16 21:00:00","50470171","41943525","8526646","29042.458152728137"
"2023-08-16 22:00:00","53662999","33118769","20544230","29116.38048598354"
"2023-08-16 23:00:00","50295331","42517854","7777477","29067.253273913822"
"2023-08-17 00:00:00","50538320","37258275","13280045","29044.40538280857"
"2023-08-17 01:00:00","46038701","31567256","14471445","29127.4302214203"
"2023-08-17 02:00:00","28688247","31014072","-2325825","29141.796607710043"
"2023-08-17 03:00:00","41895284","43474800","-1579516","29095.232640819057"
"2023-08-17 04:00:00","45715775","36792045","8923730","28917.82579956378"
"2023-08-17 05:00:00","45145210","30215287","14929923","28889.35868123985"
"2023-08-17 06:00:00","40293897","22727969","17565928","28873.604310332128"
"2023-08-17 07:00:00","48115898","30207218","17908680","28699.51891274921"
"2023-08-17 08:00:00","63835833","26855673","36980160","28528.77140065169"
"2023-08-17 09:00:00","33591837","26599550","6992287","28588.636361463425"
"2023-08-17 10:00:00","32225710","28587805","3637905","28548.49478165973"
"2023-08-17 11:00:00","39300545","30000319","9300226","28618.620368503583"
"2023-08-17 12:00:00","35087653","30863588","4224065","28607.097849532554"
"2023-08-17 13:00:00","37320349","32245316","5075033","28639.41920937217"
"2023-08-17 14:00:00","37322579","31125643","6196936","28639.629462663197"
"2023-08-17 15:00:00","34645234","31124711","3520523","28585.308351000647"
"2023-08-17 16:00:00","42842836","30877383","11965453","28525.747216561038"
"2023-08-17 17:00:00","44444789","32989215","11455574","28552.723035478608"
"2023-08-17 18:00:00","45280346","32104359","13175987","28503.049600544942"
"2023-08-17 19:00:00","48063921","30635330","17428591","28497.564583097"
"2023-08-17 20:00:00","42909696","30455725","12453971","28461.62903081434"
"2023-08-17 21:00:00","46950058","32178234","14771824","28365.263824199166"
"2023-08-17 22:00:00","51340378","30250261","21090117","28368.22830358857"
"2023-08-17 23:00:00","47295807","30673743","16622064","27907.59005508608"
"2023-08-18 00:00:00","39235191","16452477","22782714","27897.392469570364"
"2023-08-18 01:00:00","37107996","24117750","12990246","27949.421753395476"
"2023-08-18 02:00:00","39946109","28122667","11823442","27840.153902141454"
"2023-08-18 03:00:00","43569920","27330500","16239420","27849.54612154458"
"2023-08-18 04:00:00","37161469","25687192","11474277","27595.946510799015"
"2023-08-18 05:00:00","43913594","23610056","20303538","26222.673968191895"
"2023-08-18 06:00:00","8170209","5263104","2907105","26829.199208332797"
"2023-08-18 07:00:00","14146313","11663867","2482446","26668.55758376716"
"2023-08-18 08:00:00","25613618","21330503","4283115","26727.60342481583"
"2023-08-18 09:00:00","26769759","26334933","434826","26614.2394137634"
"2023-08-18 10:00:00","31137385","26187313","4950072","26510.04101077466"
"2023-08-18 11:00:00","30046546","24914766","5131780","26406.991202119734"
"2023-08-18 12:00:00","28926572","25815498","3111074","26244.282207887958"
"2023-08-18 13:00:00","32768726","24479383","8289343","26440.808218409056"
"2023-08-18 14:00:00","24877067","22516373","2360694","26510.559238322712"
"2023-08-18 15:00:00","25895583","25114574","781009","26421.07189055947"
"2023-08-18 16:00:00","26066988","26052744","14244","26570.8098120783"
"2023-08-18 17:00:00","26819681","26381384","438297","26442.12183023297"
"2023-08-18 18:00:00","32205925","32227395","-21470","26443.972888766795"
"2023-08-18 19:00:00","34736802","28977611","5759191","26483.646782497643"
"2023-08-18 20:00:00","29684546","28675936","1008610","26331.217049866154"
"2023-08-18 21:00:00","36087033","29404032","6683001","26247.88872837657"
"2023-08-18 22:00:00","41557048","28418436","13138612","26023.84606683052"
"2023-08-18 23:00:00","28668042","18463243","10204799","25963.578463110844"
"2023-08-19 00:00:00","33767121","27153642","6613479","25873.47699978578"
"2023-08-19 01:00:00","32635563","27499189","5136374","26007.501842917718"
"2023-08-19 02:00:00","31919448","22330443","9589005","26130.39352656522"
"2023-08-19 03:00:00","23218720","16260616","6958104","26031.513353407347"
"2023-08-19 04:00:00","29542785","21402476","8140309","26111.50041378498"
"2023-08-19 05:00:00","30862558","24624929","6237629","26083.951619809603"
"2023-08-19 06:00:00","35494072","27213473","8280599","26079.59391403675"
"2023-08-19 07:00:00","36116603","27718517","8398086","26063.6746999433"
"2023-08-19 08:00:00","35653942","25818339","9835603","26108.904371637716"
"2023-08-19 09:00:00","33036524","24263523","8773001","26032.783400818713"
"2023-08-19 10:00:00","35254899","22833906","12420993","26018.155351489437"
"2023-08-19 11:00:00","33476795","24104953","9371842","25975.32257267672"
"2023-08-19 12:00:00","33964429","25437283","8527146","25994.4731072633"
"2023-08-19 13:00:00","34459295","25814985","8644310","25905.764447098973"
"2023-08-19 14:00:00","35871047","25130381","10740666","25860.364639249794"
"2023-08-19 15:00:00","37824577","24847895","12976682","25927.70034330795"
"2023-08-19 16:00:00","34571304","24539181","10032123","25951.98241719953"
"2023-08-19 17:00:00","35330707","25787276","9543431","25958.498729725467"
"2023-08-19 18:00:00","37110833","25790779","11320054","25928.24742608012"
"2023-08-19 19:00:00","36713740","24997302","11716438","25926.220214669804"
"2023-08-19 20:00:00","36580558","25602504","10978054","25932.7334211021"
"2023-08-19 21:00:00","35514218","25536599","9977619","25944.715485948844"
"2023-08-19 22:00:00","36200765","23213484","12987281","25990.22764614465"
"2023-08-19 23:00:00","36658630","24071385","12587245","26200.142592120184"
"2023-08-20 00:00:00","28266825","24010598","4256227","26249.518272709647"
"2023-08-20 01:00:00","29148233","25156772","3991461","26113.73831351136"
"2023-08-20 02:00:00","36364596","25620677","10743919","26148.663999941844"
"2023-08-20 03:00:00","34578352","27474493","7103859","26150.802364117295"
"2023-08-20 04:00:00","38031164","27613200","10417964","26073.02109637025"
"2023-08-20 05:00:00","42196215","24640770","17555445","26102.08114257859"
"2023-08-20 06:00:00","35591479","24715737","10875742","26073.621186757766"
"2023-08-20 07:00:00","37335563","25306026","12029537","26114.48935061693"
"2023-08-20 08:00:00","34560777","25518564","9042213","26193.249379112785"
"2023-08-20 09:00:00","32472893","27038268","5434625","26089.016377557942"
"2023-08-20 10:00:00","35671047","25455312","10215735","26110.875809645924"
"2023-08-20 11:00:00","34300169","26678475","7621694","26118.106669555134"
"2023-08-20 12:00:00","38195248","26761826","11433422","26140.339215053064"
"2023-08-20 13:00:00","35058274","29596983","5461291","26107.404949940887"
"2023-08-20 14:00:00","35908453","27033259","8875194","26083.36454875452"
"2023-08-20 15:00:00","38950006","27330821","11619185","26106.3989067512"
"2023-08-20 16:00:00","36238343","27930613","8307730","26129.622140436477"
"2023-08-20 17:00:00","37506630","29044591","8462039","26164.17023154558"
"2023-08-20 18:00:00","37135663","28836397","8299266","26159.166201961656"
"2023-08-20 19:00:00","39518371","31242300","8276071","26199.032690767464"
"2023-08-20 20:00:00","36200308","29301232","6899076","26203.067339366116"
"2023-08-20 21:00:00","37769190","31577640","6191550","26157.74815989436"
"2023-08-20 22:00:00","39767924","33477676","6290248","26119.38349148077"
"2023-08-20 23:00:00","40045896","31204510","8841386","26112.892579716263"
"2023-08-21 00:00:00","34271919","31710852","2561067","26073.64009599201"
"2023-08-21 01:00:00","36327826","31794058","4533768","26139.845300474197"
"2023-08-21 02:00:00","33531000","32468635","1062365","26134.622249028645"
"2023-08-21 03:00:00","34517827","33557702","960125","26159.91406062644"
"2023-08-21 04:00:00","34583443","34677812","-94369","26235.251497051264"
"2023-08-21 05:00:00","33886063","30541033","3345030","26171.88598999254"
"2023-08-21 06:00:00","31206185","26331924","4874261","26208.59617909228"
"2023-08-21 07:00:00","34056907","30032207","4024700","26188.88966229411"
"2023-08-21 08:00:00","31693224","26551918","5141306","26133.0594085725"
"2023-08-21 09:00:00","38657343","29645750","9011593","26140.40965177255"
"2023-08-21 10:00:00","35267507","28089627","7177880","26090.256667234222"
"2023-08-21 11:00:00","38355369","29023517","9331852","26085.376063082636"
"2023-08-21 12:00:00","37737187","29021296","8715891","26050.90450977543"
"2023-08-21 13:00:00","38013988","28937042","9076946","26098.298413029584"
"2023-08-21 14:00:00","36621824","28639094","7982730","26045.593137403474"
"2023-08-21 15:00:00","38677304","26161467","12515837","25995.759151095477"
"2023-08-21 16:00:00","38394365","27403452","10990913","26049.024849135018"
"2023-08-21 17:00:00","35865035","31124088","4740947","26003.920292317354"
"2023-08-21 18:00:00","33367639","28655672","4711967","25932.48104032869"
"2023-08-21 19:00:00","35659499","29732635","5926864","26009.171598705765"
"2023-08-21 20:00:00","33693735","30084347","3609388","26000.422180021316"
"2023-08-21 21:00:00","36844838","29666954","7177884","26131.891449152346"
"2023-08-21 22:00:00","24396585","30116829","-5720244","26104.07155131159"
"2023-08-21 23:00:00","33461597","31282406","2179191","25943.061438536788"
"2023-08-22 00:00:00","35102544","27462001","7640543","25983.199598313597"
"2023-08-22 01:00:00","33510472","31750550","1759922","26039.100916492276"
"2023-08-22 02:00:00","32897647","33647257","-749610","26030.52353475841"
"2023-08-22 03:00:00","34886069","32637823","2248246","26088.9065446776"
"2023-08-22 04:00:00","31597604","30411922","1185682","26108.522796991074"
"2023-08-22 05:00:00","32529118","29628035","2901083","26194.17007694932"
"2023-08-22 06:00:00","29813938","30141972","-328034","26128.38296155811"
"2023-08-22 07:00:00","33040890","30367530","2673360","26120.052102712565"
"2023-08-22 08:00:00","32774808","30083956","2690852","26100.276440674552"
"2023-08-22 09:00:00","35613696","30192153","5421543","26040.432854722785"
"2023-08-22 10:00:00","37661731","30038692","7623039","26055.71798242109"
"2023-08-22 11:00:00","34279646","29782560","4497086","26042.467488218153"
"2023-08-22 12:00:00","36470021","31163152","5306869","26013.00082257895"
"2023-08-22 13:00:00","38082419","32699740","5382679","26035.443602632622"
"2023-08-22 14:00:00","39443803","32692669","6751134","26043.236360386574"
"2023-08-22 15:00:00","32516912","31983238","533674","26095.70028520862"
"2023-08-22 16:00:00","35034651","33577252","1457399","26063.483165994032"
"2023-08-22 17:00:00","38217324","35155198","3062126","26047.70452962307"
"2023-08-22 18:00:00","39852373","36158832","3693541","26053.11150507876"
"2023-08-22 19:00:00","40489551","34804650","5684901","26045.968066273945"
"2023-08-22 20:00:00","40793278","36086197","4707081","26064.215794491807"
"2023-08-22 21:00:00","40015639","35045250","4970389","26010.47132753235"
"2023-08-22 22:00:00","33756591","28781014","4975577","25983.197075348333"
"2023-08-22 23:00:00","39873232","30132241","9740991","25944.181401734226"
"2023-08-23 00:00:00","39886076","30530894","9355182","26011.461236561667"
"2023-08-23 01:00:00","34219557","32852477","1367080","25819.096473114787"
"2023-08-23 02:00:00","38756978","28783592","9973386","25897.364340127435"
"2023-08-23 03:00:00","34255178","32507375","1747803","25776.376588122585"
"2023-08-23 04:00:00","39723865","25928434","13795431","25856.094555005664"
"2023-08-23 05:00:00","33940859","32205273","1735586","25615.356422044486"
"2023-08-23 06:00:00","27088254","24946601","2141653","25802.815894630123"
"2023-08-23 07:00:00","26932824","28553643","-1620819","26035.210751601957"
"2023-08-23 08:00:00","28754720","36170376","-7415656","26029.483242273935"
"2023-08-23 09:00:00","31426047","31694360","-268313","26033.407669071094"
"2023-08-23 10:00:00","32863282","33588163","-724881","26033.028601388865"
"2023-08-23 11:00:00","33828555","36093735","-2265180","25993.488222561846"
"2023-08-23 12:00:00","34531234","32788549","1742685","26043.893204255823"
"2023-08-23 13:00:00","33912910","35905711","-1992801","26027.542764810856"
"2023-08-23 14:00:00","35119489","36010954","-891465","26067.252465627975"
"2023-08-23 15:00:00","30440105","32094447","-1654342","26069.713338915844"
"2023-08-23 16:00:00","32362939","31289956","1072983","26022.75835792323"
"2023-08-23 17:00:00","36441778","33634587","2807191","26036.271067807484"
"2023-08-23 18:00:00","35432847","35031798","401049","25960.895852842754"
"2023-08-23 19:00:00","37070055","33187017","3883038","25926.01300530437"
"2023-08-23 20:00:00","37859275","33360619","4498656","25836.764575860045"
"2023-08-23 21:00:00","37172587","32490942","4681645","25982.193610836468"
"2023-08-23 22:00:00","31066060","32334324","-1268264","26031.127668972946"
"2023-08-23 23:00:00","42023207","30690987","11332220","26113.304149085336"
"2023-08-24 00:00:00","36549743","31711210","4838533","26384.426689441076"
"2023-08-24 01:00:00","25831132","27542060","-1710928","26542.022617143874"
"2023-08-24 02:00:00","29567629","32820456","-3252827","26463.849733299376"
"2023-08-24 03:00:00","32065438","30181981","1883457","26635.315331523154"
"2023-08-24 04:00:00","32080703","22297628","9783075","26594.699348882947"
"2023-08-24 05:00:00","32032453","26776537","5255916","26291.481372713934"
"2023-08-24 06:00:00","28116147","22304430","5811717","26447.208578216458"
"2023-08-24 07:00:00","30697927","26538456","4159471","26434.869507590232"
"2023-08-24 08:00:00","32263322","25579323","6683999","26487.551820476227"
"2023-08-24 09:00:00","30380814","27031359","3349455","26359.804068934027"
"2023-08-24 10:00:00","33885918","26903481","6982437","26371.622796906526"
"2023-08-24 11:00:00","32925895","26626600","6299295","26440.85548984531"
"2023-08-24 12:00:00","32664999","28626285","4038714","26456.659582423483"
"2023-08-24 13:00:00","33351045","27574871","5776174","26419.278015717344"
"2023-08-24 14:00:00","32474535","28792216","3682319","26464.436042259742"
"2023-08-24 15:00:00","31269929","26352467","4917462","26473.5225796313"
"2023-08-24 16:00:00","31823861","28785127","3038734","26455.063821838212"
"2023-08-24 17:00:00","35481737","29238941","6242796","26443.878954665754"
"2023-08-24 18:00:00","34696707","29723126","4973581","26459.82636696646"
"2023-08-24 19:00:00","35114494","28753411","6361083","26457.227832049735"
"2023-08-24 20:00:00","35653903","28376794","7277109","26403.571051852054"
"2023-08-24 21:00:00","32526487","28142645","4383842","26328.90415934228"
"2023-08-24 22:00:00","33449646","25416146","8033500","26113.02557681894"
"2023-08-24 23:00:00","34562558","24441104","10121454","25997.27103327773"
"2023-08-25 00:00:00","38943981","26727462","12216519","26096.52712415633"
"2023-08-25 01:00:00","34358277","27819365","6538912","26022.698041242267"
"2023-08-25 02:00:00","34422386","29002102","5420284","26015.162317241095"
"2023-08-25 03:00:00","34758508","29579071","5179437","26015.05818204678"
"2023-08-25 04:00:00","33929017","22897656","11031361","26004.26587655884"
"2023-08-25 05:00:00","32289404","24472568","7816836","26077.343844797393"
"2023-08-25 06:00:00","29022301","25785223","3237078","26110.917165525116"
"2023-08-25 07:00:00","28680363","26870785","1809578","26166.381332351644"
"2023-08-25 08:00:00","28626831","24398088","4228743","26129.764967495277"
"2023-08-25 09:00:00","30150698","26038920","4111778","26133.24343257234"
"2023-08-25 10:00:00","31842121","25616560","6225561","26120.58945805904"
"2023-08-25 11:00:00","29913653","26535918","3377735","26094.4021473567"
"2023-08-25 12:00:00","31453646","26329261","5124385","26013.70177974855"
"2023-08-25 13:00:00","32007617","25399824","6607793","26042.429503184685"
"2023-08-25 14:00:00","32215019","26301124","5913895","26016.025559257636"
"2023-08-25 15:00:00","33156316","26982490","6173826","25968.068469682832"
"2023-08-25 16:00:00","32362925","23812525","8550400","26068.170591115308"
"2023-08-25 17:00:00","28558935","27442440","1116495","26067.36703296871"
"2023-08-25 18:00:00","31889633","28425766","3463867","26074.04910027044"
"2023-08-25 19:00:00","29295271","27028019","2267252","26089.042712219427"
"2023-08-25 20:00:00","35266454","30037876","5228578","26081.514297381233"
"2023-08-25 21:00:00","35633518","28284222","7349296","26057.655783694845"
"2023-08-25 22:00:00","31636155","24580875","7055280","25857.69870221877"
"2023-08-25 23:00:00","35501384","24072544","11428840","25896.719416903863"
"2023-08-26 00:00:00","33192161","27572643","5619518","25909.141697090672"
"2023-08-26 01:00:00","34183903","28335942","5847961","25872.534734409677"
"2023-08-26 02:00:00","35541263","27764437","7776826","26029.02391537613"
"2023-08-26 03:00:00","29059502","33670238","-4610736","25965.712193143554"
"2023-08-26 04:00:00","29997464","33647232","-3649768","26052.963984865608"
"2023-08-26 05:00:00","29070897","32456494","-3385597","26068.273420721052"
"2023-08-26 06:00:00","29013542","32228273","-3214731","26037.65853146471"
"2023-08-26 07:00:00","30123506","29954235","169271","26047.25312403588"
"2023-08-26 08:00:00","28896586","30467480","-1570894","26032.728275324578"
"2023-08-26 09:00:00","30979023","30305536","673487","26039.012759376412"
"2023-08-26 10:00:00","31824584","30401055","1423529","26067.720399039692"
"2023-08-26 11:00:00","29597502","30548450","-950948","26073.5729153038"
"2023-08-26 12:00:00","29268458","29833977","-565519","26058.854576875347"
"2023-08-26 13:00:00","28669247","29953366","-1284119","26051.18193094933"
"2023-08-26 14:00:00","30978313","31250944","-272631","26067.683860389967"
"2023-08-26 15:00:00","32111261","31755044","356217","26038.841293713613"
"2023-08-26 16:00:00","31822616","30599289","1223327","26024.62635918021"
"2023-08-26 17:00:00","33533503","30745581","2787922","26004.106059321803"
"2023-08-26 18:00:00","34175302","29985928","4189374","26019.95226131739"
"2023-08-26 19:00:00","35745811","29695185","6050626","26034.646221113446"
"2023-08-26 20:00:00","34704266","31611632","3092634","26015.751240186673"
"2023-08-26 21:00:00","32826377","27391247","5435130","26028.042197357012"
"2023-08-26 22:00:00","33024987","29528721","3496266","26056.94926399775"
"2023-08-26 23:00:00","31412238","29879372","1532866","26046.07176780791"
"2023-08-27 00:00:00","32370255","29342383","3027872","26036.21581950151"
"2023-08-27 01:00:00","33124496","29305083","3819413","26028.86619279218"
"2023-08-27 02:00:00","35558443","29136266","6422177","26014.621635563362"
"2023-08-27 03:00:00","35272036","28870237","6401799","26030.676788983164"
"2023-08-27 04:00:00","34609475","28535255","6074220","26027.630661917327"
"2023-08-27 05:00:00","34183881","28898709","5285172","26038.316997736467"
"2023-08-27 06:00:00","32156353","26880123","5276230","26024.52220388494"
"2023-08-27 07:00:00","34974056","28062849","6911207","26011.37020072838"
"2023-08-27 08:00:00","35310976","27339287","7971689","25993.894199161812"
"2023-08-27 09:00:00","34654914","28081158","6573756","25990.60176183168"
"2023-08-27 10:00:00","35825724","26309739","9515985","25995.14266409647"
"2023-08-27 11:00:00","35252244","26912661","8339583","26012.911648570094"
"2023-08-27 12:00:00","34859386","27331654","7527732","26030.447740127875"
"2023-08-27 13:00:00","34112705","27276221","6836484","26027.67639434962"
"2023-08-27 14:00:00","34276841","28973189","5303652","26039.098969264516"
"2023-08-27 15:00:00","32964669","28793842","4170827","26036.741065340182"
"2023-08-27 16:00:00","35681372","28514421","7166951","26056.9820128983"
"2023-08-27 17:00:00","35146769","28812372","6334397","26069.196697152012"
"2023-08-27 18:00:00","32666832","26387342","6279490","26081.187590876816"
"2023-08-27 19:00:00","29128787","27036357","2092430","26057.686097681937"
"2023-08-27 20:00:00","32367227","31815029","552198","26069.63607162175"
"2023-08-27 21:00:00","34091045","30846640","3244405","26074.727023844956"
"2023-08-27 22:00:00","35671093","30418913","5252180","26139.11562215928"
"2023-08-27 23:00:00","33373673","31552881","1820792","26108.317368650754"
"2023-08-28 00:00:00","35146244","30392691","4753553","26157.104775789187"
"2023-08-28 01:00:00","34319793","32470704","1849089","26058.937290338963"
"2023-08-28 02:00:00","36100069","27367639","8732430","26103.24155352262"
"2023-08-28 03:00:00","32698460","29827111","2871349","26123.17435778886"
"2023-08-28 04:00:00","35417579","28563119","6854460","26089.25642161353"
"2023-08-28 05:00:00","36112325","27471616","8640709","26064.391008970117"
"2023-08-28 06:00:00","34231553","24435675","9795878","26077.335979963907"
"2023-08-28 07:00:00","36494768","28086285","8408483","26087.84045822893"
"2023-08-28 08:00:00","35513264","28648140","6865124","26014.921307665045"
"2023-08-28 09:00:00","34382204","25885063","8497141","25996.08829641569"
"2023-08-28 10:00:00","33999437","27407807","6591630","26004.94948406663"
"2023-08-28 11:00:00","35848041","25233351","10614690","26001.04926518073"
"2023-08-28 12:00:00","34969306","25556623","9412683","26015.70502081114"
"2023-08-28 13:00:00","34607955","26241676","8366279","25954.852462575782"
"2023-08-28 14:00:00","33536539","27675741","5860798","25933.41287379645"
"2023-08-28 15:00:00","34713252","27019397","7693855","25921.17509896253"
"2023-08-28 16:00:00","35361106","27311235","8049871","25929.49473783532"
"2023-08-28 17:00:00","36539046","28534349","8004697","25911.68851437426"
"2023-08-28 18:00:00","39558132","27444879","12113253","25935.15925707994"
"2023-08-28 19:00:00","38506976","28979885","9527091","25980.54798336995"
"2023-08-28 20:00:00","36855210","28433034","8422176","26112.889060415673"
"2023-08-28 21:00:00","35758757","28292325","7466432","26087.949777158487"
"2023-08-28 22:00:00","36486251","28791234","7695017","26113.187647832012"
"2023-08-28 23:00:00","32594913","27184135","5410778","26069.68053914663"
"2023-08-29 00:00:00","35076266","29190048","5886218","26129.41475363937"
"2023-08-29 01:00:00","33647126","32496363","1150763","26116.49158827233"
"2023-08-29 02:00:00","36119235","30545169","5574066","26120.410673521135"
"2023-08-29 03:00:00","35445770","30908383","4537387","25973.625299603056"
"2023-08-29 04:00:00","37419249","25398820","12020429","25972.91669748116"
"2023-08-29 05:00:00","40770082","25731745","15038337","25969.901152125345"
"2023-08-29 06:00:00","36647884","25885755","10762129","26041.30485260245"
"2023-08-29 07:00:00","44086671","30961027","13125644","26098.206565139084"
"2023-08-29 08:00:00","41530668","30194310","11336358","26120.03463753902"
"2023-08-29 09:00:00","40738338","31807497","8930841","26077.81058011766"
"2023-08-29 10:00:00","43378985","29150598","14228387","26073.855809945002"
"2023-08-29 11:00:00","44249888","30320347","13929541","26062.324689073426"
"2023-08-29 12:00:00","45392683","30390439","15002244","26038.513557638864"
"2023-08-29 13:00:00","48370084","30488351","17881733","26043.65693238143"
"2023-08-29 14:00:00","49677564","29915560","19762004","25986.03319684134"
"2023-08-29 15:00:00","51854268","28965069","22889199","25980.339567095023"
"2023-08-29 16:00:00","54166034","28187133","25978901","25950.42676652371"
"2023-08-29 17:00:00","47973104","28327515","19645589","25965.184183091238"
"2023-08-29 18:00:00","47142636","27086213","20056423","25961.51639798266"
"2023-08-29 19:00:00","44554350","29456756","15097594","25954.370680607877"
"2023-08-29 20:00:00","45986593","27801144","18185449","26029.051118091767"
"2023-08-29 21:00:00","44568667","31292452","13276215","26023.836187474873"
"2023-08-29 22:00:00","29754584","31035380","-1280796","27412.46805616893"
"2023-08-29 23:00:00","28052345","25561376","2490969","27369.734102288483"
"2023-08-30 00:00:00","28694588","27251543","1443045","27944.712060248115"
"2023-08-30 01:00:00","27559498","29826636","-2267138","27890.0580200122"
"2023-08-30 02:00:00","28898661","28284769","613892","27968.751149661675"
"2023-08-30 03:00:00","29742462","34747180","-5004718","27836.56785224832"
"2023-08-30 04:00:00","29637143","33378744","-3741601","27589.764238602947"
"2023-08-30 05:00:00","28659035","25040982","3618053","27644.01385482333"
"2023-08-30 06:00:00","30287202","25229101","5058101","27627.509244702236"
"2023-08-30 07:00:00","30869086","27821753","3047333","27727.70605939906"
"2023-08-30 08:00:00","27636180","30573679","-2937499","27631.380121673326"
"2023-08-30 09:00:00","32230835","26550840","5679995","27551.03824038785"
"2023-08-30 10:00:00","33086018","28409392","4676626","27395.908005381367"
"2023-08-30 11:00:00","36006735","30874774","5131961","27412.44695679701"
"2023-08-30 12:00:00","32993353","32096576","896777","27434.828454785616"
"2023-08-30 13:00:00","34097910","31138552","2959358","27464.567389899108"
"2023-08-30 14:00:00","31104894","31717849","-612955","27381.627537757046"
"2023-08-30 15:00:00","32162268","34346660","-2184392","27441.897466341718"
"2023-08-30 16:00:00","34250425","33464115","786310","27462.51156444036"
"2023-08-30 17:00:00","38295553","35173645","3121908","27393.969766907907"
"2023-08-30 18:00:00","37053141","33574780","3478361","27434.0703875964"
"2023-08-30 19:00:00","32237016","30935908","1301108","27347.74256259082"
"2023-08-30 20:00:00","37850494","32195154","5655340","27321.596125653632"
"2023-08-30 21:00:00","32803911","33362983","-559072","27368.785913863187"
"2023-08-30 22:00:00","29979110","28205782","1773328","27156.924740542538"
"2023-08-30 23:00:00","35138875","30102225","5036650","27208.257797519444"
"2023-08-31 00:00:00","36791288","30509591","6281697","27162.87001348099"
"2023-08-31 01:00:00","37997260","30356597","7640663","27172.490979688937"
"2023-08-31 02:00:00","41926734","30204266","11722468","27268.954541725467"
"2023-08-31 03:00:00","40786792","36937056","3849736","27206.488421186972"
"2023-08-31 04:00:00","37866664","34521373","3345291","27248.91490583761"
"2023-08-31 05:00:00","33700229","32993486","706743","27255.767666489715"
"2023-08-31 06:00:00","34150411","37209179","-3058768","27238.811284664964"
"2023-08-31 07:00:00","37409705","35345520","2064185","27286.426786327982"
"2023-08-31 08:00:00","36641127","38734631","-2093504","27201.44633221484"
"2023-08-31 09:00:00","38511137","33413696","5097441","27184.012062805028"
"2023-08-31 10:00:00","37951560","33593578","4357982","27195.790381596384"
"2023-08-31 11:00:00","39677913","31835833","7842080","27185.20464048431"
"2023-08-31 12:00:00","39158751","34831471","4327280","27243.243747334753"
"2023-08-31 13:00:00","39512514","36151314","3361200","27243.48142165638"
"2023-08-31 14:00:00","40400503","36656464","3744039","27250.875202239837"
"2023-08-31 15:00:00","38588689","40105449","-1516760","27260.07224451216"
"2023-08-31 16:00:00","39049296","39843968","-794672","27225.899119411253"
"2023-08-31 17:00:00","39034854","34934820","4100034","27196.584052939466"
"2023-08-31 18:00:00","40649295","34687986","5961309","27199.95995381229"
"2023-08-31 19:00:00","39878022","34782082","5095940","27302.112208868955"
"2023-08-31 20:00:00","32365877","27787199","4578678","27183.62168873634"
"2023-08-31 21:00:00","37835684","30410545","7425139","27166.582188135555"
"2023-08-31 22:00:00","37276856","24588919","12687937","27172.206881261136"
"2023-08-31 23:00:00","38826486","30043767","8782719","26924.45504509352"
"2023-09-01 00:00:00","33831411","29642701","4188710","26298.725360976383"
"2023-09-01 01:00:00","34134889","20699687","13435202","26295.317682708177"
"2023-09-01 02:00:00","33613912","29513140","4100772","26288.62010126995"
"2023-09-01 03:00:00","33797268","28465569","5331699","26155.45583504548"
"2023-09-01 04:00:00","27719195","24053984","3665211","25975.609563753744"
"2023-09-01 05:00:00","35228964","27449793","7779171","26000.995455097105"
"2023-09-01 06:00:00","28589098","28540007","49091","26037.519061469182"
"2023-09-01 07:00:00","32574317","32067806","506511","25926.749506814787"
"2023-09-01 08:00:00","30887814","29175394","1712420","26052.721221346514"
"2023-09-01 09:00:00","34075429","32500724","1574705","25970.038554797575"
"2023-09-01 10:00:00","32388676","28945824","3442852","26050.554884078225"
"2023-09-01 11:00:00","37418562","31883742","5534820","26069.165866439755"
"2023-09-01 12:00:00","37643578","32847628","4795950","26025.75142422429"
"2023-09-01 13:00:00","37766250","33308642","4457608","26014.49723171887"
"2023-09-01 14:00:00","40191288","33295320","6895968","25981.256343042303"
"2023-09-01 15:00:00","33010146","28564488","4445658","25970.827814572604"
"2023-09-01 16:00:00","31174583","25795606","5378977","25973.2759734429"
"2023-09-01 17:00:00","35370427","31926132","3444295","26010.834682265973"
"2023-09-01 18:00:00","35021639","35251854","-230215","26002.689788157855"
"2023-09-01 19:00:00","36363226","36238667","124559","26065.935008166278"
"2023-09-01 20:00:00","35906141","38235546","-2329405","26014.130954471173"
"2023-09-01 21:00:00","32153612","35230769","-3077157","25998.098421247425"
"2023-09-01 22:00:00","21372623","22583179","-1210556","25751.001870306867"
"2023-09-01 23:00:00","42772176","26789547","15982629","25822.77541018719"
"2023-09-02 00:00:00","35466765","33223660","2243105","25790.670923516245"
"2023-09-02 01:00:00","31894105","33087398","-1193293","25451.828639699394"
"2023-09-02 02:00:00","36229134","26566777","9662357","25657.07846582789"
"2023-09-02 03:00:00","28368842","25821713","2547129","25626.642464071094"
"2023-09-02 04:00:00","29935507","30353926","-418419","25763.62074477877"
"2023-09-02 05:00:00","29358117","28941872","416245","25807.868344690658"
"2023-09-02 06:00:00","29481927","28619625","862302","25773.396399873134"
"2023-09-02 07:00:00","32527077","27894626","4632451","25803.80793679211"
"2023-09-02 08:00:00","30431214","29839351","591863","25792.281817419273"
"2023-09-02 09:00:00","32422769","29524334","2898435","25779.136763483002"
"2023-09-02 10:00:00","32468426","28581193","3887233","25762.586178799003"
"2023-09-02 11:00:00","32071706","30496385","1575321","25800.642999932355"
"2023-09-02 12:00:00","31608126","30782590","825536","25774.2509588154"
"2023-09-02 13:00:00","31376844","30959930","416914","25822.03652112792"
"2023-09-02 14:00:00","31485746","31361686","124060","25805.11765183142"
"2023-09-02 15:00:00","31610779","31634452","-23673","25802.951111144685"
"2023-09-02 16:00:00","31846210","32424933","-578723","25789.879487224505"
"2023-09-02 17:00:00","33916665","31537780","2378885","25820.08723940045"
"2023-09-02 18:00:00","34444807","33089592","1355215","25841.754390648308"
"2023-09-02 19:00:00","35155438","33984201","1171237","25823.530095610207"
"2023-09-02 20:00:00","35043885","32990632","2053253","25812.222079385727"
"2023-09-02 21:00:00","35207093","34076676","1130417","25832.137913288963"
"2023-09-02 22:00:00","34995740","34053882","941858","25878.787949051537"
"2023-09-02 23:00:00","37422106","33962885","3459221","25905.038916139903"
"2023-09-03 00:00:00","37372572","32402910","4969662","25870.666189996628"
"2023-09-03 01:00:00","37259166","32793993","4465173","25833.047202624013"
"2023-09-03 02:00:00","37277647","29186132","8091515","25817.331801895583"
"2023-09-03 03:00:00","34759439","31215865","3543574","25842.555174222613"
"2023-09-03 04:00:00","35171966","33113769","2058197","25856.723699073824"
"2023-09-03 05:00:00","34693705","34395740","297965","25871.819248631826"
"2023-09-03 06:00:00","32403212","31058445","1344767","25871.94482365053"
"2023-09-03 07:00:00","35475603","34465949","1009654","25879.198805982036"
"2023-09-03 08:00:00","33148900","32034970","1113930","25881.56623554388"
"2023-09-03 09:00:00","34889284","33851771","1037513","25876.305179815125"
"2023-09-03 10:00:00","36297616","33310149","2987467","25867.895981979644"
"2023-09-03 11:00:00","36476587","34580058","1896529","25873.98703867171"
"2023-09-03 12:00:00","35217376","34078299","1139077","25886.16533298312"
"2023-09-03 13:00:00","35314646","33815269","1499377","25908.5415383262"
"2023-09-03 14:00:00","35201423","35051875","149548","25922.874054427026"
"2023-09-03 15:00:00","34662212","36282465","-1620253","25961.431960924776"
"2023-09-03 16:00:00","34462376","36008895","-1546519","25898.32910537759"
"2023-09-03 17:00:00","36214120","36072771","141349","25920.622612921186"
"2023-09-03 18:00:00","35572673","35435276","137397","25949.793554048865"
"2023-09-03 19:00:00","35556842","36317279","-760437","25954.82532276825"
"2023-09-03 20:00:00","35449600","35717517","-267917","25914.809073027955"
"2023-09-03 21:00:00","31638422","27119788","4518634","25912.73956793774"
"2023-09-03 22:00:00","32427623","28786041","3641582","25937.864377183745"
"2023-09-03 23:00:00","35163020","33157398","2005622","25885.757475666458"
"2023-09-04 00:00:00","35542784","33500169","2042615","25863.652743874634"
"2023-09-04 01:00:00","36764454","30664413","6100041","25901.683111873528"
"2023-09-04 02:00:00","35791253","31622695","4168558","25944.957236905535"
"2023-09-04 03:00:00","32814993","34571576","-1756583","26023.6295973338"
"2023-09-04 04:00:00","32863502","34123566","-1260064","26065.437874202093"
"2023-09-04 05:00:00","28190511","31604132","-3413621","25966.4923310349"
"2023-09-04 06:00:00","32336599","29930359","2406240","25958.98066996357"
"2023-09-04 07:00:00","34044720","32153153","1891567","25978.481279726722"
"2023-09-04 08:00:00","32416883","30043207","2373676","25913.017479755654"
"2023-09-04 09:00:00","34655358","29891069","4764289","25906.70005836527"
"2023-09-04 10:00:00","31634105","30248448","1385657","25980.333902242004"
"2023-09-04 11:00:00","32672581","32465598","206983","25982.571065316017"
"2023-09-04 12:00:00","32891336","32092712","798624","25973.101253807297"
"2023-09-04 13:00:00","31948387","33766848","-1818461","25928.03152799259"
"2023-09-04 14:00:00","33614694","28588452","5026242","25949.818616627428"
"2023-09-04 15:00:00","35691133","32227132","3464001","25943.361042555316"
"2023-09-04 16:00:00","33830080","31970404","1859676","25970.894392892602"
"2023-09-04 17:00:00","33503492","34523699","-1020207","25939.38600380738"
"2023-09-04 18:00:00","36127028","33629469","2497559","25890.077659639883"
"2023-09-04 19:00:00","32283829","30770889","1512940","25871.265878223967"
"2023-09-04 20:00:00","36587293","33190793","3396500","25842.086823222922"
"2023-09-04 21:00:00","34606516","35534821","-928305","25862.51686746522"
"2023-09-04 22:00:00","35761818","39413530","-3651712","25845.463572546283"
"2023-09-04 23:00:00","39247376","37536071","1711305","25792.900852236085"
"2023-09-05 00:00:00","35687705","33139395","2548310","25852.05069554881"
"2023-09-05 01:00:00","35203863","36777773","-1573910","25891.2294512894"
"2023-09-05 02:00:00","33718279","39292289","-5574010","25900.326157475323"
"2023-09-05 03:00:00","33432254","41005571","-7573317","25877.749643405026"
"2023-09-05 04:00:00","33584579","40883689","-7299110","25822.4419295425"
"2023-09-05 05:00:00","36096621","36214964","-118343","25654.842068865062"
"2023-09-05 06:00:00","34054762","25926527","8128235","25765.255154335355"
"2023-09-05 07:00:00","33719950","34385184","-665234","25807.65047502014"
"2023-09-05 08:00:00","32090376","33284645","-1194269","25749.973662514512"
"2023-09-05 09:00:00","34138241","32237035","1901206","25736.500829894827"
"2023-09-05 10:00:00","36464113","34779496","1684617","25660.304334196157"
"2023-09-05 11:00:00","37963799","28712143","9251656","25674.494836152084"
"2023-09-05 12:00:00","36392839","29571947","6820892","25677.156664646143"
"2023-09-05 13:00:00","35841177","30852618","4988559","25719.880991088507"
"2023-09-05 14:00:00","35342666","32127732","3214934","25699.60138508117"
"2023-09-05 15:00:00","36979637","30238869","6740768","25719.044850945458"
"2023-09-05 16:00:00","37409497","30982567","6426930","25686.272172930483"
"2023-09-05 17:00:00","38466556","31090744","7375812","25726.083162745774"
"2023-09-05 18:00:00","35585449","35688439","-102990","25729.07012095944"
"2023-09-05 19:00:00","36078738","35695445","383293","25755.692643626026"
"2023-09-05 20:00:00","33469633","36094305","-2624672","25804.770752120094"
"2023-09-05 21:00:00","32258507","38199877","-5941370","25736.781736701898"
"2023-09-05 22:00:00","36153495","28802695","7350800","25712.638106824783"
"2023-09-05 23:00:00","36773400","32294259","4479141","25721.256119405705"
"2023-09-06 00:00:00","36074458","32069574","4004884","25744.61446406581"
"2023-09-06 01:00:00","36514906","31405885","5109021","25738.63429849782"
"2023-09-06 02:00:00","32666080","28322375","4343705","25732.936214621677"
"2023-09-06 03:00:00","38801175","31834051","6967124","25685.30283165589"
"2023-09-06 04:00:00","42094564","31298115","10796449","25701.64584912043"
"2023-09-06 05:00:00","40288542","33034436","7254106","25723.095554746353"
"2023-09-06 06:00:00","36665806","30818581","5847225","25756.443061048543"
"2023-09-06 07:00:00","37989967","36785591","1204376","25782.026735966254"
"2023-09-06 08:00:00","37408276","36231411","1176865","25791.920486957588"
"2023-09-06 09:00:00","36639253","36323618","315635","25773.37544861779"
"2023-09-06 10:00:00","37462289","37364716","97573","25826.81192939268"
"2023-09-06 11:00:00","34209837","38518168","-4308331","25766.12949803335"
"2023-09-06 12:00:00","37485538","36568896","916642","25740.194009253635"
"2023-09-06 13:00:00","40409746","36653224","3756522","25721.607621614057"
"2023-09-06 14:00:00","42518378","34309481","8208897","25756.44067681109"
"2023-09-06 15:00:00","47302086","38513615","8788471","25716.916749076758"
"2023-09-06 16:00:00","42640802","33989543","8651259","25728.48277649117"
"2023-09-06 17:00:00","49647880","38102216","11545664","25737.73819600145"
"2023-09-06 18:00:00","47968034","34660283","13307751","25707.589041478972"
"2023-09-06 19:00:00","44859351","28232720","16626631","25710.19033103843"
"2023-09-06 20:00:00","49242091","32855659","16386432","25721.908054062544"
"2023-09-06 21:00:00","41961206","34801557","7159649","25725.224130740593"
"2023-09-06 22:00:00","33772623","23746522","10026101","25628.531857896793"
"2023-09-06 23:00:00","42136785","33967027","8169758","25576.121919533267"
"2023-09-07 00:00:00","45077315","32823429","12253886","25557.01672595443"
"2023-09-07 01:00:00","44747204","33652663","11094541","25878.813554251316"
"2023-09-07 02:00:00","25501373","28609834","-3108461","25637.872179939604"
"2023-09-07 03:00:00","37331189","24771125","12560064","25662.068580435014"
"2023-09-07 04:00:00","37724798","30057891","7666907","25664.44097684839"
"2023-09-07 05:00:00","37470736","28967763","8502973","25716.482381732847"
"2023-09-07 06:00:00","31255288","27913376","3341912","25726.52293806462"
"2023-09-07 07:00:00","35036479","34139036","897443","25751.24454856505"
"2023-09-07 08:00:00","32712204","32929506","-217302","25747.203915334536"
"2023-09-07 09:00:00","35727234","34123542","1603692","25730.493067001313"
"2023-09-07 10:00:00","35779298","34322346","1456952","25740.330068120187"
"2023-09-07 11:00:00","36030773","35763656","267117","25822.35128440372"
"2023-09-07 12:00:00","34806550","37476278","-2669728","25817.98851447178"
"2023-09-07 13:00:00","35120948","37308659","-2187711","25792.68961704266"
"2023-09-07 14:00:00","36372975","35952595","420380","25761.521311238917"
"2023-09-07 15:00:00","35878442","36872598","-994156","25769.668780325585"
"2023-09-07 16:00:00","30620000","31641570","-1021570","25731.18680622803"
"2023-09-07 17:00:00","35245117","34187598","1057519","25719.832644998853"
"2023-09-07 18:00:00","38376632","36515670","1860962","25737.86713205849"
"2023-09-07 19:00:00","40203111","38078762","2124349","25694.351373717058"
"2023-09-07 20:00:00","39981992","35226152","4755840","25661.681482318683"
"2023-09-07 21:00:00","39886354","42093605","-2207251","25622.458129290677"
"2023-09-07 22:00:00","42130460","34884440","7246020","25729.79657117701"
"2023-09-07 23:00:00","33649635","32183664","1465971","25768.36208405974"
"2023-09-08 00:00:00","40679298","36124949","4554349","25815.1160766686"
"2023-09-08 01:00:00","34939646","34363447","576199","25933.527706218985"
"2023-09-08 02:00:00","35605235","41672240","-6067005","25891.892394104223"
"2023-09-08 03:00:00","32001779","37729262","-5727483","25882.82373653601"
"2023-09-08 04:00:00","36772962","36414200","358762","26009.078158666347"
"2023-09-08 05:00:00","22324861","27591537","-5266676","26169.27659673596"
"2023-09-08 06:00:00","31358305","22579969","8778336","26331.71873577353"
"2023-09-08 07:00:00","33665529","29626552","4038977","26236.09800616244"
"2023-09-08 08:00:00","35219201","29105226","6113975","26376.18469438796"
"2023-09-08 09:00:00","34280179","33196640","1083539","26251.13176979031"
"2023-09-08 10:00:00","37623886","35144054","2479832","26240.77765187434"
"2023-09-08 11:00:00","40676406","30948388","9728018","26255.26874813734"
"2023-09-08 12:00:00","35153256","33887258","1265998","26334.665680058406"
"2023-09-08 13:00:00","32575838","39200279","-6624441","26232.71880165251"
"2023-09-08 14:00:00","35011173","34117860","893313","26221.57812886943"
"2023-09-08 15:00:00","36150331","33773223","2377108","26251.482660652357"
"2023-09-08 16:00:00","33799204","36526801","-2727597","26199.62090036626"
"2023-09-08 17:00:00","34482077","34114464","367613","26053.362414633244"
"2023-09-08 18:00:00","31563876","26819103","4744773","25818.010761132417"
"2023-09-08 19:00:00","38224111","31514774","6709337","25834.570989322572"
"2023-09-08 20:00:00","39609622","31275918","8333704","25842.92495623402"
"2023-09-08 21:00:00","39024394","32420960","6603434","25868.18953292357"
"2023-09-08 22:00:00","31229108","25949091","5280017","25870.662475206675"
"2023-09-08 23:00:00","38328246","33174191","5154055","25849.38488852654"
"2023-09-09 00:00:00","40658411","34033207","6625204","25776.5460285058"
"2023-09-09 01:00:00","40572726","35730446","4842280","25827.534763881762"
"2023-09-09 02:00:00","41092140","33333825","7758315","25807.199607150313"
"2023-09-09 03:00:00","42008291","35920605","6087686","25877.926470012062"
"2023-09-09 04:00:00","36427554","35425537","1002017","25895.968710192974"
"2023-09-09 05:00:00","35132173","34409305","722868","25896.837671437424"
"2023-09-09 06:00:00","34112688","33684254","428434","25911.537782390606"
"2023-09-09 07:00:00","35861283","33541471","2319812","25912.42218338945"
"2023-09-09 08:00:00","35063152","33335323","1727829","25867.357331099345"
"2023-09-09 09:00:00","34096172","29680487","4415685","25867.88596353642"
"2023-09-09 10:00:00","34767750","30456804","4310946","25883.047270689534"
"2023-09-09 11:00:00","32639735","27390480","5249255","25875.195677706157"
"2023-09-09 12:00:00","35596844","30936537","4660307","25869.946737130584"
"2023-09-09 13:00:00","46980914","31177505","15803409","25843.922872072548"
"2023-09-09 14:00:00","40108995","29841231","10267764","25879.771327202674"
"2023-09-09 15:00:00","37283267","31263330","6019937","25887.478350045883"
"2023-09-09 16:00:00","36266267","31474676","4791591","25878.14452633202"
"2023-09-09 17:00:00","37631311","30990737","6640574","25886.239676135097"
"2023-09-09 18:00:00","36777387","33625839","3151548","25861.876287230803"
"2023-09-09 19:00:00","38145653","31009507","7136146","25867.85135580733"
"2023-09-09 20:00:00","41481508","36213521","5267987","25858.313829212577"
"2023-09-09 21:00:00","43557376","37399673","6157703","25831.84187943435"
"2023-09-09 22:00:00","44112805","35577875","8534930","25863.748703558642"
"2023-09-09 23:00:00","43565365","36157106","7408259","25898.395564218008"
"2023-09-10 00:00:00","39120375","35037776","4082599","25901.629183027915"
"2023-09-10 01:00:00","38120600","37332145","788455","25883.308413721374"
"2023-09-10 02:00:00","40327603","37117836","3209767","25866.46963744624"
"2023-09-10 03:00:00","41316241","37638303","3677938","25873.786386222095"
"2023-09-10 04:00:00","41931862","36505079","5426783","25871.157356840802"
"2023-09-10 05:00:00","42960401","36999476","5960925","25894.923863421664"
"2023-09-10 06:00:00","40411181","33764020","6647161","25914.363177723804"
"2023-09-10 07:00:00","39601962","36405688","3196274","25905.70910680737"
"2023-09-10 08:00:00","39363225","33304117","6059108","25873.478504677754"
"2023-09-10 09:00:00","41556866","33553120","8003746","25853.871114039124"
"2023-09-10 10:00:00","41576476","32990167","8586309","25857.687799343348"
"2023-09-10 11:00:00","39202977","27743225","11459752","25866.799373964746"
"2023-09-10 12:00:00","35845932","29679124","6166808","25834.373231521015"
"2023-09-10 13:00:00","41214691","34316069","6898622","25857.54066761692"
"2023-09-10 14:00:00","40090326","33117463","6972863","25860.41129009259"
"2023-09-10 15:00:00","41746342","34231396","7514946","25861.02932939734"
"2023-09-10 16:00:00","40057686","34009210","6048476","25866.714721355816"
"2023-09-10 17:00:00","36943245","33353498","3589747","25845.1050869859"
"2023-09-10 18:00:00","40659475","40924230","-264755","25819.256257153902"
"2023-09-10 19:00:00","44808703","35657143","9151560","25810.883293877792"
"2023-09-10 20:00:00","44524960","35922869","8602091","25811.534135157435"
"2023-09-10 21:00:00","44971691","36868899","8102792","25818.382047231695"
"2023-09-10 22:00:00","45984079","36124021","9860058","25786.863543109943"
"2023-09-10 23:00:00","45091542","36904978","8186564","25791.028418582828"
"2023-09-11 00:00:00","43100580","35940355","7160225","25793.60910225894"
"2023-09-11 01:00:00","40461081","36896362","3564719","25708.959541946166"
"2023-09-11 02:00:00","46355315","34670672","11684643","25741.66061735425"
"2023-09-11 03:00:00","45111274","37047049","8064225","25819.926317328493"
"2023-09-11 04:00:00","30794160","32912062","-2117902","25834.636319681136"
"2023-09-11 05:00:00","36449021","33230657","3218364","25889.027167021664"
"2023-09-11 06:00:00","28086835","32950612","-4863777","25855.471023085247"
"2023-09-11 07:00:00","34824963","29941856","4883107","25836.41539239926"
"2023-09-11 08:00:00","34451081","30543527","3907554","25709.34706235553"
"2023-09-11 09:00:00","42434743","28641051","13793692","25698.316009651026"
"2023-09-11 10:00:00","43667706","28219379","15448327","25724.394288670086"
"2023-09-11 11:00:00","43200168","29927294","13272874","25742.00628638324"
"2023-09-11 12:00:00","42104536","31881731","10222805","25768.419687179477"
"2023-09-11 13:00:00","41926861","34277139","7649722","25874.304823392886"
"2023-09-11 14:00:00","34219783","35258544","-1038761","25823.384289797978"
"2023-09-11 15:00:00","37899698","35457442","2442256","25811.850848969472"
"2023-09-11 16:00:00","38453004","35062082","3390922","25795.34075699336"
"2023-09-11 17:00:00","39103742","37466727","1637015","25731.786741100634"
"2023-09-11 18:00:00","43783767","35460985","8322782","25712.36563458628"
"2023-09-11 19:00:00","41949377","33548196","8401181","25607.678926789606"
"2023-09-11 20:00:00","49414307","33038599","16375708","25686.448788681795"
"2023-09-11 21:00:00","43020315","35239379","7780936","25604.129933558557"
"2023-09-11 22:00:00","48194084","34128806","14065278","25166.15889496136"
"2023-09-11 23:00:00","58276959","25714461","32562498","25116.819806102452"
"2023-09-12 00:00:00","40920543","25150800","15769743","25170.690509318763"
"2023-09-12 01:00:00","36952939","33197979","3754960","25202.44038358046"
"2023-09-12 02:00:00","32446853","26636168","5810685","25158.434129771995"
"2023-09-12 03:00:00","41875039","32311988","9563051","25008.736817323264"
"2023-09-12 04:00:00","51223412","27689377","23534035","25083.629682656603"
"2023-09-12 05:00:00","41688455","29893688","11794767","25130.41991966792"
"2023-09-12 06:00:00","31870101","26550804","5319297","25150.537596510207"
"2023-09-12 07:00:00","39447430","32344258","7103172","25168.835040228776"
"2023-09-12 08:00:00","37877917","32271443","5606474","25203.645042763183"
"2023-09-12 09:00:00","38807603","33073747","5733856","25153.513313074633"
"2023-09-12 10:00:00","43879285","33611779","10267506","25206.33067468634"
"2023-09-12 11:00:00","40383517","34128413","6255104","25738.014226089712"
"2023-09-12 12:00:00","32911855","35412066","-2500211","25745.7108771857"
"2023-09-12 13:00:00","33412160","34452527","-1040367","25763.164765232657"
"2023-09-12 14:00:00","31432047","33303421","-1871374","25764.10765081651"
"2023-09-12 15:00:00","35380675","35014698","365977","25833.25548047376"
"2023-09-12 16:00:00","33455117","35100781","-1645664","25751.04870965814"
"2023-09-12 17:00:00","35866380","34361008","1505372","25859.747855741596"
"2023-09-12 18:00:00","34401764","39794613","-5392849","26158.46887861466"
"2023-09-12 19:00:00","32918466","36993371","-4074905","26096.072691275043"
"2023-09-12 20:00:00","36334789","36386288","-51499","26126.47399098512"
"2023-09-12 21:00:00","36349959","35421083","928876","26288.463979425636"
"2023-09-12 22:00:00","34215078","39480838","-5265760","26117.848737763237"
"2023-09-12 23:00:00","36047302","35182876","864426","26189.760759282828"
"2023-09-13 00:00:00","35283618","37162362","-1878744","26083.86859047083"
"2023-09-13 01:00:00","37162385","32884046","4278339","25945.431368712325"
"2023-09-13 02:00:00","40655295","30276105","10379190","25963.711423179488"
"2023-09-13 03:00:00","38418217","31768675","6649542","26077.463494384112"
"2023-09-13 04:00:00","35384697","31485396","3899301","26058.071083663912"
"2023-09-13 05:00:00","34326742","33479804","846938","26099.953668715636"
"2023-09-13 06:00:00","30914601","33492241","-2577640","25977.415401054808"
"2023-09-13 07:00:00","38806409","32908610","5897799","25831.19737235797"
"2023-09-13 08:00:00","39706018","31395446","8310572","25914.8619405554"
"2023-09-13 09:00:00","37885557","31556777","6328780","25945.09441826681"
"2023-09-13 10:00:00","37202424","32886314","4316110","25918.342935130484"
"2023-09-13 11:00:00","39122975","32095458","7027517","25870.287430887347"
"2023-09-13 12:00:00","41108206","30575808","10532398","25922.834877696616"
"2023-09-13 13:00:00","39663643","31470081","8193562","25903.98723612106"
"2023-09-13 14:00:00","38323733","31548122","6775611","25962.054454464007"
"2023-09-13 15:00:00","36548817","34432057","2116760","25857.35378929704"
"2023-09-13 16:00:00","37275717","28388607","8887110","25950.010339203305"
"2023-09-13 17:00:00","37100495","31144265","5956230","26163.894733142508"
"2023-09-13 18:00:00","33092604","31543491","1549113","26144.82275094572"
"2023-09-13 19:00:00","29535137","29644828","-109691","26191.391295232785"
"2023-09-13 20:00:00","34962542","33579136","1383406","26196.897291866037"
"2023-09-13 21:00:00","32801967","33377370","-575403","26130.768159212905"
"2023-09-13 22:00:00","34071193","32803379","1267814","26198.569588982937"
"2023-09-13 23:00:00","33346320","30705356","2640964","26258.076478729196"
"2023-09-14 00:00:00","35431043","32859179","2571864","26285.07528648909"
"2023-09-14 01:00:00","34020454","36674121","-2653667","26093.82655994419"
"2023-09-14 02:00:00","36397803","24586091","11811712","26127.314243533718"
"2023-09-14 03:00:00","33650385","24363063","9287322","26158.038818124667"
"2023-09-14 04:00:00","40989955","30748543","10241412","26233.939709972088"
"2023-09-14 05:00:00","36733970","33091453","3642517","26236.82229391886"
"2023-09-14 06:00:00","38149943","28186535","9963408","26251.876663987914"
"2023-09-14 07:00:00","41230957","32761496","8469461","26230.60783316667"
"2023-09-14 08:00:00","41590698","28633202","12957496","26486.554829518594"
"2023-09-14 09:00:00","29361854","35132437","-5770583","26185.56363647771"
"2023-09-14 10:00:00","40259149","24957014","15302135","26276.78337693795"
"2023-09-14 11:00:00","37627741","31066794","6560947","26263.010525825757"
"2023-09-14 12:00:00","39062184","31160422","7901762","26211.64068499281"
"2023-09-14 13:00:00","41932100","32064690","9867410","26192.531727191894"
"2023-09-14 14:00:00","52152488","32366073","19786415","26282.518553094993"
"2023-09-14 15:00:00","47801901","32604279","15197622","26354.906242324654"
"2023-09-14 16:00:00","46045814","32518144","13527670","26303.426658987395"
"2023-09-14 17:00:00","40850520","30825562","10024958","26284.578324347778"
"2023-09-14 18:00:00","43810864","37458648","6352216","26304.514654244762"
"2023-09-14 19:00:00","42334926","35402535","6932391","26459.246716708916"
"2023-09-14 20:00:00","41182120","37804103","3378017","26501.492064220343"
"2023-09-14 21:00:00","38965457","37685725","1279732","26586.85456059074"
"2023-09-14 22:00:00","31098972","25020669","6078303","26736.634516791106"
"2023-09-14 23:00:00","34562354","41319785","-6757431","26690.24607536735"
"2023-09-15 00:00:00","38003401","35009097","2994304","26618.642198228157"
"2023-09-15 01:00:00","39210123","31862712","7347411","26665.55808544939"
"2023-09-15 02:00:00","38261251","33919852","4341399","26601.971096469955"
"2023-09-15 03:00:00","38107501","29799332","8308169","26676.955117928024"
"2023-09-15 04:00:00","39728800","32191164","7537636","26573.905852835072"
"2023-09-15 05:00:00","41205600","28593189","12612411","26520.96499978518"
"2023-09-15 06:00:00","31182776","26545775","4637001","26626.15230650993"
"2023-09-15 07:00:00","37744429","35143111","2601318","26541.125379536672"
"2023-09-15 08:00:00","35961574","31492098","4469476","26488.632091438703"
"2023-09-15 09:00:00","36944990","29775035","7169955","26506.00776358929"
"2023-09-15 10:00:00","38777626","30243262","8534364","26601.6677514702"
"2023-09-15 11:00:00","37717134","32034583","5682551","26607.72189221457"
"2023-09-15 12:00:00","37438739","31006249","6432490","26642.467974346124"
"2023-09-15 13:00:00","38990788","35413889","3576899","26588.38826854878"
"2023-09-15 14:00:00","38130454","32216562","5913892","26572.1164806612"
"2023-09-15 15:00:00","40272820","33801480","6471340","26559.99025612866"
"2023-09-15 16:00:00","36314593","32834779","3479814","26628.540689480138"
"2023-09-15 17:00:00","40161396","35964606","4196790","26618.024347718805"
"2023-09-15 18:00:00","35984223","33203312","2780911","26644.495900158363"
"2023-09-15 19:00:00","35428036","33286901","2141135","26469.223539931183"
"2023-09-15 20:00:00","36213295","28463723","7749572","26377.205227944858"
"2023-09-15 21:00:00","39420306","31730407","7689899","26383.50958860773"
"2023-09-15 22:00:00","28201403","22357499","5843904","26250.7693474885"
"2023-09-15 23:00:00","46658050","27669510","18988540","26312.42058772731"
"2023-09-16 00:00:00","37774353","33327953","4446400","26382.071768183963"
"2023-09-16 01:00:00","34935340","36287032","-1351692","26353.953462649"
"2023-09-16 02:00:00","38311826","34842481","3469345","26359.44841336961"
"2023-09-16 03:00:00","37327975","33459507","3868468","26410.953168392793"
"2023-09-16 04:00:00","33613136","33282212","330924","26406.134102525088"
"2023-09-16 05:00:00","32877551","33036042","-158491","26466.097238449955"
"2023-09-16 06:00:00","32018422","37195876","-5177454","26758.03450108195"
"2023-09-16 07:00:00","29211327","37294958","-8083631","26606.543141521037"
"2023-09-16 08:00:00","31230338","27485662","3744676","26642.36491986791"
"2023-09-16 09:00:00","29471661","24149793","5321868","26659.31051830948"
"2023-09-16 10:00:00","32825622","30983148","1842474","26681.86469210556"
"2023-09-16 11:00:00","32250397","29529864","2720533","26628.559449992466"
"2023-09-16 12:00:00","32071512","28233363","3838149","26579.159278903007"
"2023-09-16 13:00:00","30648934","23231130","7417804","26546.880499781786"
"2023-09-16 14:00:00","34422874","30169376","4253498","26480.47811965391"
"2023-09-16 15:00:00","35728363","30577901","5150462","26500.77835786912"
"2023-09-16 16:00:00","35824308","29309012","6515296","26513.881465407358"
"2023-09-16 17:00:00","36417301","29382547","7034754","26529.78068302976"
"2023-09-16 18:00:00","36231244","28341384","7889860","26543.44534029191"
"2023-09-16 19:00:00","35943954","30054483","5889471","26523.053701142195"
"2023-09-16 20:00:00","34645139","30348455","4296684","26555.653120533003"
"2023-09-16 21:00:00","34891020","31723995","3167025","26560.473900061854"
"2023-09-16 22:00:00","35151190","28382989","6768201","26508.867502333043"
"2023-09-16 23:00:00","36715238","30772473","5942765","26513.67227095258"
"2023-09-17 00:00:00","37924617","30312190","7612427","26532.311667526723"
"2023-09-17 01:00:00","38080717","33331920","4748797","26572.431746394945"
"2023-09-17 02:00:00","36150287","31426279","4724008","26589.65762745744"
"2023-09-17 03:00:00","37240201","31651035","5589166","26545.77667246544"
"2023-09-17 04:00:00","38720544","31407105","7313439","26538.51121219528"
"2023-09-17 05:00:00","37832828","30963203","6869625","26583.42264631816"
"2023-09-17 06:00:00","32750152","35130397","-2380245","26573.66310116198"
"2023-09-17 07:00:00","36423323","37023936","-600613","26571.02254016215"
"2023-09-17 08:00:00","36580033","36346363","233670","26476.362020281413"
"2023-09-17 09:00:00","39305059","33760667","5544392","26506.483677591823"
"2023-09-17 10:00:00","37561189","38046959","-485770","26508.34899921055"
"2023-09-17 11:00:00","38204472","38369805","-165333","26534.521838191056"
"2023-09-17 12:00:00","38194998","40657474","-2462476","26557.766424390535"
"2023-09-17 13:00:00","35424521","39151367","-3726846","26553.395305945665"
"2023-09-17 14:00:00","37334438","39243437","-1908999","26555.843480264415"
"2023-09-17 15:00:00","36077879","37092307","-1014428","26510.904410488358"
"2023-09-17 16:00:00","33928050","34170101","-242051","26557.226962824334"
"2023-09-17 17:00:00","43257078","37771119","5485959","26594.364028693388"
"2023-09-17 18:00:00","40171604","33651028","6520576","26616.33346906956"
"2023-09-17 19:00:00","41802587","34972350","6830237","26584.13852757353"
"2023-09-17 20:00:00","38083848","30614060","7469788","26584.55159849275"
"2023-09-17 21:00:00","41396489","34297382","7099107","26553.834925434385"
"2023-09-17 22:00:00","44991625","34498118","10493507","26552.183472386037"
"2023-09-17 23:00:00","45773226","31848491","13924735","26566.985335655303"
"2023-09-18 00:00:00","39662224","32715285","6946939","26531.52995499577"
"2023-09-18 01:00:00","39619962","30925699","8694263","26502.611005489794"
"2023-09-18 02:00:00","39982236","30765192","9217044","26511.58844259398"
"2023-09-18 03:00:00","40935709","31298632","9637077","26519.228467062083"
"2023-09-18 04:00:00","41184419","32626024","8558395","26455.447254544626"
"2023-09-18 05:00:00","36548659","24235676","12312983","26489.07026731187"
"2023-09-18 06:00:00","38813429","30841873","7971556","26477.592810869206"
"2023-09-18 07:00:00","41242720","32033695","9209025","26532.61722054686"
"2023-09-18 08:00:00","39874167","32495086","7379081","26472.804339282076"
"2023-09-18 09:00:00","41311215","34210350","7100865","26470.887274023047"
"2023-09-18 10:00:00","42919960","34239801","8680159","26671.190915082"
"2023-09-18 11:00:00","34408222","33544101","864121","26651.95759071889"
"2023-09-18 12:00:00","33710620","35368592","-1657972","26623.49595436632"
"2023-09-18 13:00:00","34196196","33461337","734859","26657.5253727367"
"2023-09-18 14:00:00","34406194","34835042","-428848","26664.321125506878"
"2023-09-18 15:00:00","34974449","32728460","2245989","26710.906150666266"
"2023-09-18 16:00:00","32254098","33874467","-1620369","26694.33345366124"
"2023-09-18 17:00:00","37576229","35698994","1877235","26879.11034526769"
"2023-09-18 18:00:00","38908044","39117790","-209746","27100.873715033205"
"2023-09-18 19:00:00","34899421","42500462","-7601041","27192.925774925334"
"2023-09-18 20:00:00","36524369","36855247","-330878","27403.157072767182"
"2023-09-18 21:00:00","28650138","33590291","-4940153","27247.82867447697"
"2023-09-18 22:00:00","36546159","44425057","-7878898","27268.13686591901"
"2023-09-18 23:00:00","32651746","43296101","-10644355","27250.318924403888"
"2023-09-19 00:00:00","35216664","41834725","-6618061","27263.961849377876"
"2023-09-19 01:00:00","36687751","46953801","-10266050","26775.04122506192"
"2023-09-19 02:00:00","34081870","29494435","4587435","26706.452515911184"
"2023-09-19 03:00:00","35331665","32249685","3081980","26831.415528993588"
"2023-09-19 04:00:00","30018212","27094005","2924207","26766.785324517834"
"2023-09-19 05:00:00","37915604","27114269","10801335","26823.135221726152"
"2023-09-19 06:00:00","31950436","27926040","4024396","26876.048580532733"
"2023-09-19 07:00:00","34574532","31563227","3011305","26747.863144586827"
"2023-09-19 08:00:00","38762443","28570550","10191893","26680.427480355167"
"2023-09-19 09:00:00","44555251","28337013","16218238","26706.218340289284"
"2023-09-19 10:00:00","44672508","28580566","16091942","26814.504201017884"
"2023-09-19 11:00:00","35700960","33384231","2316729","26816.68135817543"
"2023-09-19 12:00:00","36821117","32458540","4362577","26861.555049486313"
"2023-09-19 13:00:00","35335540","33709120","1626420","26799.14630709933"
"2023-09-19 14:00:00","37472404","33012067","4460337","26823.32017307922"
"2023-09-19 15:00:00","37366811","36053766","1313045","26843.458405943977"
"2023-09-19 16:00:00","38216237","31465815","6750422","27049.98000944662"
"2023-09-19 17:00:00","33658170","34038162","-379992","27285.544313137714"
"2023-09-19 18:00:00","30637312","38133013","-7495701","27165.654027932025"
"2023-09-19 19:00:00","31901106","30594627","1306479","27219.91450369295"
"2023-09-19 20:00:00","31735473","51347317","-19611844","27161.248950318237"
"2023-09-19 21:00:00","36946693","32806163","4140530","27010.87956504537"
"2023-09-19 22:00:00","43153264","31709615","11443649","27183.592560455447"
"2023-09-19 23:00:00","33527335","33462594","64741","27441.489021243073"
"2023-09-20 00:00:00","28144820","44656374","-16511554","27291.72736464974"
"2023-09-20 01:00:00","34992695","48819521","-13826826","27185.078211421478"
"2023-09-20 02:00:00","36954212","30260458","6693754","27140.593874511567"
"2023-09-20 03:00:00","37008502","31477514","5530988","27204.51378551412"
"2023-09-20 04:00:00","36764772","33727907","3036865","27186.851372727662"
"2023-09-20 05:00:00","36466487","32576964","3889523","27156.56954865001"
"2023-09-20 06:00:00","29434663","36547077","-7112414","27202.8823526325"
"2023-09-20 07:00:00","32236615","40074096","-7837481","27213.109022592318"
"2023-09-20 08:00:00","32754305","38699824","-5945519","27183.850368837804"
"2023-09-20 09:00:00","34842032","36573638","-1731606","27345.919966235484"
"2023-09-20 10:00:00","32233234","50297629","-18064395","27174.206967827715"
"2023-09-20 11:00:00","36232403","29353143","6879260","27124.89894174814"
"2023-09-20 12:00:00","37682279","28726895","8955384","27107.539715573083"
"2023-09-20 13:00:00","37559921","28699245","8860676","27025.051375776868"
"2023-09-20 14:00:00","40332070","25978641","14353429","27062.306397181877"
"2023-09-20 15:00:00","39861381","28364328","11497053","27102.32937895057"
"2023-09-20 16:00:00","36013344","30567714","5445630","27188.34871534899"
"2023-09-20 17:00:00","34711125","35497182","-786057","27029.295298882505"
"2023-09-20 18:00:00","32381723","25230159","7151564","27068.335990567073"
"2023-09-20 19:00:00","21263092","21859691","-596599","27096.10851923554"
"2023-09-20 20:00:00","37614797","33142023","4472774","27073.563168189266"
"2023-09-20 21:00:00","40353415","32544835","7808580","27147.923749281013"
"2023-09-20 22:00:00","39146316","34980201","4166115","27122.139842932167"
"2023-09-20 23:00:00","39766246","34217139","5549107","27191.998304720633"
"2023-09-21 00:00:00","37308061","38385414","-1077353","27149.5436280395"
"2023-09-21 01:00:00","36926880","35867560","1059320","27246.304672028346"
"2023-09-21 02:00:00","29120153","42784491","-13664338","27208.211528426786"
"2023-09-21 03:00:00","33823347","25875708","7947639","26971.92361621735"
"2023-09-21 04:00:00","26187176","21203501","4983675","27075.652816229624"
"2023-09-21 05:00:00","29906147","33473684","-3567537","27115.355123289988"
"2023-09-21 06:00:00","30940413","32647131","-1706718","27106.783307039066"
"2023-09-21 07:00:00","33856499","35533093","-1676594","27132.04943123582"
"2023-09-21 08:00:00","32676604","38968048","-6291444","27063.973484888025"
"2023-09-21 09:00:00","36109875","33413514","2696361","27021.016315887253"
"2023-09-21 10:00:00","36897081","33123693","3773388","26981.493739385573"
"2023-09-21 11:00:00","36757391","30724752","6032639","27016.582772125916"
"2023-09-21 12:00:00","32979105","35637770","-2658665","27093.615027945314"
"2023-09-21 13:00:00","33244901","37103252","-3858351","27069.59893667958"
"2023-09-21 14:00:00","33904763","39265379","-5360616","27048.717294334987"
"2023-09-21 15:00:00","37061287","38996558","-1935271","26984.686906825187"
"2023-09-21 16:00:00","37565141","35374813","2190328","26921.14756063933"
"2023-09-21 17:00:00","40228002","34134255","6093747","26739.453382171756"
"2023-09-21 18:00:00","42548606","28725378","13823228","26654.709091398006"
"2023-09-21 19:00:00","43787650","28016672","15770978","26743.935485551276"
"2023-09-21 20:00:00","43224734","30403249","12821485","26639.725063631337"
"2023-09-21 21:00:00","40845710","31011401","9834309","26408.343237427518"
"2023-09-21 22:00:00","35664604","23714723","11949881","26553.03544611537"
"2023-09-21 23:00:00","26921443","26338664","582779","26588.00130418913"
"2023-09-22 00:00:00","33146891","27621138","5525753","26590.16714530491"
"2023-09-22 01:00:00","34891867","31669852","3222015","26648.250158342205"
"2023-09-22 02:00:00","34103677","30883201","3220476","26624.111426053398"
"2023-09-22 03:00:00","34681168","30092459","4588709","26618.99442901437"
"2023-09-22 04:00:00","33952551","33240414","712137","26594.317851823187"
"2023-09-22 05:00:00","37094163","36097022","997141","26608.44619249261"
"2023-09-22 06:00:00","32245937","35461663","-3215726","26584.058100909246"
"2023-09-22 07:00:00","35936027","36001400","-65373","26570.54023237026"
"2023-09-22 08:00:00","37815624","36095517","1720107","26644.39987073164"
"2023-09-22 09:00:00","31180054","37317465","-6137411","26648.026554478518"
"2023-09-22 10:00:00","34043662","36401725","-2358063","26563.09155927877"
"2023-09-22 11:00:00","36016633","35055173","961460","26624.126263926766"
"2023-09-22 12:00:00","34359012","37662352","-3303340","26647.4958996834"
"2023-09-22 13:00:00","35736571","37914591","-2178020","26658.026227849572"
"2023-09-22 14:00:00","34352201","38498110","-4145909","26605.14293572965"
"2023-09-22 15:00:00","37499922","36631267","868655","26684.523010339115"
"2023-09-22 16:00:00","26515667","31384304","-4868637","26672.43428804792"
"2023-09-22 17:00:00","32472371","35296280","-2823909","26648.689646074832"
"2023-09-22 18:00:00","36217775","37684495","-1466720","26588.695499484787"
"2023-09-22 19:00:00","38099491","35995882","2103609","26635.853980809443"
"2023-09-22 20:00:00","35046184","39005294","-3959110","26566.759638286683"
"2023-09-22 21:00:00","40842384","36404231","4438153","26591.92386288592"
"2023-09-22 22:00:00","45191105","32633674","12557431","26683.142879663428"
"2023-09-22 23:00:00","41969076","33250914","8718162","26639.733775282377"
"2023-09-23 00:00:00","42430869","32347536","10083333","26604.26187827661"
"2023-09-23 01:00:00","48516518","32397996","16118522","26590.291684477103"
"2023-09-23 02:00:00","44616200","34533551","10082649","26590.414286053638"
"2023-09-23 03:00:00","41094310","35781593","5312717","26543.071197748282"
"2023-09-23 04:00:00","45793920","33800984","11992936","26532.074934706052"
"2023-09-23 05:00:00","44694689","31851027","12843662","26575.76340592098"
"2023-09-23 06:00:00","39937561","30010019","9927542","26598.796322813516"
"2023-09-23 07:00:00","44129789","33275916","10853873","26598.9512013672"
"2023-09-23 08:00:00","42634191","34719212","7914979","26623.99366217443"
"2023-09-23 09:00:00","43112571","34377915","8734656","26600.171708331065"
"2023-09-23 10:00:00","42110575","34057814","8052761","26569.124415139002"
"2023-09-23 11:00:00","44997981","33583893","11414088","26557.523895017082"
"2023-09-23 12:00:00","43426974","34776401","8650573","26566.360995911073"
"2023-09-23 13:00:00","43235189","35141321","8093868","26564.151046514286"
"2023-09-23 14:00:00","43051154","34307304","8743850","26602.425120091568"
"2023-09-23 15:00:00","42960266","34537025","8423241","26601.890107332965"
"2023-09-23 16:00:00","42997029","34330781","8666248","26594.069787111595"
"2023-09-23 17:00:00","43046835","37844883","5201952","26596.6390485293"
"2023-09-23 18:00:00","45400431","36601715","8798716","26591.3122022012"
"2023-09-23 19:00:00","44214050","44256944","-42894","26598.40445343086"
"2023-09-23 20:00:00","45598207","43862414","1735793","26598.831578275694"
"2023-09-23 21:00:00","46273608","41551350","4722258","26597.563090246127"
"2023-09-23 22:00:00","43559640","43561528","-1888","26585.603664191705"
"2023-09-23 23:00:00","42852237","43708421","-856184","26601.473554006163"
"2023-09-24 00:00:00","40008518","39503938","504580","26621.1996759141"
"2023-09-24 01:00:00","41627832","41009358","618474","26617.394231801485"
"2023-09-24 02:00:00","42067997","40453338","1614659","26629.906960685927"
"2023-09-24 03:00:00","42517290","42190029","327261","26629.569812300804"
"2023-09-24 04:00:00","43430963","41216460","2214503","26606.929920014125"
"2023-09-24 05:00:00","43807714","41395900","2411814","26589.589998385894"
"2023-09-24 06:00:00","36921691","36534091","387600","26583.791457803425"
"2023-09-24 07:00:00","42918087","41965458","952629","26597.652479894703"
"2023-09-24 08:00:00","42459099","40740242","1718857","26588.20422002341"
"2023-09-24 09:00:00","42479271","40994095","1485176","26605.490965493667"
"2023-09-24 10:00:00","42943970","43129940","-185970","26603.198825637664"
"2023-09-24 11:00:00","42842905","42193135","649770","26591.146293592046"
"2023-09-24 12:00:00","43352141","41057502","2294639","26588.821892563632"
"2023-09-24 13:00:00","49831808","43515373","6316435","26579.96487979141"
"2023-09-24 14:00:00","41010837","41627277","-616440","26573.307807395347"
"2023-09-24 15:00:00","42759629","41713227","1046402","26584.06330639078"
"2023-09-24 16:00:00","42654625","41548799","1105826","26614.421266268924"
"2023-09-24 17:00:00","45506111","41070258","4435853","26615.509659415657"
"2023-09-24 18:00:00","42355852","39903858","2451994","26606.239548727415"
"2023-09-24 19:00:00","40040391","38199971","1840420","26624.21942877518"
"2023-09-24 20:00:00","43037984","38493113","4544871","26633.460024524138"
"2023-09-24 21:00:00","41217035","38745756","2471279","26621.507125980694"
"2023-09-24 22:00:00","42927830","42093005","834825","26617.56813569288"
"2023-09-24 23:00:00","43939676","40508042","3431634","26606.377923995595"
"2023-09-25 00:00:00","42108660","40553566","1555094","26602.25128366325"
"2023-09-25 01:00:00","42075867","38768887","3306980","26691.642896589263"
"2023-09-25 02:00:00","36256199","33131271","3124928","26624.14403690555"
"2023-09-25 03:00:00","39039982","30924924","8115058","26478.770871396202"
"2023-09-25 04:00:00","42216979","30779073","11437906","26509.221611622073"
"2023-09-25 05:00:00","39891488","32542607","7348881","26531.51234599985"
"2023-09-25 06:00:00","32859873","28265882","4593991","26494.531804456943"
"2023-09-25 07:00:00","41565420","32779483","8785937","26261.20264134915"
"2023-09-25 08:00:00","42787857","26815993","15971864","26226.11864692919"
"2023-09-25 09:00:00","32537299","27678919","4858380","26171.87821925892"
"2023-09-25 10:00:00","32521287","26606586","5914701","26216.829164120278"
"2023-09-25 11:00:00","34735282","27881600","6853682","26157.543640822714"
"2023-09-25 12:00:00","37851609","27362053","10489556","26147.325446647686"
"2023-09-25 13:00:00","38703078","28025814","10677264","26112.271759230523"
"2023-09-25 14:00:00","41962345","26699791","15262554","26133.37805141197"
"2023-09-25 15:00:00","40559363","27732908","12826455","26188.972292282207"
"2023-09-25 16:00:00","39145499","28258722","10886777","26134.689117893653"
"2023-09-25 17:00:00","45609746","28854112","16755634","26055.64782011753"
"2023-09-25 18:00:00","45092061","30222432","14869629","26085.521488339164"
"2023-09-25 19:00:00","41905568","29356351","12549217","26071.818144443994"
"2023-09-25 20:00:00","44720738","31483275","13237463","26097.935860397432"
"2023-09-25 21:00:00","38021286","28055456","9965830","26169.565032113725"
"2023-09-25 22:00:00","38362838","31935809","6427029","26140.824555221192"
"2023-09-25 23:00:00","41817412","32445256","9372156","26223.31793360535"
"2023-09-26 00:00:00","37015467","30948637","6066830","26330.47007551899"
"2023-09-26 01:00:00","37054491","32263675","4790816","26334.430496252597"
"2023-09-26 02:00:00","35007692","33505807","1501885","26326.86084973607"
"2023-09-26 03:00:00","36058088","34889293","1168795","26335.111526428012"
"2023-09-26 04:00:00","36452523","32104857","4347666","26299.3006848531"
"2023-09-26 05:00:00","38265309","31626407","6638902","26271.133998371843"
"2023-09-26 06:00:00","32808970","27083314","5725656","26272.385670854386"
"2023-09-26 07:00:00","38167479","31091424","7076055","26292.479210181657"
"2023-09-26 08:00:00","41101159","32231445","8869714","26262.34278608105"
"2023-09-26 09:00:00","40061361","31724984","8336377","26277.053142698624"
"2023-09-26 10:00:00","39343398","32796272","6547126","26347.16914409508"
"2023-09-26 11:00:00","38025510","33862191","4163319","26340.614181742785"
"2023-09-26 12:00:00","38882042","33509926","5372116","26326.44131136938"
"2023-09-26 13:00:00","38521061","34920785","3600276","26317.29963888065"
"2023-09-26 14:00:00","37553358","34661170","2892188","26291.589944483676"
"2023-09-26 15:00:00","39288070","32961965","6326105","26248.98800267367"
"2023-09-26 16:00:00","42301185","34384414","7916771","26248.075998230262"
"2023-09-26 17:00:00","32427325","26925963","5501362","26249.940902191996"
"2023-09-26 18:00:00","39199421","35945148","3254273","26242.687361465792"
"2023-09-26 19:00:00","44691606","35884165","8807441","26254.678661419523"
"2023-09-26 20:00:00","40311702","35458426","4853276","26210.884583853043"
"2023-09-26 21:00:00","40227213","29637902","10589311","26190.452975946675"
"2023-09-26 22:00:00","34165068","21983543","12181525","26179.49061848622"
"2023-09-26 23:00:00","46306326","32609685","13696641","26140.615241869084"
"2023-09-27 00:00:00","46497518","33251585","13245933","26225.55617093903"
"2023-09-27 01:00:00","49600467","35169990","14430477","26164.038111712933"
"2023-09-27 02:00:00","51813683","33514971","18298712","26157.986655985995"
"2023-09-27 03:00:00","50715457","34001319","16714138","26245.832703321525"
"2023-09-27 04:00:00","47168198","35617426","11550772","26152.16884953764"
"2023-09-27 05:00:00","52468416","32079236","20389180","26152.55794389077"
"2023-09-27 06:00:00","47997242","27381094","20616148","26146.675012414908"
"2023-09-27 07:00:00","54096329","33345197","20751132","26212.314306553824"
"2023-09-27 08:00:00","48047767","34110334","13937433","26245.858466499976"
"2023-09-27 09:00:00","48727973","34243879","14484094","26237.897469512518"
"2023-09-27 10:00:00","47325020","36457988","10867032","26221.455677989907"
"2023-09-27 11:00:00","50405807","35262409","15143398","26267.83871529163"
"2023-09-27 12:00:00","40983482","35710479","5273003","26230.388681167668"
"2023-09-27 13:00:00","49176140","35600304","13575836","26231.325528553778"
"2023-09-27 14:00:00","49296270","34416239","14880031","26230.195557747753"
"2023-09-27 15:00:00","46763197","35984516","10778681","26226.81714815986"
"2023-09-27 16:00:00","47709350","35712162","11997188","26240.359714457438"
"2023-09-27 17:00:00","46213615","35311893","10901722","26347.51384266882"
"2023-09-27 18:00:00","35576077","38244177","-2668100","26410.21076176863"
"2023-09-27 19:00:00","24515517","27015356","-2499839","26719.033513591134"
"2023-09-27 20:00:00","32841006","36819464","-3978458","26682.872694024965"
"2023-09-27 21:00:00","30072489","28596913","1475576","26607.058931471835"
"2023-09-27 22:00:00","33954979","31152054","2802925","26197.5467725704"
"2023-09-27 23:00:00","48865926","30092849","18773077","26270.840258226133"
"2023-09-28 00:00:00","36233472","30460047","5773425","26220.612586590607"
"2023-09-28 01:00:00","48285002","31659785","16625217","26209.730832180445"
"2023-09-28 02:00:00","48219427","31925035","16294392","26224.228466321452"
"2023-09-28 03:00:00","51426242","30983061","20443181","26240.138042462997"
"2023-09-28 04:00:00","50041419","31847440","18193979","26239.011699238687"
"2023-09-28 05:00:00","41794270","23801937","17992333","26255.010407128633"
"2023-09-28 06:00:00","32539377","22447784","10091593","26313.175312965202"
"2023-09-28 07:00:00","40237063","32186954","8050109","26348.864053065216"
"2023-09-28 08:00:00","34015978","33892925","123053","26407.299204133928"
"2023-09-28 09:00:00","36121588","33064428","3057160","26429.86485912443"
"2023-09-28 10:00:00","36116945","35268611","848334","26369.319695600338"
"2023-09-28 11:00:00","38237348","32624144","5613204","26350.68994471512"
"2023-09-28 12:00:00","41973914","35062976","6910938","26415.075613523502"
"2023-09-28 13:00:00","39669963","35624381","4045582","26418.122948791355"
"2023-09-28 14:00:00","39314644","37933133","1381511","26455.974950667267"
"2023-09-28 15:00:00","37318615","37497953","-179338","26407.28744743438"
"2023-09-28 16:00:00","39495045","37156985","2338060","26376.73453089243"
"2023-09-28 17:00:00","36368768","30502701","5866067","26388.20003466485"
"2023-09-28 18:00:00","36968717","34949078","2019639","26535.509089004678"
"2023-09-28 19:00:00","35636092","37679217","-2043125","26442.277008706278"
"2023-09-28 20:00:00","39895525","34247051","5648474","26482.338581625485"
"2023-09-28 21:00:00","40493158","36441404","4051754","26507.94135661636"
"2023-09-28 22:00:00","26648204","30054472","-3406268","26836.955480989283"
"2023-09-28 23:00:00","22145094","32045487","-9900393","26953.07395216447"
"2023-09-29 00:00:00","30002449","40100995","-10098546","27085.392512337803"
"2023-09-29 01:00:00","36844390","31153550","5690840","27152.650720697533"
"2023-09-29 02:00:00","25405778","36935060","-11529282","26936.220047893454"
"2023-09-29 03:00:00","35256906","27460224","7796682","27081.74593778368"
"2023-09-29 04:00:00","29330704","32594532","-3263828","27094.003189573275"
"2023-09-29 05:00:00","35747998","38691499","-2943501","27019.972677436002"
"2023-09-29 06:00:00","26944815","26375051","569764","27011.16166486349"
"2023-09-29 07:00:00","40120355","38876805","1243550","27020.4962114798"
"2023-09-29 08:00:00","41116316","38792890","2323426","27065.015841099932"
"2023-09-29 09:00:00","38185173","39736321","-1551148","27047.56521481572"
"2023-09-29 10:00:00","40217279","41415611","-1198332","26891.467661497878"
"2023-09-29 11:00:00","41714160","35169906","6544254","26957.389271615713"
"2023-09-29 12:00:00","37889906","35893292","1996614","26962.072791322906"
"2023-09-29 13:00:00","41140502","36844560","4295942","26978.68004078934"
"2023-09-29 14:00:00","39520090","39234032","286058","27048.612870571244"
"2023-09-29 15:00:00","46924432","43177646","3746786","27141.595954040877"
"2023-09-29 16:00:00","33843766","44290388","-10446622","27020.42938680054"
"2023-09-29 17:00:00","39154487","31148879","8005608","27022.794393100583"
"2023-09-29 18:00:00","44700908","38994479","5706429","27031.442914970758"
"2023-09-29 19:00:00","47010292","40511513","6498779","26982.282107588824"
"2023-09-29 20:00:00","46438459","40302055","6136404","26990.361570750978"
"2023-09-29 21:00:00","42303657","39614588","2689069","26923.416632203745"
"2023-09-29 22:00:00","42397063","33077209","9319854","26875.653775135248"
"2023-09-29 23:00:00","34767882","33711335","1056547","26883.532149546205"
"2023-09-30 00:00:00","37511095","33977975","3533120","26867.954186771727"
"2023-09-30 01:00:00","39366448","37418617","1947831","26847.896947342015"
"2023-09-30 02:00:00","42982284","37207942","5774342","26908.572245885483"
"2023-09-30 03:00:00","38446044","38019277","426767","26928.3100472937"
"2023-09-30 04:00:00","37187985","42160555","-4972570","26896.139027101777"
"2023-09-30 05:00:00","38843285","35958666","2884619","26877.152276046334"
"2023-09-30 06:00:00","40310168","37445260","2864908","26887.241501798046"
"2023-09-30 07:00:00","39115645","38908464","207181","26913.910813693234"
"2023-09-30 08:00:00","38323992","40023086","-1699094","26946.933605067083"
"2023-09-30 09:00:00","37776497","42564553","-4788056","26900.65476210123"
"2023-09-30 10:00:00","36198763","38146496","-1947733","26914.37018460846"
"2023-09-30 11:00:00","36445246","37975371","-1530125","26920.29369279206"
"2023-09-30 12:00:00","37413913","35686910","1727003","26936.548386896273"
"2023-09-30 13:00:00","35281850","38004745","-2722895","26937.758398148977"
"2023-09-30 14:00:00","34976171","40118026","-5141855","26935.240175847026"
"2023-09-30 15:00:00","36951558","40706929","-3755371","26938.298038721852"
"2023-09-30 16:00:00","36301458","40026198","-3724740","26939.94317875283"
"2023-09-30 17:00:00","38608155","40747143","-2138988","26957.599463267044"
"2023-09-30 18:00:00","36942251","40105248","-3162997","26986.969459685366"
"2023-09-30 19:00:00","33645230","40426826","-6781596","26941.989646491926"
"2023-09-30 20:00:00","35834231","39074074","-3239843","26941.75976408595"
"2023-09-30 21:00:00","37828451","39659812","-1831361","26983.77856614503"
"2023-09-30 22:00:00","35967930","40806306","-4838376","26999.94316225573"
"2023-09-30 23:00:00","37639305","41744379","-4105074","27001.09154604012"
"2023-10-01 00:00:00","37269724","40414905","-3145181","27030.471373344466"
"2023-10-01 01:00:00","36477627","45003867","-8526240","27029.286616885587"
"2023-10-01 02:00:00","37156697","46023071","-8866374","27012.213366425305"
"2023-10-01 03:00:00","36498883","42291364","-5792481","27029.991387090246"
"2023-10-01 04:00:00","41306954","45899291","-4592337","27074.579227799037"
"2023-10-01 05:00:00","38994792","46729598","-7734806","27002.63991243548"
"2023-10-01 06:00:00","34165830","38662418","-4496588","27020.5961775566"
"2023-10-01 07:00:00","41278231","49594718","-8316487","26969.88050862177"
"2023-10-01 08:00:00","43947600","42771865","1175735","27001.122526299427"
"2023-10-01 09:00:00","42279342","44863076","-2583734","27035.103397707477"
"2023-10-01 10:00:00","37509239","45307331","-7798092","27034.6200178636"
"2023-10-01 11:00:00","35915161","47863437","-11948276","27053.97180748552"
"2023-10-01 12:00:00","37413145","49462958","-12049813","27054.566713954133"
"2023-10-01 13:00:00","37148469","49371009","-12222540","27080.197813487335"
"2023-10-01 14:00:00","35431900","44541055","-9109155","27140.885442402985"
"2023-10-01 15:00:00","36924702","44206975","-7282273","27120.942597404766"
"2023-10-01 16:00:00","38527574","42401629","-3874055","27147.918514601883"
"2023-10-01 17:00:00","37921104","42995342","-5074238","27224.68504148554"
"2023-10-01 18:00:00","34575368","49443978","-14868610","27214.56535697542"
"2023-10-01 19:00:00","31125033","41995948","-10870915","27205.477724340453"
"2023-10-01 20:00:00","35795222","41605605","-5810383","27199.45977582801"
"2023-10-01 21:00:00","36702608","44173861","-7471253","27196.010112862958"
"2023-10-01 22:00:00","39350212","44430301","-5080089","27122.71053783293"
"2023-10-01 23:00:00","42958244","37466492","5491752","27161.923064660703"
"2023-10-02 00:00:00","42805379","40523944","2281435","27120.462598835653"
"2023-10-02 01:00:00","44470301","37042410","7427891","27084.748343505435"
"2023-10-02 02:00:00","44554358","34542193","10012165","27108.229994284462"
"2023-10-02 03:00:00","45641720","37307858","8333862","27112.590406506806"
"2023-10-02 04:00:00","45595252","38051312","7543940","27105.530995346555"
"2023-10-02 05:00:00","44442189","39919987","4522202","27165.22368850399"
"2023-10-02 06:00:00","36655064","35329069","1325995","27959.667494847585"
"2023-10-02 07:00:00","32643945","39433344","-6789399","27973.843307182837"
"2023-10-02 08:00:00","29847637","38492018","-8644381","27922.765939758065"
"2023-10-02 09:00:00","37813347","37695185","118162","27909.724512758436"
"2023-10-02 10:00:00","37796074","43005849","-5209775","27981.857532022375"
"2023-10-02 11:00:00","35707430","43482665","-7775235","28095.961180554823"
"2023-10-02 12:00:00","35057142","40187787","-5130645","28066.082603540184"
"2023-10-02 13:00:00","39579594","36555115","3024479","27991.909428768635"
"2023-10-02 14:00:00","37612141","35735999","1876142","28069.707500325596"
"2023-10-02 15:00:00","36675319","36428145","247174","28293.42155439778"
"2023-10-02 16:00:00","33006272","37441211","-4434939","28302.624652950686"
"2023-10-02 17:00:00","38819701","39087418","-267717","28323.330678116225"
"2023-10-02 18:00:00","40521554","41496273","-974719","28306.581746582866"
"2023-10-02 19:00:00","41319251","43923292","-2604041","28217.308706761298"
"2023-10-02 20:00:00","46913306","35687788","11225518","28355.904843522163"
"2023-10-02 21:00:00","34731448","44010492","-9279044","28477.212493272717"
"2023-10-02 22:00:00","19228900","24804710","-5575810","28327.18199384213"
"2023-10-02 23:00:00","34487901","31988646","2499255","28012.576173758684"
"2023-10-03 00:00:00","36625586","29561067","7064519","27984.63528532319"
"2023-10-03 01:00:00","38335426","34572516","3762910","28046.32306899773"
"2023-10-03 02:00:00","38752669","36719463","2033206","27816.762847196926"
"2023-10-03 03:00:00","40757801","30400145","10357656","27955.87591928682"
"2023-10-03 04:00:00","32221193","37352673","-5131480","27833.09847187131"
"2023-10-03 05:00:00","36407703","34130514","2277189","27470.87491210835"
"2023-10-03 06:00:00","27801190","26095976","1705214","27559.61179216324"
"2023-10-03 07:00:00","38180399","38275904","-95505","27526.548377598345"
"2023-10-03 08:00:00","42668533","34132858","8535675","27423.78717679985"
"2023-10-03 09:00:00","44385846","38102248","6283598","27554.89143893955"
"2023-10-03 10:00:00","36257797","37156965","-899168","27588.077163470018"
"2023-10-03 11:00:00","38359832","36466588","1893244","27597.25516157625"
"2023-10-03 12:00:00","37417370","34304430","3112940","27626.480478630398"
"2023-10-03 13:00:00","34068473","33783207","285266","27567.801486826724"
"2023-10-03 14:00:00","35798919","34194927","1603992","27629.74557528402"
"2023-10-03 15:00:00","33789299","36450395","-2661096","27535.068446144673"
"2023-10-03 16:00:00","31669604","31227352","442252","27586.70338212956"
"2023-10-03 17:00:00","34126785","33264093","862692","27546.510155838852"
"2023-10-03 18:00:00","35109980","33716271","1393709","27622.040112665734"
"2023-10-03 19:00:00","31934199","32361028","-426829","27558.225653643723"
"2023-10-03 20:00:00","35223684","34932428","291256","27466.29996132927"
"2023-10-03 21:00:00","43322438","34787007","8535431","27538.358279625045"
"2023-10-03 22:00:00","33882891","27304117","6578774","27375.614458303877"
"2023-10-03 23:00:00","44166922","30581204","13585718","27364.413503790023"
"2023-10-04 00:00:00","36889907","24545181","12344726","27391.85685933364"
"2023-10-04 01:00:00","40452339","33760039","6692300","27434.701766095437"
"2023-10-04 02:00:00","39034835","36391446","2643389","27307.55457853075"
"2023-10-04 03:00:00","46391414","31022752","15368662","27283.45537857426"
"2023-10-04 04:00:00","50922361","31345528","19576833","27392.568063641775"
"2023-10-04 05:00:00","32734857","34034353","-1299496","27399.472431825012"
"2023-10-04 06:00:00","28171307","29301649","-1130342","27379.46427300568"
"2023-10-04 07:00:00","31135132","30919024","216108","27424.02525473385"
"2023-10-04 08:00:00","35553065","33230051","2323014","27297.78349292021"
"2023-10-04 09:00:00","43687901","31568348","12119553","27345.39343378996"
"2023-10-04 10:00:00","42817327","35175074","7642253","27415.342157367755"
"2023-10-04 11:00:00","35750565","31744358","4006207","27430.085857775903"
"2023-10-04 12:00:00","35894587","31816133","4078454","27371.11077124789"
"2023-10-04 13:00:00","39501081","32789920","6711161","27399.30345577948"
"2023-10-04 14:00:00","38762964","30117022","8645942","27422.431562714617"
"2023-10-04 15:00:00","37461560","31555965","5905595","27419.188991516796"
"2023-10-04 16:00:00","37544500","31867658","5676842","27502.49857771856"
"2023-10-04 17:00:00","36778018","32247992","4530026","27604.627441480417"
"2023-10-04 18:00:00","34024194","36415331","-2391137","27532.425652182705"
"2023-10-04 19:00:00","30132282","30529569","-397287","27574.492868404905"
"2023-10-04 20:00:00","37062940","35886676","1176264","27544.597928014584"
"2023-10-04 21:00:00","38958619","35451051","3507568","27460.666458748634"
"2023-10-04 22:00:00","28718883","22162458","6556425","27396.21995791412"
"2023-10-04 23:00:00","42541166","29130268","13410898","27375.902226965824"
"2023-10-05 00:00:00","41549415","27953317","13596098","27523.651127123954"
"2023-10-05 01:00:00","42732982","35265541","7467441","27549.13592524956"
"2023-10-05 02:00:00","35351202","26599856","8751346","27612.784039824324"
"2023-10-05 03:00:00","31491552","33147963","-1656411","27611.480875718076"
"2023-10-05 04:00:00","39954417","31388043","8566374","27675.56383610199"
"2023-10-05 05:00:00","40605274","33393291","7211983","27692.76498571335"
"2023-10-05 06:00:00","35856130","31598707","4257423","27754.112023706864"
"2023-10-05 07:00:00","35796433","42069796","-6273363","27791.32100041092"
"2023-10-05 08:00:00","36192240","39752354","-3560114","27811.974558762064"
"2023-10-05 09:00:00","34019045","39104859","-5085814","27732.13044119344"
"2023-10-05 10:00:00","42328823","38648060","3680763","27687.48103073047"
"2023-10-05 11:00:00","44260105","32773622","11486483","27659.409528862274"
"2023-10-05 12:00:00","46573807","32288142","14285665","27695.445470241106"
"2023-10-05 13:00:00","45695890","36370108","9325782","27652.542867076692"
"2023-10-05 14:00:00","47245821","31798088","15447733","27673.107400559995"
"2023-10-05 15:00:00","48990842","31448929","17541913","27603.087233381077"
"2023-10-05 16:00:00","46355599","31163791","15191808","27659.14264069986"
"2023-10-05 17:00:00","48619522","33867064","14752458","27676.218352518947"
"2023-10-05 18:00:00","40153094","27168227","12984867","27729.795160208614"
"2023-10-05 19:00:00","42475950","39012021","3463929","27727.959180426733"
"2023-10-05 20:00:00","45322626","39816493","5506133","27739.773967929796"
"2023-10-05 21:00:00","39946082","39197588","748494","28004.01442098302"
"2023-10-05 22:00:00","32975195","34571353","-1596158","27990.29767774728"
"2023-10-05 23:00:00","35941618","36254480","-312862","27563.04458796244"
"2023-10-06 00:00:00","36088734","29117640","6971094","27433.478769804336"
"2023-10-06 01:00:00","35061550","22355986","12705564","27489.376377713466"
"2023-10-06 02:00:00","39590504","28432430","11158074","27494.743001532144"
"2023-10-06 03:00:00","35963667","26334662","9629005","27495.47487331735"
"2023-10-06 04:00:00","43234929","28358874","14876055","27456.99978943737"
"2023-10-06 05:00:00","35446532","23410958","12035574","27464.748245355728"
"2023-10-06 06:00:00","40640788","27818115","12822673","27446.929945674132"
"2023-10-06 07:00:00","45054703","31104965","13949738","27417.961536624487"
"2023-10-06 08:00:00","45209212","30522905","14686307","27467.36522343368"
"2023-10-06 09:00:00","43835687","32558033","11277654","27521.797401807373"
"2023-10-06 10:00:00","38704038","29420153","9283885","27556.966647836685"
"2023-10-06 11:00:00","38112250","29001339","9110911","27570.182150040237"
"2023-10-06 12:00:00","37897264","31024127","6873137","27531.84880080694"
"2023-10-06 13:00:00","38429365","33440055","4989310","27512.001211000836"
"2023-10-06 14:00:00","38427097","32842417","5584680","27499.87394652544"
"2023-10-06 15:00:00","37444094","33516222","3927872","27627.83759099083"
"2023-10-06 16:00:00","33746273","29593145","4153128","27619.308092526724"
"2023-10-06 17:00:00","36528853","31225793","5303060","27695.629479327003"
"2023-10-06 18:00:00","35483522","30946229","4537293","27748.720548980702"
"2023-10-06 19:00:00","33984037","29631074","4352963","27752.739684041393"
"2023-10-06 20:00:00","31210676","33326363","-2115687","27404.22656391505"
"2023-10-06 21:00:00","46523800","26361015","20162785","27508.882869655474"
"2023-10-06 22:00:00","30811878","30828607","-16729","27639.756251512063"
"2023-10-06 23:00:00","32439794","33967696","-1527902","27874.824850746005"
"2023-10-07 00:00:00","34455093","37648091","-3192998","27916.745371765457"
"2023-10-07 01:00:00","34210460","37377082","-3166622","27956.305767145444"
"2023-10-07 02:00:00","36816761","42451954","-5635193","27919.190256510967"
"2023-10-07 03:00:00","37519416","41023283","-3503867","27988.799922335198"
"2023-10-07 04:00:00","33765344","38049602","-4284258","28006.26574346029"
"2023-10-07 05:00:00","33488271","38765698","-5277427","28085.146850551155"
"2023-10-07 06:00:00","31473672","32025107","-551435","28020.00239736285"
"2023-10-07 07:00:00","36974085","30016514","6957571","27962.494705494675"
"2023-10-07 08:00:00","33402746","31558938","1843808","27947.606206766686"
"2023-10-07 09:00:00","35284196","31466933","3817263","27925.15859174805"
"2023-10-07 10:00:00","37384070","32668472","4715598","27911.216875857786"
"2023-10-07 11:00:00","34534026","30135027","4398999","27931.79074416946"
"2023-10-07 12:00:00","40733013","34791762","5941251","27942.999690862365"
"2023-10-07 13:00:00","43252797","35540781","7712016","27929.68998062192"
"2023-10-07 14:00:00","42692086","34508445","8183641","27923.12192290573"
"2023-10-07 15:00:00","41917105","34640374","7276731","27918.36063775523"
"2023-10-07 16:00:00","34765056","29897786","4867270","28038.803107621123"
"2023-10-07 17:00:00","34981793","31527793","3454000","27979.32142658177"
"2023-10-07 18:00:00","40409152","36860319","3548833","27982.02790374507"
"2023-10-07 19:00:00","39521135","37456896","2064239","27966.13505174452"
"2023-10-07 20:00:00","40110400","36434992","3675408","27989.706971158077"
"2023-10-07 21:00:00","34840039","33636539","1203500","27965.827662904292"
"2023-10-07 22:00:00","39511498","38985095","526403","27981.173660062854"
"2023-10-07 23:00:00","42663042","38460945","4202097","27961.600601255897"
"2023-10-08 00:00:00","39630929","35076485","4554444","27969.804649872265"
"2023-10-08 01:00:00","40903585","35913169","4990416","27966.003383716645"
"2023-10-08 02:00:00","41034535","35537495","5497040","27919.461322420088"
"2023-10-08 03:00:00","43266235","32191253","11074982","27891.59554887509"
"2023-10-08 04:00:00","42356737","33950034","8406703","27947.586632882023"
"2023-10-08 05:00:00","40930407","35617688","5312719","27963.75301162105"
"2023-10-08 06:00:00","38969193","34910094","4059099","27980.194037053625"
"2023-10-08 07:00:00","40979650","39993592","986058","27981.30840091651"
"2023-10-08 08:00:00","41193015","42486427","-1293412","27993.98461333811"
"2023-10-08 09:00:00","41243665","42312489","-1068824","28035.026661454787"
"2023-10-08 10:00:00","36663647","40129317","-3465670","28036.90556879896"
"2023-10-08 11:00:00","38114890","39419013","-1304123","28092.610495312343"
"2023-10-08 12:00:00","37741531","40987633","-3246102","27970.253034940382"
"2023-10-08 13:00:00","43091941","34395261","8696680","27969.552589437102"
"2023-10-08 14:00:00","40553440","37900155","2653285","27924.82051829695"
"2023-10-08 15:00:00","41402981","36818319","4584662","27937.109092339368"
"2023-10-08 16:00:00","41128346","37849017","3279329","27939.87039897846"
"2023-10-08 17:00:00","41887403","36376996","5510407","27914.289595079135"
"2023-10-08 18:00:00","41064931","36636058","4428873","27859.048895500422"
"2023-10-08 19:00:00","40923589","34547310","6376279","27845.015400954228"
"2023-10-08 20:00:00","42118710","32979661","9139049","27847.329440992242"
"2023-10-08 21:00:00","41774381","34488075","7286306","27920.37250901565"
"2023-10-08 22:00:00","29082430","33742154","-4659724","27975.171583566414"
"2023-10-08 23:00:00","29674132","34485217","-4811085","27935.745420301035"
"2023-10-09 00:00:00","34827452","36615506","-1788054","27946.00781360536"
"2023-10-09 01:00:00","35736552","36030871","-294319","27909.967960131664"
"2023-10-09 02:00:00","37360726","38750273","-1389547","27903.034884231995"
"2023-10-09 03:00:00","33391565","32912394","479171","27922.13179850694"
"2023-10-09 04:00:00","37010677","38046338","-1035661","27931.356811304373"
"2023-10-09 05:00:00","36118830","39181478","-3062648","27946.103344186435"
"2023-10-09 06:00:00","32844181","34535631","-1691450","27936.9093741756"
"2023-10-09 07:00:00","34883360","39827656","-4944296","27932.452908831725"
"2023-10-09 08:00:00","35442082","35759401","-317319","27836.611538694135"
"2023-10-09 09:00:00","41130017","37214979","3915038","27973.967593133708"
"2023-10-09 10:00:00","34049470","37191772","-3142302","27954.463694275713"
"2023-10-09 11:00:00","25526395","32574621","-7048226","27943.254609976444"
"2023-10-09 12:00:00","40111584","39508482","603102","27950.395461388824"
"2023-10-09 13:00:00","38726124","38923750","-197626","27867.836938273158"
"2023-10-09 14:00:00","38997168","36381631","2615537","27929.759676731417"
"2023-10-09 15:00:00","39380970","39243491","137479","27844.706379033294"
"2023-10-09 16:00:00","40335705","33811434","6524271","27748.33626425083"
"2023-10-09 17:00:00","47874133","31791773","16082360","27558.246880831506"
"2023-10-09 18:00:00","41342112","30541513","10800599","27547.409407305087"
"2023-10-09 19:00:00","45269197","30161974","15107223","27495.04152538828"
"2023-10-09 20:00:00","56119280","29469276","26650004","27467.186713171894"
"2023-10-09 21:00:00","52514376","28653222","23861154","27512.146985009298"
"2023-10-09 22:00:00","43470849","28454030","15016819","27518.664908584196"
"2023-10-09 23:00:00","54831003","29858668","24972335","27473.937596764998"
"2023-10-10 00:00:00","54385209","29906383","24478826","27409.474803232944"
"2023-10-10 01:00:00","48038252","32671467","15366785","27563.656901837483"
"2023-10-10 02:00:00","31801647","28770479","3031168","27587.935829343747"
"2023-10-10 03:00:00","32102289","29935039","2167250","27619.095535748795"
"2023-10-10 04:00:00","32595267","32466823","128444","27589.672050396144"
"2023-10-10 05:00:00","33740842","29618929","4121913","27633.980360749447"
"2023-10-10 06:00:00","30561435","27819239","2742196","27598.490003667688"
"2023-10-10 07:00:00","34123423","30935133","3188290","27580.169042129615"
"2023-10-10 08:00:00","33455919","32150697","1305222","27580.408402401787"
"2023-10-10 09:00:00","35868972","30783192","5085780","27615.798148098555"
"2023-10-10 10:00:00","35600769","31861378","3739391","27704.17478896024"
"2023-10-10 11:00:00","33237915","34500675","-1262760","27637.156531173772"
"2023-10-10 12:00:00","35191607","34318869","872738","27613.538153933623"
"2023-10-10 13:00:00","34949941","31212533","3737408","27610.227107660347"
"2023-10-10 14:00:00","35737178","32626903","3110275","27664.26742245212"
"2023-10-10 15:00:00","35282114","33874053","1408061","27650.793113044703"
"2023-10-10 16:00:00","38017032","34191928","3825104","27652.056116802007"
"2023-10-10 17:00:00","37343076","34361924","2981152","27662.388262369994"
"2023-10-10 18:00:00","37179959","34046109","3133850","27628.16253045438"
"2023-10-10 19:00:00","37493351","33483047","4010304","27530.33045915369"
"2023-10-10 20:00:00","41790779","31683125","10107654","27414.036884093075"
"2023-10-10 21:00:00","50574541","27910790","22663751","27407.594645481226"
"2023-10-10 22:00:00","45233595","27716299","17517296","27443.051686493225"
"2023-10-10 23:00:00","47970719","29196410","18774309","27398.62462319898"
"2023-10-11 00:00:00","50596285","30027490","20568795","27419.44979911611"
"2023-10-11 01:00:00","53141152","31189209","21951943","27384.053019453757"
"2023-10-11 02:00:00","50818418","30439334","20379084","27299.92148674953"
"2023-10-11 03:00:00","50078868","31286591","18792277","27397.23109894495"
"2023-10-11 04:00:00","44180511","33514134","10666377","27404.42255988737"
"2023-10-11 05:00:00","44535108","32283917","12251191","27432.56738552116"
"2023-10-11 06:00:00","42286507","29344215","12942292","27453.036276921892"
"2023-10-11 07:00:00","45574923","35328278","10246645","27393.982000908745"
"2023-10-11 08:00:00","47116911","30676399","16440512","27461.39330533174"
"2023-10-11 09:00:00","44470469","35621716","8848753","27438.927784579944"
"2023-10-11 10:00:00","47457366","33364099","14093267","27122.24480535465"
"2023-10-11 11:00:00","50363686","27463207","22900479","27030.11784046726"
"2023-10-11 12:00:00","43516224","29363748","14152476","27136.637069310877"
"2023-10-11 13:00:00","37746261","29902359","7843902","27118.34760786295"
"2023-10-11 14:00:00","38823582","28475182","10348400","27060.1623472644"
"2023-10-11 15:00:00","39346870","35815617","3531253","27029.594211141986"
"2023-10-11 16:00:00","43059876","33751917","9307959","27099.944200464994"
"2023-10-11 17:00:00","42425790","30508775","11917015","27255.40837992864"
"2023-10-11 18:00:00","32281545","33653042","-1371497","27288.576437356198"
"2023-10-11 19:00:00","30834032","31153340","-319308","27194.654584138367"
"2023-10-11 20:00:00","36549675","34044499","2505176","27166.43044047189"
"2023-10-11 21:00:00","39181909","32786520","6395389","27140.711873370583"
"2023-10-11 22:00:00","40961134","34710034","6251100","27094.12624846631"
"2023-10-11 23:00:00","44671090","30818641","13852449","26808.202662193966"
"2023-10-12 00:00:00","41407766","29184600","12223166","26701.177798482466"
"2023-10-12 01:00:00","46525874","30696997","15828877","26652.61278248243"
"2023-10-12 02:00:00","31384499","16932221","14452278","26680.356599187584"
"2023-10-12 03:00:00","39627700","31711580","7916120","26756.910105906118"
"2023-10-12 04:00:00","43631651","32390798","11240853","26710.56885103388"
"2023-10-12 05:00:00","40081832","28773032","11308800","26730.17217604667"
"2023-10-12 06:00:00","36620997","25969287","10651710","26784.280816803574"
"2023-10-12 07:00:00","34473722","31351959","3121763","26873.159380993497"
"2023-10-12 08:00:00","31662109","29901921","1760188","26808.21135382205"
"2023-10-12 09:00:00","37308945","29638761","7670184","26777.198323838224"
"2023-10-12 10:00:00","37730941","30965055","6765886","26907.48581902296"
"2023-10-12 11:00:00","32365924","29109687","3256237","26843.97720520583"
"2023-10-12 12:00:00","34255610","30813645","3441965","26820.893994511305"
"2023-10-12 13:00:00","33572225","31321654","2250571","26869.96515545326"
"2023-10-12 14:00:00","31353935","32048307","-694372","26869.85153458797"
"2023-10-12 15:00:00","33484542","27979616","5504926","26824.600255522062"
"2023-10-12 16:00:00","31360885","28044048","3316837","26804.312691027328"
"2023-10-12 17:00:00","33167416","39525928","-6358512","26725.761432087114"
"2023-10-12 18:00:00","39531896","36017012","3514884","26760.9545855626"
"2023-10-12 19:00:00","42538223","38261107","4277116","26839.934013426144"
"2023-10-12 20:00:00","34570633","36855059","-2284426","26859.865540996227"
"2023-10-12 21:00:00","35214354","35366467","-152113","26768.98595812505"
"2023-10-12 22:00:00","40583890","34780626","5803264","26686.974545030746"
"2023-10-12 23:00:00","39972542","28615334","11357208","26673.607380182082"
"2023-10-13 00:00:00","35673892","21634559","14039333","26680.77222646244"
"2023-10-13 01:00:00","43043236","27797400","15245836","26646.047545332982"
"2023-10-13 02:00:00","39711820","28717148","10994672","26652.687170138153"
"2023-10-13 03:00:00","47925437","29101898","18823539","26706.24801086493"
"2023-10-13 04:00:00","44292729","27668145","16624584","26729.221922791134"
"2023-10-13 05:00:00","46026332","34536480","11489852","26748.066745441505"
"2023-10-13 06:00:00","38157373","28555248","9602125","26741.896850741105"
"2023-10-13 07:00:00","45178162","36942209","8235953","26748.665226910798"
"2023-10-13 08:00:00","43229702","36492455","6737247","26816.713092934908"
"2023-10-13 09:00:00","38493740","35486976","3006764","26781.739521730244"
"2023-10-13 10:00:00","40382707","36094946","4287761","26800.465778865826"
"2023-10-13 11:00:00","41088967","37479399","3609568","26773.70256936774"
"2023-10-13 12:00:00","41770550","35903058","5867492","26790.875417361458"
"2023-10-13 13:00:00","42125710","38947744","3177966","26815.97176216613"
"2023-10-13 14:00:00","39726612","38067080","1659532","26806.3552569945"
"2023-10-13 15:00:00","44292300","36107742","8184558","26841.758910994162"
"2023-10-13 16:00:00","40851043","33796685","7054358","26789.761830321928"
"2023-10-13 17:00:00","41120688","32724613","8396075","26772.43691641503"
"2023-10-13 18:00:00","47348193","34638466","12709727","26775.349884100535"
"2023-10-13 19:00:00","42593451","35678722","6914729","26801.29777982673"
"2023-10-13 20:00:00","41581486","35428969","6152517","26908.681435472983"
"2023-10-13 21:00:00","32799050","39038248","-6239198","26867.961123966437"
"2023-10-13 22:00:00","33162668","30145120","3017548","26767.971540625535"
"2023-10-13 23:00:00","46189300","35535649","10653651","26702.911530919497"
"2023-10-14 00:00:00","48626037","30700364","17925673","26781.77142447275"
"2023-10-14 01:00:00","40810511","35280035","5530476","26769.68765494788"
"2023-10-14 02:00:00","45944054","37443180","8500874","26738.08900532444"
"2023-10-14 03:00:00","47670883","37495464","10175419","26774.71677413363"
"2023-10-14 04:00:00","41676450","37364564","4311886","26955.511825386602"
"2023-10-14 05:00:00","31263814","34301937","-3038123","27025.214240941827"
"2023-10-14 06:00:00","32110562","37369041","-5258479","26828.384518187242"
"2023-10-14 07:00:00","39641951","24223617","15418334","26863.156263376517"
"2023-10-14 08:00:00","36500433","28756093","7744340","26895.968880440632"
"2023-10-14 09:00:00","37168841","30352188","6816653","26915.63207725314"
"2023-10-14 10:00:00","36122226","32471909","3650317","26910.568085028615"
"2023-10-14 11:00:00","37197408","30524761","6672647","26937.205209324617"
"2023-10-14 12:00:00","35010067","35431181","-421114","26908.221671730542"
"2023-10-14 13:00:00","35421866","27869952","7551914","26894.017767149453"
"2023-10-14 14:00:00","38520656","29687814","8832842","26869.419392065338"
"2023-10-14 15:00:00","39629141","29703196","9925945","26867.22632443227"
"2023-10-14 16:00:00","39385282","30418505","8966777","26870.299346225478"
"2023-10-14 17:00:00","40120426","31695344","8425082","26883.603026470195"
"2023-10-14 18:00:00","40647396","33042471","7604925","26887.627983546306"
"2023-10-14 19:00:00","41480138","32076815","9403323","26878.71088402405"
"2023-10-14 20:00:00","41288011","32129086","9158925","26896.747468688303"
"2023-10-14 21:00:00","40716858","32769119","7947739","26916.831005952663"
"2023-10-14 22:00:00","35486007","32348921","3137086","26888.201979778198"
"2023-10-14 23:00:00","40640077","34092205","6547872","26938.698498467333"
"2023-10-15 00:00:00","34728663","36917636","-2188973","26937.712038466278"
"2023-10-15 01:00:00","36089896","35405873","684023","26900.00265494215"
"2023-10-15 02:00:00","38707050","33846804","4860246","26881.34918150608"
"2023-10-15 03:00:00","39484815","32977372","6507443","26877.06948343282"
"2023-10-15 04:00:00","43596689","34565957","9030732","26855.929229891128"
"2023-10-15 05:00:00","42525407","31216400","11309007","26830.88086740767"
"2023-10-15 06:00:00","37213593","26791394","10422199","26861.872212243572"
"2023-10-15 07:00:00","40366556","32955335","7411221","26865.05282499587"
"2023-10-15 08:00:00","40636636","33312301","7324335","26847.031935547762"
"2023-10-15 09:00:00","41340692","33705035","7635657","26903.784544277674"
"2023-10-15 10:00:00","37823597","34951884","2871713","26884.961832611523"
"2023-10-15 11:00:00","39333026","35778293","3554733","26894.2265037746"
"2023-10-15 12:00:00","38490364","35536257","2954107","26894.76604115988"
"2023-10-15 13:00:00","35448934","33349252","2099682","26883.563512872493"
"2023-10-15 14:00:00","34765038","33344897","1420141","26885.610995789626"
"2023-10-15 15:00:00","34627075","33782676","844399","26892.278050194647"
"2023-10-15 16:00:00","34684666","32867444","1817222","26918.69785496514"
"2023-10-15 17:00:00","34945750","35146758","-201008","26913.10562974073"
"2023-10-15 18:00:00","35598153","34346551","1251602","26912.11191648446"
"2023-10-15 19:00:00","36689458","36183746","505712","26876.80173380174"
"2023-10-15 20:00:00","38250823","31987489","6263334","26843.16306564805"
"2023-10-15 21:00:00","37108569","30786575","6321994","26921.303982854562"
"2023-10-15 22:00:00","36358294","30750593","5607701","26875.713550053057"
"2023-10-15 23:00:00","39236056","33680112","5555944","26899.35590020964"
"2023-10-16 00:00:00","36017540","36175614","-158074","26926.924760186397"
"2023-10-16 01:00:00","34469790","36748473","-2278683","26980.670962605593"
"2023-10-16 02:00:00","33020709","40069344","-7048635","27057.724792328092"
"2023-10-16 03:00:00","33322989","38919896","-5596907","27038.8812527088"
"2023-10-16 04:00:00","33887551","39877284","-5989733","27197.083415758636"
"2023-10-16 05:00:00","30609158","33638541","-3029383","27179.371467944504"
"2023-10-16 06:00:00","28957228","29990655","-1033427","27117.83529978238"
"2023-10-16 07:00:00","32956607","29572381","3384226","27157.455487317227"
"2023-10-16 08:00:00","30225521","31909749","-1684228","27144.067773797924"
"2023-10-16 09:00:00","34832865","32412618","2420247","27192.980725821668"
"2023-10-16 10:00:00","32614352","35114239","-2499887","27186.742806026767"
"2023-10-16 11:00:00","32969182","33800544","-831362","27240.911176290883"
"2023-10-16 12:00:00","32213360","37254724","-5041364","27251.89023658933"
"2023-10-16 13:00:00","32635137","38143013","-5507876","27890.05947079474"
"2023-10-16 14:00:00","29994686","43862086","-13867400","27819.52791784877"
"2023-10-16 15:00:00","33747572","40953178","-7205606","27846.55888232436"
"2023-10-16 16:00:00","33998701","39485463","-5486762","27812.87661129978"
"2023-10-16 17:00:00","36511621","42921323","-6409702","27769.302449046812"
"2023-10-16 18:00:00","35047614","42885545","-7837931","27780.780334807834"
"2023-10-16 19:00:00","35149817","45598727","-10448910","27753.15335714334"
"2023-10-16 20:00:00","34537253","44205887","-9668634","27855.728565304937"
"2023-10-16 21:00:00","30351814","41044502","-10692688","27968.213683194666"
"2023-10-16 22:00:00","27172676","21669280","5503396","28198.084861929943"
"2023-10-16 23:00:00","34768795","29761364","5007431","28068.63049760667"
"2023-10-17 00:00:00","39170353","30103858","9066495","28092.3268396963"
"2023-10-17 01:00:00","43495143","31651848","11843295","28230.02148954815"
"2023-10-17 02:00:00","40843851","32242414","8601437","28568.8337771969"
"2023-10-17 03:00:00","32712182","37433416","-4721234","28441.199204742858"
"2023-10-17 04:00:00","31290596","30634728","655868","28377.139298716367"
"2023-10-17 05:00:00","34573960","31311512","3262448","28417.07233758728"
"2023-10-17 06:00:00","30190457","26490583","3699874","28516.27137682559"
"2023-10-17 07:00:00","32546513","30016223","2530290","28514.020908295304"
"2023-10-17 08:00:00","33353766","29636325","3717441","28287.04835271414"
"2023-10-17 09:00:00","41081326","29646824","11434502","28360.86155046974"
"2023-10-17 10:00:00","36286212","31220451","5065761","28385.716146762577"
"2023-10-17 11:00:00","37208261","32791936","4416325","28271.215997333606"
"2023-10-17 12:00:00","42113123","31636989","10476134","28196.610649915892"
"2023-10-17 13:00:00","38652136","31805897","6846239","28235.610493899258"
"2023-10-17 14:00:00","37411362","32917658","4493704","28241.912976555872"
"2023-10-17 15:00:00","37000517","31630690","5369827","28421.54668532635"
"2023-10-17 16:00:00","32027909","33007395","-979486","28468.71826660913"
"2023-10-17 17:00:00","35841711","30789535","5052176","28441.452696852593"
"2023-10-17 18:00:00","36328090","31626473","4701617","28503.086846159265"
"2023-10-17 19:00:00","33056109","29783054","3273055","28414.43835996275"
"2023-10-17 20:00:00","39654400","31494235","8160165","28294.58852328342"
"2023-10-17 21:00:00","41497188","29951640","11545548","28330.665673520976"
"2023-10-17 22:00:00","33809606","33652707","156899","28475.005053564368"
"2023-10-17 23:00:00","31247094","36206810","-4959716","28473.209916296655"
"2023-10-18 00:00:00","33670234","33616291","53943","28611.9447332704"
"2023-10-18 01:00:00","31263173","39017618","-7754445","28471.367181693364"
"2023-10-18 02:00:00","35793745","32548470","3245275","28372.973087634327"
"2023-10-18 03:00:00","37737320","32772499","4964821","28501.353586312634"
"2023-10-18 04:00:00","32083636","34996047","-2912411","28467.52494385418"
"2023-10-18 05:00:00","36715283","33102106","3613177","28500.307996120704"
"2023-10-18 06:00:00","32410788","31764849","645939","28423.869742229475"
"2023-10-18 07:00:00","36367166","32107480","4259686","28417.614507387098"
"2023-10-18 08:00:00","37425793","32402136","5023657","28391.261598951183"
"2023-10-18 09:00:00","39294663","32711366","6583297","28366.727487434127"
"2023-10-18 10:00:00","38271882","31306200","6965682","28468.66310036108"
"2023-10-18 11:00:00","36664904","35804846","860058","28528.66471369079"
"2023-10-18 12:00:00","36512766","35769457","743309","28749.323706104075"
"2023-10-18 13:00:00","28000058","30145168","-2145110","28691.200611959786"
"2023-10-18 14:00:00","33494397","29968992","3525405","28681.095729268964"
"2023-10-18 15:00:00","34632678","29476545","5156133","28502.51735243121"
"2023-10-18 16:00:00","34459630","24973199","9486431","28557.717825766285"
"2023-10-18 17:00:00","35665347","25180789","10484558","28477.05364621741"
"2023-10-18 18:00:00","37191554","19602467","17589087","28395.702949282742"
"2023-10-18 19:00:00","36587147","25255506","11331641","28355.038814661973"
"2023-10-18 20:00:00","38444563","25407070","13037493","28347.376814193347"
"2023-10-18 21:00:00","37786173","25802096","11984077","28355.080949959043"
"2023-10-18 22:00:00","38818458","25957959","12860499","28238.047854826807"
"2023-10-18 23:00:00","43972162","27437215","16534947","28279.78515494639"
"2023-10-19 00:00:00","44057448","33878361","10179087","28302.486545297492"
"2023-10-19 01:00:00","40523770","32980795","7542975","28334.1206509758"
"2023-10-19 02:00:00","39256662","29785958","9470704","28327.413898717703"
"2023-10-19 03:00:00","42615755","32668554","9947201","28292.58086004853"
"2023-10-19 04:00:00","39170381","26489047","12681334","28259.51758858319"
"2023-10-19 05:00:00","42376871","28686757","13690114","28282.12516754896"
"2023-10-19 06:00:00","30158971","21200842","8958129","28306.511104407993"
"2023-10-19 07:00:00","37657096","29808305","7848791","28329.110771773478"
"2023-10-19 08:00:00","38116831","30425716","7691115","28377.446512068585"
"2023-10-19 09:00:00","33905222","32227966","1677256","28252.124853738223"
"2023-10-19 10:00:00","36325588","30068770","6256818","28214.17118741833"
"2023-10-19 11:00:00","40206951","29331752","10875199","28230.24803650152"
"2023-10-19 12:00:00","37540544","33029004","4511540","28286.041342273777"
"2023-10-19 13:00:00","35481014","35716680","-235666","28317.46809082199"
"2023-10-19 14:00:00","38348982","37896676","452306","28304.709097225685"
"2023-10-19 15:00:00","34953622","33237908","1715714","28336.62347165103"
"2023-10-19 16:00:00","38531979","37168958","1363021","28329.729751168554"
"2023-10-19 17:00:00","40094877","37127650","2967227","28408.076490562693"
"2023-10-19 18:00:00","35207490","36300511","-1093021","28499.27728643206"
"2023-10-19 19:00:00","28428278","24018080","4410198","28444.25408967177"
"2023-10-19 20:00:00","37380835","33719392","3661443","28480.038398381632"
"2023-10-19 21:00:00","23642097","21759657","1882440","28490.273877825806"
"2023-10-19 22:00:00","26094329","22245236","3849093","28649.541797182388"
"2023-10-19 23:00:00","28019620","42550911","-14531291","28686.105559795746"
"2023-10-20 00:00:00","21227111","29870889","-8643778","28622.289444706337"
"2023-10-20 01:00:00","21789910","17679969","4109941","28633.093775998448"
"2023-10-20 02:00:00","35825349","26282612","9542737","28673.653820948693"
"2023-10-20 03:00:00","30454548","26533028","3921520","28729.173249484596"
"2023-10-20 04:00:00","28139112","34431423","-6292311","28744.083234849797"
"2023-10-20 05:00:00","31480099","28008207","3471892","28656.51871986823"
"2023-10-20 06:00:00","22267254","20853597","1413657","28691.620776330223"
"2023-10-20 07:00:00","31421523","29577580","1843943","28718.57691291069"
"2023-10-20 08:00:00","29589288","38911080","-9321792","28675.972259487626"
"2023-10-20 09:00:00","33294019","28504879","4789140","28668.57738436555"
"2023-10-20 10:00:00","33707330","30622115","3085215","28993.579958644146"
"2023-10-20 11:00:00","27059695","31395571","-4335876","29253.889746576904"
"2023-10-20 12:00:00","29906018","46467953","-16561935","29343.0051280804"
"2023-10-20 13:00:00","30216775","45520645","-15303870","29231.91298554506"
"2023-10-20 14:00:00","32813182","42436351","-9623169","29276.857422579335"
"2023-10-20 15:00:00","33104541","45814480","-12709939","29252.4238047026"
"2023-10-20 16:00:00","32904330","42180340","-9276010","29733.815494546317"
"2023-10-20 17:00:00","30551128","71152011","-40600883","29815.482813117582"
"2023-10-20 18:00:00","29216432","75073231","-45856799","29887.464361687034"
"2023-10-20 19:00:00","28834030","31821673","-2987643","29926.564489289056"
"2023-10-20 20:00:00","33809177","39215978","-5406801","29545.92870073647"
"2023-10-20 21:00:00","32841364","29724197","3117167","29572.706824897443"
"2023-10-20 22:00:00","33673084","34254321","-581237","29575.628151793324"
"2023-10-20 23:00:00","36245747","34497242","1748505","29564.189296256936"
"2023-10-21 00:00:00","36641399","33148808","3492591","29509.762005306828"
"2023-10-21 01:00:00","44472706","31968372","12504334","29510.33711575896"
"2023-10-21 02:00:00","34831224","33005890","1825334","29492.518990753928"
"2023-10-21 03:00:00","39242181","32840135","6402046","29529.77028807731"
"2023-10-21 04:00:00","31795973","34461916","-2665943","29589.5620685889"
"2023-10-21 05:00:00","35943539","32522244","3421295","29625.193336984787"
"2023-10-21 06:00:00","33781063","34280192","-499129","29663.089162981178"
"2023-10-21 07:00:00","41361603","37831680","3529923","29685.083429891944"
"2023-10-21 08:00:00","42917437","36214819","6702618","29640.65763451321"
"2023-10-21 09:00:00","40271479","35807814","4463665","29550.78141473244"
"2023-10-21 10:00:00","44718917","35187449","9531468","29501.78960827845"
"2023-10-21 11:00:00","45620896","31302943","14317953","29620.24326900035"
"2023-10-21 12:00:00","34074749","37348366","-3273617","29576.160901216168"
"2023-10-21 13:00:00","34906109","34262058","644051","29578.28332877281"
"2023-10-21 14:00:00","34579915","34232864","347051","29719.27459657078"
"2023-10-21 15:00:00","31449156","42208204","-10759048","29714.64492242824"
"2023-10-21 16:00:00","33024188","44170017","-11145829","29683.973054211194"
"2023-10-21 17:00:00","35281784","38914745","-3632961","29834.31482576346"
"2023-10-21 18:00:00","38347080","49688016","-11340936","29791.498254565002"
"2023-10-21 19:00:00","32032262","49658148","-17625886","29813.811459181536"
"2023-10-21 20:00:00","31847217","51915419","-20068202","29790.12140952277"
"2023-10-21 21:00:00","36552299","49215164","-12662865","29795.022213166834"
"2023-10-21 22:00:00","35089593","50100849","-15011256","29905.999361869497"
"2023-10-21 23:00:00","33221270","49504556","-16283286","29955.2607172436"
"2023-10-22 00:00:00","33201043","50321451","-17120408","29876.738810907882"
"2023-10-22 01:00:00","37805912","45307304","-7501392","30157.48614374707"
"2023-10-22 02:00:00","28495673","42383851","-13888178","30207.012391895896"
"2023-10-22 03:00:00","31057316","42849202","-11791886","30173.131774685015"
"2023-10-22 04:00:00","36583076","34027080","2555996","30020.717824794006"
"2023-10-22 05:00:00","35620329","30840870","4779459","30023.232579500393"
"2023-10-22 06:00:00","25641850","21849470","3792380","30019.94973606227"
"2023-10-22 07:00:00","36304448","31626973","4677475","29924.77147706307"
"2023-10-22 08:00:00","35222141","32223511","2998630","29982.696198934686"
"2023-10-22 09:00:00","35678181","32865051","2813130","29940.466339587907"
"2023-10-22 10:00:00","37378761","29952395","7426366","29883.481568953834"
"2023-10-22 11:00:00","38944614","29864208","9080406","29926.777920652297"
"2023-10-22 12:00:00","37111384","31252020","5859364","29971.374745473993"
"2023-10-22 13:00:00","37268983","32748414","4520569","30145.17814766645"
"2023-10-22 14:00:00","30217808","34460345","-4242537","30083.201953259053"
"2023-10-22 15:00:00","34328457","32811000","1517457","29837.338953950344"
"2023-10-22 16:00:00","33718799","27753897","5964902","29856.96524274695"
"2023-10-22 17:00:00","34747309","29023257","5724052","29908.892057487552"
"2023-10-22 18:00:00","35800241","32666847","3133394","29919.658405452687"
"2023-10-22 19:00:00","34481424","33981178","500246","29924.95746419434"
"2023-10-22 20:00:00","33122179","35122388","-2000209","29915.524800672927"
"2023-10-22 21:00:00","35003798","35657158","-653360","29969.524373824832"
"2023-10-22 22:00:00","37295246","38886062","-1590816","29889.937031339163"
"2023-10-22 23:00:00","36505676","34675415","1830261","29844.57842922748"
"2023-10-23 00:00:00","38140671","32643066","5497605","29877.956478295742"
"2023-10-23 01:00:00","40321815","37679900","2641915","29925.90687107172"
"2023-10-23 02:00:00","37615850","39812177","-2196327","29907.00452094095"
"2023-10-23 03:00:00","40569667","38719928","1849739","29896.011046734235"
"2023-10-23 04:00:00","41700948","33858034","7842914","29857.559422292423"
"2023-10-23 05:00:00","42578141","35078475","7499666","29788.78961829933"
"2023-10-23 06:00:00","31619167","23580802","8038365","29975.21632343637"
"2023-10-23 07:00:00","32179188","44035890","-11856702","29989.390063062016"
"2023-10-23 08:00:00","33655966","42332531","-8676565","30148.209996239424"
"2023-10-23 09:00:00","30657118","45086906","-14429788","30380.167171129757"
"2023-10-23 10:00:00","28836304","29752308","-916004","30387.98555657669"
"2023-10-23 11:00:00","33064411","33452335","-387924","30725.38346535756"
"2023-10-23 12:00:00","26445261","57460102","-31014841","30681.009617527267"
"2023-10-23 13:00:00","33317420","37575416","-4257996","30806.033880740088"
"2023-10-23 14:00:00","32711613","50924552","-18212939","30689.904696719983"
"2023-10-23 15:00:00","32923916","27815761","5108155","30512.45566356553"
"2023-10-23 16:00:00","34025623","27137947","6887676","30682.782950816374"
"2023-10-23 17:00:00","30112745","34368850","-4256105","30477.327650904343"
"2023-10-23 18:00:00","35298104","29331573","5966531","30560.059986033375"
"2023-10-23 19:00:00","33999824","33324990","674834","30658.6919851843"
"2023-10-23 20:00:00","31353211","34266444","-2913233","30643.558649983785"
"2023-10-23 21:00:00","34951840","34789101","162739","30639.21218354899"
"2023-10-23 22:00:00","28686546","31845951","-3159405","30780.21334088415"
"2023-10-23 23:00:00","30777214","52164395","-21387181","30899.413745399695"
"2023-10-24 00:00:00","117440557","53620040","63820517","31252.237046174683"
"2023-10-24 01:00:00","29183427","49782281","-20598854","31034.94227649535"
"2023-10-24 02:00:00","121310877","30639976","90670901","31140.114427835513"
"2023-10-24 03:00:00","31729483","46268151","-14538668","31440.665242963565"
"2023-10-24 04:00:00","33391008","54423199","-21032191","31577.52212192848"
"2023-10-24 05:00:00","31575509","30536455","1039054","31642.703264535"
"2023-10-24 06:00:00","25576128","31599756","-6023628","33258.47220713765"
"2023-10-24 07:00:00","20580940","25192459","-4611519","33080.55818303886"
"2023-10-24 08:00:00","26667463","29345986","-2678523","33654.5532680826"
"2023-10-24 09:00:00","32285224","25881475","6403749","34070.050836077644"
"2023-10-24 10:00:00","29500895","31819375","-2318480","34626.4543814478"
"2023-10-24 11:00:00","28175886","26800331","1375555","34185.46467774872"
"2023-10-24 12:00:00","31984301","29915617","2068684","34437.21981297054"
"2023-10-24 13:00:00","33489923","34502604","-1012681","33881.158163373024"
"2023-10-24 14:00:00","33152943","30383337","2769606","33922.93098042782"
"2023-10-24 15:00:00","32462089","33229588","-767499","34023.58482507697"
"2023-10-24 16:00:00","28839535","45837217","-16997682","34160.84521716866"
"2023-10-24 17:00:00","32988796","41125604","-8136808","34303.33727478304"
"2023-10-24 18:00:00","33508753","35181117","-1672364","34477.836762385596"
"2023-10-24 19:00:00","23813409","29197454","-5384045","34526.185070327396"
"2023-10-24 20:00:00","34441852","29774204","4667648","34606.78664660432"
"2023-10-24 21:00:00","40219856","35076711","5143145","34433.36302203896"
"2023-10-24 22:00:00","27419836","32422303","-5002467","34428.92041194059"
"2023-10-24 23:00:00","34443417","38059992","-3616575","33688.23724388707"
"2023-10-25 00:00:00","25328263","26134702","-806439","33947.033136001206"
"2023-10-25 01:00:00","32792886","31727038","1065848","33827.27269447714"
"2023-10-25 02:00:00","36000584","32403048","3597536","33827.35814948742"
"2023-10-25 03:00:00","31865210","34063119","-2197909","33803.77452844339"
"2023-10-25 04:00:00","29594188","27262865","2331323","33658.02025678144"
"2023-10-25 05:00:00","36921738","30710487","6211251","34160.05673900431"
"2023-10-25 06:00:00","19308607","20267302","-958695","34104.52767643286"
"2023-10-25 07:00:00","32787216","35227118","-2439902","33899.062791299635"
"2023-10-25 08:00:00","28651847","28989921","-338074","34013.70278271838"
"2023-10-25 09:00:00","33011714","35965877","-2954163","34188.906771206464"
"2023-10-25 10:00:00","34097957","37004720","-2906763","34002.99170804288"
"2023-10-25 11:00:00","37138682","36628190","510492","33997.951482365715"
"2023-10-25 12:00:00","36989872","33987212","3002660","34187.99803829544"
"2023-10-25 13:00:00","32909502","43685519","-10776017","34014.793621957"
"2023-10-25 14:00:00","41174643","34954562","6220081","34115.17212980194"
"2023-10-25 15:00:00","39996700","38977763","1018937","33886.739702997365"
"2023-10-25 16:00:00","35413055","32924639","2488416","33909.57370453825"
"2023-10-25 17:00:00","33373839","34727253","-1353414","34075.19313564104"
"2023-10-25 18:00:00","37026486","33736539","3289947","34236.18904535404"
"2023-10-25 19:00:00","28420944","38518881","-10097937","34196.07796946646"
"2023-10-25 20:00:00","26955136","31143855","-4188719","34338.057199999166"
"2023-10-25 21:00:00","32376733","43390971","-11014238","34495.187646878476"
"2023-10-25 22:00:00","26917286","34121901","-7204615","34785.20656203395"
"2023-10-25 23:00:00","32056116","57006317","-24950201","34897.23971251208"
"2023-10-26 00:00:00","35151323","46132130","-10980807","34580.818808333606"
"2023-10-26 01:00:00","32598838","23346719","9252119","34677.619512482896"
"2023-10-26 02:00:00","34499848","33099487","1400361","34679.884658505485"
"2023-10-26 03:00:00","35466196","37101319","-1635123","34776.53112978261"
"2023-10-26 04:00:00","34575804","36532940","-1957136","34685.94303646211"
"2023-10-26 05:00:00","40106088","40582218","-476130","34583.42556567503"
"2023-10-26 06:00:00","30899185","25788626","5110559","34619.83352695959"
"2023-10-26 07:00:00","41220498","36819348","4401150","34507.50321288865"
"2023-10-26 08:00:00","35143168","33074722","2068446","34637.23786404268"
"2023-10-26 09:00:00","29985622","39613893","-9628271","34707.945856103404"
"2023-10-26 10:00:00","36837274","45114081","-8276807","34766.95138017381"
"2023-10-26 11:00:00","33558717","54746270","-21187553","34805.60593289561"
"2023-10-26 12:00:00","34441278","55426236","-20984958","34701.249041979245"
"2023-10-26 13:00:00","36837863","57399054","-20561191","34532.65516980041"
"2023-10-26 14:00:00","41675533","36905328","4770205","34642.73848034946"
"2023-10-26 15:00:00","31076507","44909539","-13833032","34594.11682567308"
"2023-10-26 16:00:00","37444099","47741473","-10297374","34551.31030393407"
"2023-10-26 17:00:00","43908944","39049124","4859820","34436.16180831569"
"2023-10-26 18:00:00","43182958","36972947","6210011","34288.35596043865"
"2023-10-26 19:00:00","45637803","36353151","9284652","34120.170229754905"
"2023-10-26 20:00:00","37763452","28662774","9100678","34281.345378229904"
"2023-10-26 21:00:00","32571081","34200237","-1629156","34222.69841268642"
"2023-10-26 22:00:00","28629106","16917045","11712061","34199.06702545137"
"2023-10-26 23:00:00","42682160","35216734","7465426","34046.80662767421"
"2023-10-27 00:00:00","42800729","34417728","8383001","33780.06832911795"
"2023-10-27 01:00:00","49231367","32554728","16676639","33936.47931866595"
"2023-10-27 02:00:00","42750528","38326438","4424090","33967.44567245683"
"2023-10-27 03:00:00","44765235","37747245","7017990","34058.46171941638"
"2023-10-27 04:00:00","39935333","32325155","7610178","34185.490600816374"
"2023-10-27 05:00:00","31237866","40586825","-9348959","34112.46641905237"
"2023-10-27 06:00:00","23801501","25445969","-1644468","34241.483001105145"
"2023-10-27 07:00:00","31931001","37625048","-5694047","34153.69392246163"
"2023-10-27 08:00:00","33163341","33770506","-607165","34048.08430914657"
"2023-10-27 09:00:00","41069665","34431205","6638460","33848.612596454914"
"2023-10-27 10:00:00","48227653","31505145","16722508","34080.4480780427"
"2023-10-27 11:00:00","36045189","37382831","-1337642","34116.50890834666"
"2023-10-27 12:00:00","33998055","37033350","-3035295","34090.974038779714"
"2023-10-27 13:00:00","35022919","36760491","-1737572","34085.578991662165"
"2023-10-27 14:00:00","42824026","38207363","4616663","34240.83997238942"
"2023-10-27 15:00:00","36317546","44710388","-8392842","33955.432207491154"
"2023-10-27 16:00:00","45076066","30756080","14319986","34087.795992168816"
"2023-10-27 17:00:00","39338284","37043579","2294705","34142.2714523011"
"2023-10-27 18:00:00","38608565","42035106","-3426541","34096.73235066972"
"2023-10-27 19:00:00","45258409","37059624","8198785","34059.39712269006"
"2023-10-27 20:00:00","44812548","38234028","6578520","34070.29132804793"
"2023-10-27 21:00:00","38415340","36781803","1633537","34147.85357443312"
"2023-10-27 22:00:00","36876234","34552427","2323807","33918.796378518826"
"2023-10-27 23:00:00","51116257","33800490","17315767","33964.99583525672"
"2023-10-28 00:00:00","41223433","38802653","2420780","33893.74759044453"
"2023-10-28 01:00:00","50838082","33568753","17269329","33637.240855352415"
"2023-10-28 02:00:00","43803312","30788097","13015215","33591.484493330296"
"2023-10-28 03:00:00","41608311","32987572","8620739","33668.2649985905"
"2023-10-28 04:00:00","37072042","36423658","648384","33827.96641370334"
"2023-10-28 05:00:00","35035240","38705720","-3670480","33842.08144828137"
"2023-10-28 06:00:00","33989323","37327083","-3337760","33817.50995171405"
"2023-10-28 07:00:00","35828774","35837424","-8650","33908.75577168959"
"2023-10-28 08:00:00","45179616","39171460","6008156","33904.23609836528"
"2023-10-28 09:00:00","46294693","40200369","6094324","33915.194669375356"
"2023-10-28 10:00:00","48685918","39760746","8925172","34093.65641294406"
"2023-10-28 11:00:00","36288085","41261505","-4973420","34070.37527649033"
"2023-10-28 12:00:00","45070621","41190549","3880072","34088.99915542706"
"2023-10-28 13:00:00","42103497","40118339","1985158","34112.075497223166"
"2023-10-28 14:00:00","40998226","41593444","-595218","34075.30031448549"
"2023-10-28 15:00:00","44541189","37947654","6593535","34055.26259924291"
"2023-10-28 16:00:00","44351200","39913005","4438195","34102.91692922955"
"2023-10-28 17:00:00","41862347","41462005","400342","34104.09521653467"
"2023-10-28 18:00:00","42425870","41945460","480410","34114.64761076567"
"2023-10-28 19:00:00","42348817","41666882","681935","34188.41342694533"
"2023-10-28 20:00:00","41452596","37980819","3471777","34031.66049165661"
"2023-10-28 21:00:00","45566337","32780798","12785539","34126.35429970367"
"2023-10-28 22:00:00","41185404","35577848","5607556","34111.34597432281"
"2023-10-28 23:00:00","45775301","38104474","7670827","34203.354571867174"
"2023-10-29 00:00:00","34231076","39821231","-5590155","34140.89272123365"
"2023-10-29 01:00:00","45580205","35161899","10418306","34155.24598996099"
"2023-10-29 02:00:00","45098097","37572089","7526008","34195.14661900155"
"2023-10-29 03:00:00","40398837","46326418","-5927581","34130.39138729274"
"2023-10-29 04:00:00","46424503","35667533","10756970","34145.921346748706"
"2023-10-29 05:00:00","45466222","39792225","5673997","34212.61822562774"
"2023-10-29 06:00:00","30059366","37425319","-7365953","34127.16272974076"
"2023-10-29 07:00:00","44461125","37716745","6744380","34102.387695750724"
"2023-10-29 08:00:00","43882485","36571686","7310799","34091.420728680496"
"2023-10-29 09:00:00","45698262","34090038","11608224","34031.03993463482"
"2023-10-29 10:00:00","50546136","34961403","15584733","34047.22546687107"
"2023-10-29 11:00:00","49346672","37444878","11901794","33993.98255321167"
"2023-10-29 12:00:00","52065088","35201647","16863441","34036.36416016892"
"2023-10-29 13:00:00","47036019","38136690","8899329","34049.05193637675"
"2023-10-29 14:00:00","45940745","37395975","8544770","34104.18864728296"
"2023-10-29 15:00:00","35310301","34829169","481132","34103.09510182898"
"2023-10-29 16:00:00","40455271","32791184","7664087","34267.59516118383"
"2023-10-29 17:00:00","32688010","42813455","-10125445","34245.13446733595"
"2023-10-29 18:00:00","36493528","43646405","-7152877","34186.76370019404"
"2023-10-29 19:00:00","43042971","43825188","-782217","34283.2232577029"
"2023-10-29 20:00:00","37554520","44175498","-6620978","34437.02966382433"
"2023-10-29 21:00:00","32667266","47964905","-15297639","34384.99834586691"
"2023-10-29 22:00:00","45145996","38954893","6191103","34506.06137700042"
"2023-10-29 23:00:00","42006837","41565419","441418","34466.52247911008"
"2023-10-30 00:00:00","40675485","39444994","1230491","34433.86787262213"
"2023-10-30 01:00:00","45018423","40596079","4422344","34598.786406867795"
"2023-10-30 02:00:00","36265856","40416945","-4151089","34702.408620963244"
"2023-10-30 03:00:00","34098313","63339238","-29240925","34588.85149142488"
"2023-10-30 04:00:00","39717021","42236722","-2519701","34592.86769681805"
"2023-10-30 05:00:00","39014844","42817419","-3802575","34544.10274220538"
"2023-10-30 06:00:00","28277825","24027559","4250266","34718.88529848399"
"2023-10-30 07:00:00","36980559","67300511","-30319952","34534.4350097175"
"2023-10-30 08:00:00","38897167","38430144","467023","34473.758824482284"
"2023-10-30 09:00:00","43855137","36084985","7770152","34441.023232989275"
"2023-10-30 10:00:00","43549752","36130446","7419306","34329.63120956901"
"2023-10-30 11:00:00","46969800","34027518","12942282","34286.496052334274"
"2023-10-30 12:00:00","50818135","32421076","18397059","34322.15461873327"
"2023-10-30 13:00:00","48745404","38573365","10172039","34262.36930206884"
"2023-10-30 14:00:00","48327900","33969459","14358441","34302.92340594085"
"2023-10-30 15:00:00","47554475","34919403","12635072","34217.169657916435"
"2023-10-30 16:00:00","51880842","31714990","20165852","34396.46516373185"
"2023-10-30 17:00:00","34601316","35910508","-1309192","34521.63440716301"
"2023-10-30 18:00:00","32835165","37329655","-4494490","34551.79852217525"
"2023-10-30 19:00:00","41750167","44012923","-2262756","34595.40301046543"
"2023-10-30 20:00:00","33026706","51865529","-18838823","34590.34897080554"
"2023-10-30 21:00:00","35068414","34052634","1015780","34684.59955513078"
"2023-10-30 22:00:00","37332402","65828967","-28496565","34626.63578758018"
"2023-10-30 23:00:00","41543157","51918819","-10375662","34640.19000445452"
"2023-10-31 00:00:00","43333326","64074051","-20740725","34494.00539026169"
"2023-10-31 01:00:00","46899388","34945042","11954346","34333.50636997627"
"2023-10-31 02:00:00","41820800","30924858","10895942","34320.55106066587"
"2023-10-31 03:00:00","45183508","31354101","13829407","34432.331565215776"
"2023-10-31 04:00:00","36578960","39151370","-2572410","34462.14543746258"
"2023-10-31 05:00:00","38172703","38325161","-152458","34554.5089078694"
"2023-10-31 06:00:00","23915041","43619128","-19704087","34484.71194101061"
"2023-10-31 07:00:00","39258032","48725679","-9467647","34495.325591693196"
"2023-10-31 08:00:00","37519174","49725882","-12206708","34541.59190226146"
"2023-10-31 09:00:00","38393989","56321316","-17927327","34474.12105276467"
"2023-10-31 10:00:00","51491639","40475047","11016592","34378.50059501206"
"2023-10-31 11:00:00","49391359","35863747","13527612","34230.26627262055"
"2023-10-31 12:00:00","62205812","36022960","26182852","34253.79664413596"
"2023-10-31 13:00:00","60196935","33470882","26726053","34292.542521845826"
"2023-10-31 14:00:00","53789497","35997186","17792311","34263.8123628974"
"2023-10-31 15:00:00","53860035","33278129","20581906","34171.83858321179"
"2023-10-31 16:00:00","58413025","30976185","27436840","34394.31371959346"
"2023-10-31 17:00:00","34704910","40492006","-5787096","34451.60881092269"
"2023-10-31 18:00:00","31018709","41566380","-10547671","34468.254775598216"
"2023-10-31 19:00:00","34181025","44985350","-10804325","34533.65401151717"
"2023-10-31 20:00:00","36972872","60436993","-23464121","34356.08201938086"
"2023-10-31 21:00:00","44587427","33147755","11439672","34250.01684778543"
"2023-10-31 22:00:00","39220370","21165222","18055148","34343.916355710695"
"2023-10-31 23:00:00","45454605","41435694","4018911","34328.94341695928"
"2023-11-01 00:00:00","48004543","41049953","6954590","34432.827314309725"
"2023-11-01 01:00:00","35430371","51640063","-16209692","34388.37911308444"
"2023-11-01 02:00:00","43787938","52720816","-8932878","34486.549423571385"
"2023-11-01 03:00:00","31621854","56544558","-24922704","34493.23712192363"
"2023-11-01 04:00:00","34294036","60711523","-26417487","34655.650125286156"
"2023-11-01 05:00:00","35878950","73567353","-37688403","34481.62273351757"
"2023-11-01 06:00:00","29485391","40231857","-10746466","34577.52698886086"
"2023-11-01 07:00:00","36766635","60843164","-24076529","34671.23246893709"
"2023-11-01 08:00:00","35298515","75136290","-39837775","34528.113076489986"
"2023-11-01 09:00:00","45130541","50763157","-5632616","34513.940712189426"
"2023-11-01 10:00:00","45747665","49168086","-3420421","34465.82928033186"
"2023-11-01 11:00:00","48768915","39004688","9764227","34439.50173697627"
"2023-11-01 12:00:00","52345071","40434338","11910733","34448.522038832845"
"2023-11-01 13:00:00","53007403","41383301","11624102","34353.80277516611"
"2023-11-01 14:00:00","58165283","36230706","21934577","34403.73281280714"
"2023-11-01 15:00:00","55135638","41322073","13813565","34489.28611321289"
"2023-11-01 16:00:00","43484314","41673270","1811044","34471.087420802614"
"2023-11-01 17:00:00","47705146","44443910","3261236","34507.18076194062"
"2023-11-01 18:00:00","46185565","53370695","-7185130","34374.61253281559"
"2023-11-01 19:00:00","51633819","38292310","13341509","34457.42737956065"
"2023-11-01 20:00:00","47566630","38179655","9386975","34807.30321682853"
"2023-11-01 21:00:00","24610722","66401638","-41790916","34580.662224484426"
"2023-11-01 22:00:00","31461728","27617926","3843802","34210.96151413768"
"2023-11-01 23:00:00","52123644","31912511","20211133","34312.45353184327"
"2023-11-02 00:00:00","49270698","31141975","18128723","34475.83751687756"
"2023-11-02 01:00:00","44141164","44832469","-691305","34502.74076966538"
"2023-11-02 02:00:00","27446202","29521680","-2075478","34611.1608149015"
"2023-11-02 03:00:00","39473402","38546283","927119","34525.438916231666"
"2023-11-02 04:00:00","44657850","43240259","1417591","35316.36310124909"
"2023-11-02 05:00:00","20360788","38179356","-17818568","35398.7358113301"
"2023-11-02 06:00:00","19058069","29419974","-10361905","35257.2865054416"
"2023-11-02 07:00:00","30719798","39085011","-8365213","35415.78292613733"
"2023-11-02 08:00:00","31678890","41559817","-9880927","35424.714015472986"
"2023-11-02 09:00:00","35707344","36398455","-691111","35597.19171604699"
"2023-11-02 10:00:00","34577169","44645943","-10068774","35712.43852989543"
"2023-11-02 11:00:00","29052034","40655712","-11603678","35604.33310449217"
"2023-11-02 12:00:00","42177295","38159339","4017956","35511.49142629226"
"2023-11-02 13:00:00","43077430","34727828","8349602","35247.462832598154"
"2023-11-02 14:00:00","46779953","33050165","13729788","35248.715702644135"
"2023-11-02 15:00:00","46193926","34858410","11335516","35271.51342649667"
"2023-11-02 16:00:00","41393340","31802128","9591212","35336.258238596245"
"2023-11-02 17:00:00","36724307","36622135","102172","35377.43347341135"
"2023-11-02 18:00:00","36125707","39652672","-3526965","35409.10344152375"
"2023-11-02 19:00:00","37896128","38282350","-386222","35401.47002906804"
"2023-11-02 20:00:00","39464532","35739168","3725364","35336.90583629868"
"2023-11-02 21:00:00","50932218","39204185","11728033","34992.91458310024"
"2023-11-02 22:00:00","39895921","30565145","9330776","34956.32488787929"
"2023-11-02 23:00:00","42615999","36344256","6271743","34703.77399653926"
"2023-11-03 00:00:00","46364782","33595606","12769176","34641.99143013455"
"2023-11-03 01:00:00","37399809","34249805","3150004","34761.868913546576"
"2023-11-03 02:00:00","31494556","33493908","-1999352","34863.862191439446"
"2023-11-03 03:00:00","33535086","37054898","-3519812","35022.89036547254"
"2023-11-03 04:00:00","36998478","35307847","1690631","34930.47338421031"
"2023-11-03 05:00:00","36523389","34137242","2386147","34899.447118550175"
"2023-11-03 06:00:00","24217968","29375045","-5157077","34802.46430667543"
"2023-11-03 07:00:00","39018428","33451598","5566830","34941.98550458718"
"2023-11-03 08:00:00","29863554","31323839","-1460285","34508.21087353753"
"2023-11-03 09:00:00","44866384","31557450","13308934","34627.55954943757"
"2023-11-03 10:00:00","40358270","33842343","6515927","34679.45449993031"
"2023-11-03 11:00:00","38656889","35947782","2709107","34708.03026476502"
"2023-11-03 12:00:00","38538709","35802016","2736693","34377.05353980852"
"2023-11-03 13:00:00","52203551","28898265","23305286","34550.93928048651"
"2023-11-03 14:00:00","39166020","34882507","4283513","34460.954143236624"
"2023-11-03 15:00:00","46155099","34230854","11924245","34464.332450741065"
"2023-11-03 16:00:00","42098366","32297740","9800626","34467.75606929159"
"2023-11-03 17:00:00","38288971","32851883","5437088","34244.16943857354"
"2023-11-03 18:00:00","62140488","33912217","28228271","34244.71450594662"
"2023-11-03 19:00:00","61786418","37658759","24127659","34275.100169054225"
"2023-11-03 20:00:00","60998514","36196119","24802395","34370.144043802706"
"2023-11-03 21:00:00","41933321","36297791","5635530","34562.539314666894"
"2023-11-03 22:00:00","24986983","22948191","2038792","34739.60087091363"
"2023-11-03 23:00:00","39145857","44188663","-5042806","34800.891729834926"
"2023-11-04 00:00:00","29468472","41381540","-11913068","34653.92314689111"
"2023-11-04 01:00:00","27002352","25908803","1093549","34447.940049241406"
"2023-11-04 02:00:00","45808996","32807368","13001628","34560.64258189452"
"2023-11-04 03:00:00","40343799","35564767","4779032","34591.84792974708"
"2023-11-04 04:00:00","37487418","33712295","3775123","34616.52834001727"
"2023-11-04 05:00:00","38010024","38965274","-955250","34636.580943131536"
"2023-11-04 06:00:00","37927873","37002702","925171","34651.358642025814"
"2023-11-04 07:00:00","39400100","39078707","321393","34741.768830884044"
"2023-11-04 08:00:00","33956317","44970398","-11014081","34730.50973693369"
"2023-11-04 09:00:00","45596338","45917008","-320670","34803.5570998314"
"2023-11-04 10:00:00","40270165","47229072","-6958907","34717.53819696391"
"2023-11-04 11:00:00","43165651","39539126","3626525","34734.86512842604"
"2023-11-04 12:00:00","48395687","46687103","1708584","34697.37127952483"
"2023-11-04 13:00:00","48612208","45934910","2677298","34773.47371075592"
"2023-11-04 14:00:00","36712604","45860185","-9147581","34801.80099016005"
"2023-11-04 15:00:00","39844737","40562048","-717311","34803.57116149464"
"2023-11-04 16:00:00","38123732","42174618","-4050886","34880.75005075028"
"2023-11-04 17:00:00","39198377","48729457","-9531080","34798.61664035787"
"2023-11-04 18:00:00","42681076","44458877","-1777801","34787.53848539484"
"2023-11-04 19:00:00","44560524","43034586","1525938","34727.59312747395"
"2023-11-04 20:00:00","44108505","43597440","511065","34796.89937197395"
"2023-11-04 21:00:00","41638294","46717013","-5078719","34736.69944957747"
"2023-11-04 22:00:00","45837570","42151956","3685614","34763.2608142752"
"2023-11-04 23:00:00","46883985","43662781","3221204","34738.89202448678"
"2023-11-05 00:00:00","44870832","44920388","-49556","34726.90607650821"
"2023-11-05 01:00:00","43194252","41142502","2051750","34797.32659969239"
"2023-11-05 02:00:00","41870812","48130011","-6259199","34814.60180033659"
"2023-11-05 03:00:00","40985056","45701050","-4715994","34783.771121328224"
"2023-11-05 04:00:00","46280428","45116770","1163658","34794.149847029614"
"2023-11-05 05:00:00","41172629","48658089","-7485460","34842.012416103826"
"2023-11-05 06:00:00","32739330","32056907","682423","35210.608099109384"
"2023-11-05 07:00:00","36694204","54220532","-17526328","35091.862445583145"
"2023-11-05 08:00:00","38545883","39945044","-1399161","35024.617441830786"
"2023-11-05 09:00:00","44831429","35302111","9529318","35106.08066817127"
"2023-11-05 10:00:00","39278458","43334968","-4056510","35084.90867633006"
"2023-11-05 11:00:00","39779599","41643391","-1863792","35318.50482437472"
"2023-11-05 12:00:00","30686986","50060964","-19373978","35199.378381033486"
"2023-11-05 13:00:00","31206251","38705498","-7499247","35200.591548490345"
"2023-11-05 14:00:00","37888107","47928375","-10040268","35093.01825012219"
"2023-11-05 15:00:00","40584410","36951725","3632685","35204.12507808115"
"2023-11-05 16:00:00","36629002","44134450","-7505448","35069.412574944276"
"2023-11-05 17:00:00","45774818","33337037","12437781","35127.85251265634"
"2023-11-05 18:00:00","38726092","38301399","424693","35167.70126052336"
"2023-11-05 19:00:00","40209286","40262544","-53258","35111.75780132679"
"2023-11-05 20:00:00","41718612","34378763","7339849","35116.70690080881"
"2023-11-05 21:00:00","42678683","36796878","5881805","34877.72704067643"
"2023-11-05 22:00:00","42666001","26630471","16035530","34935.35868322561"
"2023-11-05 23:00:00","45557462","32927786","12629676","34930.38635342308"
"2023-11-06 00:00:00","44203751","34350115","9853636","34981.94484827812"
"2023-11-06 01:00:00","41197826","36475879","4721947","35099.90781927172"
"2023-11-06 02:00:00","38948848","35282774","3666074","35057.36722603168"
"2023-11-06 03:00:00","42432839","35341815","7091024","35023.147262366016"
"2023-11-06 04:00:00","43673513","33388225","10285288","35051.5220169541"
"2023-11-06 05:00:00","43928194","40615223","3312971","34676.55113349953"
"2023-11-06 06:00:00","47206985","28874555","18332430","35002.61031297382"
"2023-11-06 07:00:00","18585193","25718703","-7133510","35048.08070078922"
"2023-11-06 08:00:00","33873178","32197309","1675869","35078.83171813671"
"2023-11-06 09:00:00","35040015","37346340","-2306325","34912.234861816505"
"2023-11-06 10:00:00","33198672","29049599","4149073","34924.82220024644"
"2023-11-06 11:00:00","36114493","32170354","3944139","34999.54850328916"
"2023-11-06 12:00:00","35590427","33462636","2127791","34893.107836682175"
"2023-11-06 13:00:00","38015090","31320330","6694760","34820.04152540539"
"2023-11-06 14:00:00","48154170","33439393","14714777","34876.91596764902"
"2023-11-06 15:00:00","41634351","36126107","5508244","34891.89263798528"
"2023-11-06 16:00:00","36537229","34585815","1951414","34964.329486720584"
"2023-11-06 17:00:00","35345564","37677780","-2332216","35116.12133093726"
"2023-11-06 18:00:00","31919040","42204603","-10285563","35189.229984226025"
"2023-11-06 19:00:00","33457771","45487761","-12029990","35236.610323831854"
"2023-11-06 20:00:00","35386977","48280766","-12893789","35231.152845187135"
"2023-11-06 21:00:00","35898488","45267597","-9369109","35043.14326032004"
"2023-11-06 22:00:00","40784168","37194347","3589821","35202.4591941854"
"2023-11-06 23:00:00","34275329","46822737","-12547408","35085.89124422195"
"2023-11-07 00:00:00","38767652","39331921","-564269","34989.97103780577"
"2023-11-07 01:00:00","46491317","38640123","7851194","35000.234143160575"
"2023-11-07 02:00:00","48001451","41327746","6673705","34971.769975592775"
"2023-11-07 03:00:00","40710658","36611694","4098964","35086.162542982056"
"2023-11-07 04:00:00","40869246","47519832","-6650586","35033.271460264834"
"2023-11-07 05:00:00","40995349","42211077","-1215728","35025.64872773072"
"2023-11-07 06:00:00","41091986","41969036","-877050","35133.639779649646"
"2023-11-07 07:00:00","29248990","38232919","-8983929","35047.9167353945"
"2023-11-07 08:00:00","37510676","45883397","-8372721","34952.75480104558"
"2023-11-07 09:00:00","45333457","42590197","2743260","34957.94435926126"
"2023-11-07 10:00:00","43457511","43605663","-148152","34831.658656107604"
"2023-11-07 11:00:00","52977892","33584461","19393431","34935.81758554592"
"2023-11-07 12:00:00","46166926","42412576","3754350","34923.2592987424"
"2023-11-07 13:00:00","48061687","42466609","5595078","34917.83843908138"
"2023-11-07 14:00:00","49307639","43126080","6181559","34993.20583499486"
"2023-11-07 15:00:00","42653568","47685583","-5032015","34952.48839605413"
"2023-11-07 16:00:00","47753544","43940175","3813369","34918.94052971625"
"2023-11-07 17:00:00","49640401","44092629","5547772","34856.60054732119"
"2023-11-07 18:00:00","52572173","33852626","18719547","34637.06955757801"
"2023-11-07 19:00:00","52759866","33288378","19471488","34651.78757604014"
"2023-11-07 20:00:00","52856728","29200619","23656109","34739.65026025011"
"2023-11-07 21:00:00","47106177","35273980","11832197","34782.55846158859"
"2023-11-07 22:00:00","41638505","35281389","6357116","34866.01614079144"
"2023-11-07 23:00:00","44415352","39518125","4897227","34721.704831059804"
"2023-11-08 00:00:00","49571749","34583975","14987774","34692.37261179576"
"2023-11-08 01:00:00","51473911","34719803","16754108","34865.65573399617"
"2023-11-08 02:00:00","35131926","38979593","-3847667","35362.82894137968"
"2023-11-08 03:00:00","33557686","38855719","-5298033","35480.487425478655"
"2023-11-08 04:00:00","33935538","41116770","-7181232","35777.692999102255"
"2023-11-08 05:00:00","29850565","49886047","-20035482","35526.25140950209"
"2023-11-08 06:00:00","33722164","33096640","625524","35322.233455305286"
"2023-11-08 07:00:00","32579944","22974935","9605009","35445.69636695503"
"2023-11-08 08:00:00","33254456","31383987","1870469","35374.70477360335"
"2023-11-08 09:00:00","38590996","32436970","6154026","35397.73564876283"
"2023-11-08 10:00:00","37208514","28710892","8497622","35314.75342566233"
"2023-11-08 11:00:00","44347597","34418655","9928942","35284.27786438481"
"2023-11-08 12:00:00","46461340","32705542","13755798","35349.601792290356"
"2023-11-08 13:00:00","45863747","36024886","9838861","35280.71827315599"
"2023-11-08 14:00:00","46415827","36302521","10113306","35301.65194939814"
"2023-11-08 15:00:00","44902711","36095963","8806748","35242.88341678197"
"2023-11-08 16:00:00","47767741","34046818","13720923","35306.725521102344"
"2023-11-08 17:00:00","45667422","35905111","9762311","35323.15353257263"
"2023-11-08 18:00:00","47963197","38114439","9848758","35418.11228789076"
"2023-11-08 19:00:00","41415950","35595958","5819992","35335.604367810774"
"2023-11-08 20:00:00","45727970","37342259","8385711","35412.262444368476"
"2023-11-08 21:00:00","39717327","40862410","-1145083","35418.017758568145"
"2023-11-08 22:00:00","38873599","43262940","-4389341","35301.80659536825"
"2023-11-08 23:00:00","46612731","35368960","11243771","35225.446520097714"
"2023-11-09 00:00:00","50191321","36435933","13755388","35416.35803549768"
"2023-11-09 01:00:00","37327449","40073372","-2745923","35326.23137404817"
"2023-11-09 02:00:00","48193451","37717579","10475872","35590.247050440004"
"2023-11-09 03:00:00","36181604","49297990","-13116386","35651.87601072347"
"2023-11-09 04:00:00","35264852","51639787","-16374935","35613.32101800584"
"2023-11-09 05:00:00","38316536","48206783","-9890247","35585.77858086016"
"2023-11-09 06:00:00","39619869","35084621","4535248","35811.694207545144"
"2023-11-09 07:00:00","25149164","45925946","-20776782","35655.169547637815"
"2023-11-09 08:00:00","39564513","29976536","9587977","35872.158892903186"
"2023-11-09 09:00:00","37521522","47942989","-10421467","35928.963393719954"
"2023-11-09 10:00:00","35867467","43491014","-7623547","36365.85256548923"
"2023-11-09 11:00:00","39652685","33998975","5653710","36429.232488786125"
"2023-11-09 12:00:00","39191508","42753867","-3562359","36730.098026206295"
"2023-11-09 13:00:00","36266189","57385722","-21119533","36593.355377476124"
"2023-11-09 14:00:00","35748464","41562273","-5813809","36748.66788793933"
"2023-11-09 15:00:00","36927796","63716181","-26788385","36576.72972696604"
"2023-11-09 16:00:00","39533171","38161735","1371436","36709.60532127165"
"2023-11-09 17:00:00","36882668","57302767","-20420099","36840.70670895935"
"2023-11-09 18:00:00","33403384","67920073","-34516689","36802.645967089156"
"2023-11-09 19:00:00","40128372","54752405","-14624033","36833.672208919306"
"2023-11-09 20:00:00","38145773","58362753","-20216980","36892.32916574962"
"2023-11-09 21:00:00","41670408","53910138","-12239730","37166.04311856935"
"2023-11-09 22:00:00","33208148","75137143","-41928995","37885.736416321764"
"2023-11-09 23:00:00","29528235","47293973","-17765738","37136.73081233318"
"2023-11-10 00:00:00","38249471","27945082","10304389","36412.039009440276"
"2023-11-10 01:00:00","31946139","29054279","2891860","36683.19269526117"
"2023-11-10 02:00:00","27663494","28277479","-613985","36410.27477701567"
"2023-11-10 03:00:00","34563949","19088717","15475232","36399.44020804354"
"2023-11-10 04:00:00","45175993","31611702","13564291","36567.03777608415"
"2023-11-10 05:00:00","31045692","32527900","-1482208","36537.287395412626"
"2023-11-10 06:00:00","33705710","32268173","1437537","36563.98947106394"
"2023-11-10 07:00:00","27294144","25740183","1553961","36707.5418917616"
"2023-11-10 08:00:00","27412092","33701959","-6289867","36489.731648034554"
"2023-11-10 09:00:00","39218748","33360383","5858365","36697.32413299059"
"2023-11-10 10:00:00","43392009","43910911","-518902","36867.227645267485"
"2023-11-10 11:00:00","44125172","44464162","-338990","36748.26621149156"
"2023-11-10 12:00:00","44257252","41461382","2795870","36784.09929305463"
"2023-11-10 13:00:00","43193778","45457707","-2263929","36747.76656078376"
"2023-11-10 14:00:00","47679702","45201500","2478202","36600.514694741665"
"2023-11-10 15:00:00","45582910","32895542","12687368","36441.435186239374"
"2023-11-10 16:00:00","37376383","28283355","9093028","36517.335239928296"
"2023-11-10 17:00:00","38396758","32442083","5954675","36563.37448244318"
"2023-11-10 18:00:00","40795663","38435779","2359884","36705.95696457751"
"2023-11-10 19:00:00","34047723","44163742","-10116019","37090.532409666244"
"2023-11-10 20:00:00","31420301","40990180","-9569879","37189.19443552576"
"2023-11-10 21:00:00","30425372","42604108","-12178736","36950.1855382444"
"2023-11-10 22:00:00","36218268","33116426","3101842","37076.96460339221"
"2023-11-10 23:00:00","43855673","40453835","3401838","37100.072534486375"
"2023-11-11 00:00:00","36718478","41576347","-4857869","37404.19466345982"
"2023-11-11 01:00:00","34635038","46241000","-11605962","37211.12141680523"
"2023-11-11 02:00:00","32331336","34998970","-2667634","37253.01867914827"
"2023-11-11 03:00:00","33935358","37025823","-3090465","37246.85021007834"
"2023-11-11 04:00:00","38413464","39338071","-924607","37280.34761387716"
"2023-11-11 05:00:00","34618684","41392683","-6773999","37308.790060501706"
"2023-11-11 06:00:00","36079104","44928714","-8849610","37394.612123302104"
"2023-11-11 07:00:00","32444010","37852547","-5408537","37335.74191433333"
"2023-11-11 08:00:00","37050087","36844102","205985","37336.18179267114"
"2023-11-11 09:00:00","37968975","40610879","-2641904","37092.043681349"
"2023-11-11 10:00:00","38194423","30596163","7598260","37148.39354106452"
"2023-11-11 11:00:00","38452348","35910326","2542022","37081.77602544038"
"2023-11-11 12:00:00","44121975","35483053","8638922","37116.32137511765"
"2023-11-11 13:00:00","41429615","36197686","5231929","37109.85876949882"
"2023-11-11 14:00:00","40721847","36962624","3759223","37119.47233492545"
"2023-11-11 15:00:00","41731834","38011756","3720078","37052.43276994545"
"2023-11-11 16:00:00","43603650","33083404","10520246","37017.71001396668"
"2023-11-11 17:00:00","46566438","32814283","13752155","37078.87461943376"
"2023-11-11 18:00:00","43092867","37827468","5265399","37053.904091379365"
"2023-11-11 19:00:00","47176982","37336590","9840392","37046.21706731261"
"2023-11-11 20:00:00","45212879","37940901","7271978","37146.35649126069"
"2023-11-11 21:00:00","40879701","42665283","-1785582","37187.04631844921"
"2023-11-11 22:00:00","42260138","44146807","-1886669","37297.342524211876"
"2023-11-11 23:00:00","40484285","49798498","-9314213","37120.695613773045"
"2023-11-12 00:00:00","45572422","39669117","5903305","37203.84436305923"
"2023-11-12 01:00:00","43177716","46594972","-3417256","37150.985735896706"
"2023-11-12 02:00:00","34271497","36488899","-2217402","37159.32007482314"
"2023-11-12 03:00:00","43321765","45246445","-1924680","37185.2086726026"
"2023-11-12 04:00:00","43324927","49149509","-5824582","37037.8254379"
"2023-11-12 05:00:00","47851004","38366834","9484170","37015.887696157"
"2023-11-12 06:00:00","45640453","35593347","10047106","36901.40420786636"
"2023-11-12 07:00:00","26780565","27976264","-1195699","37171.31102316358"
"2023-11-12 08:00:00","26879587","45096718","-18217131","36929.161735239846"
"2023-11-12 09:00:00","28943121","33333280","-4390159","36993.50692299811"
"2023-11-12 10:00:00","34977215","41277730","-6300515","36930.84752750294"
"2023-11-12 11:00:00","37437495","37026351","411144","37018.69567936613"
"2023-11-12 12:00:00","34839758","42412107","-7572349","37040.49188352743"
"2023-11-12 13:00:00","33388142","42719782","-9331640","37144.7686920088"
"2023-11-12 14:00:00","30615064","46657789","-16042725","37184.67432418583"
"2023-11-12 15:00:00","31799532","53148016","-21348484","37162.85529225108"
"2023-11-12 16:00:00","31898859","49037276","-17138417","37126.53682967002"
"2023-11-12 17:00:00","38502312","53494485","-14992173","37097.40473820469"
"2023-11-12 18:00:00","38216238","52512265","-14296027","37138.27156502973"
"2023-11-12 19:00:00","37172963","54157095","-16984132","37102.894737618"
"2023-11-12 20:00:00","38164894","52031248","-13866354","37050.692038423265"
"2023-11-12 21:00:00","36582121","48003029","-11420908","37116.543277802404"
"2023-11-12 22:00:00","36153973","50896298","-14742325","37189.19965339777"
"2023-11-12 23:00:00","34751702","59302898","-24551196","37205.51253071247"
"2023-11-13 00:00:00","36314313","48484497","-12170184","37161.884774269376"
"2023-11-13 01:00:00","37959254","47832806","-9873552","37112.966921231106"
"2023-11-13 02:00:00","38391059","48215466","-9824407","37191.91106774147"
"2023-11-13 03:00:00","37063585","48077306","-11013721","37129.193588088725"
"2023-11-13 04:00:00","37277595","46705087","-9427492","37163.55045270635"
"2023-11-13 05:00:00","37413310","49043193","-11629883","37184.34062622523"
"2023-11-13 06:00:00","38165092","49211480","-11046388","37169.147563493185"
"2023-11-13 07:00:00","30681765","39524091","-8842326","37072.073841645164"
"2023-11-13 08:00:00","39116223","39689705","-573482","37134.29514873744"
"2023-11-13 09:00:00","41042751","43006241","-1963490","37218.74016593383"
"2023-11-13 10:00:00","38081794","35765895","2315899","37181.54611960992"
"2023-11-13 11:00:00","44403292","39184717","5218575","36914.799594063006"
"2023-11-13 12:00:00","46705720","33881698","12824022","36958.90734888836"
"2023-11-13 13:00:00","45207877","37207314","8000563","36946.98098019876"
"2023-11-13 14:00:00","46677264","39618542","7058722","36964.56940656419"
"2023-11-13 15:00:00","38833546","38302859","530687","36978.2383216207"
"2023-11-13 16:00:00","37682227","35329374","2352853","37052.737638970655"
"2023-11-13 17:00:00","37872688","41977976","-4105288","37007.954555119366"
"2023-11-13 18:00:00","39317147","40605348","-1288201","36981.786797382956"
"2023-11-13 19:00:00","43412882","41586929","1825953","36833.883648174895"
"2023-11-13 20:00:00","40766880","37017895","3748985","36964.799891684794"
"2023-11-13 21:00:00","38213604","40958563","-2744959","36846.0305413408"
"2023-11-13 22:00:00","46279709","40789075","5490634","36811.61916877982"
"2023-11-13 23:00:00","43180174","40344057","2836117","36821.47365601314"
"2023-11-14 00:00:00","45818169","37402248","8415921","36866.91914494705"
"2023-11-14 01:00:00","43044701","36145260","6899441","36703.560482911504"
"2023-11-14 02:00:00","55421518","34393508","21028010","36753.311366254035"
"2023-11-14 03:00:00","58498118","35824758","22673360","36853.753087761965"
"2023-11-14 04:00:00","52043312","38023475","14019837","36766.54541394416"
"2023-11-14 05:00:00","53958569","36281559","17677010","36520.389847885504"
"2023-11-14 06:00:00","36544346","33308076","3236270","36494.147611283675"
"2023-11-14 07:00:00","27138428","19728619","7409809","36487.58734908907"
"2023-11-14 08:00:00","35225580","28150439","7075141","36227.42694273968"
"2023-11-14 09:00:00","48046343","30893209","17153134","36354.48115559797"
"2023-11-14 10:00:00","60738598","33851264","26887334","36431.477901193975"
"2023-11-14 11:00:00","52124053","32922960","19201093","36458.60129182282"
"2023-11-14 12:00:00","48526707","38503650","10023057","36495.268476345074"
"2023-11-14 13:00:00","46201255","34704339","11496916","36638.34212720543"
"2023-11-14 14:00:00","38030046","37360533","669513","36670.439853674485"
"2023-11-14 15:00:00","38882067","42022916","-3140849","36702.575604560836"
"2023-11-14 16:00:00","31948808","41364930","-9416122","36757.27877953158"
"2023-11-14 17:00:00","31727631","52323151","-20595520","36513.72421206901"
"2023-11-14 18:00:00","43872202","36517173","7355029","36514.324015907914"
"2023-11-14 19:00:00","49971744","42647924","7323820","36305.07395955628"
"2023-11-14 20:00:00","53804533","30776058","23028475","36330.95817526482"
"2023-11-14 21:00:00","53951924","31905182","22046742","36444.95255396193"
"2023-11-14 22:00:00","32074903","29491371","2583532","36577.37638196667"
"2023-11-14 23:00:00","35217984","38425667","-3207683","36133.6632558885"
"2023-11-15 00:00:00","33796426","25976695","7819731","36261.17807646324"
"2023-11-15 01:00:00","34024396","32528141","1496255","36097.7597840675"
"2023-11-15 02:00:00","40258506","34999197","5259309","35258.00096175778"
"2023-11-15 03:00:00","22730944","18267593","4463351","35294.019150516826"
"2023-11-15 04:00:00","30058825","26435527","3623298","35303.4018946462"
"2023-11-15 05:00:00","32538106","27858883","4679223","35605.380803477005"
"2023-11-15 06:00:00","28768059","32502946","-3734887","35619.73124555021"
"2023-11-15 07:00:00","23698099","30849773","-7151674","35542.16941710504"
"2023-11-15 08:00:00","30076501","33262487","-3185986","35530.89826892106"
"2023-11-15 09:00:00","34208937","35285089","-1076152","35494.909280614855"
"2023-11-15 10:00:00","31974956","30857716","1117240","35478.097998727964"
"2023-11-15 11:00:00","32534545","30542484","1992061","35398.41924562616"
"2023-11-15 12:00:00","34595833","29556817","5039016","35575.16962888933"
"2023-11-15 13:00:00","30364791","34433741","-4068950","35624.57100101381"
"2023-11-15 14:00:00","30039257","32886185","-2846928","35593.25161490231"
"2023-11-15 15:00:00","29849248","33973253","-4124005","35603.07297377298"
"2023-11-15 16:00:00","32606332","35180571","-2574239","35814.085456852066"
"2023-11-15 17:00:00","33028204","37536392","-4508188","35825.20365581571"
"2023-11-15 18:00:00","33928611","37365825","-3437214","35887.76388145395"
"2023-11-15 19:00:00","34343773","39569226","-5225453","36254.658928760546"
"2023-11-15 20:00:00","33237370","39663971","-6426601","36281.03341877575"
"2023-11-15 21:00:00","33355075","35900166","-2545091","36125.19451281067"
"2023-11-15 22:00:00","34302037","31062493","3239544","36155.63999293931"
"2023-11-15 23:00:00","33285233","29270511","4014722","36365.390137660565"
"2023-11-16 00:00:00","26133576","34292597","-8159021","36399.532249309595"
"2023-11-16 01:00:00","36684448","35516072","1168376","36497.810756512605"
"2023-11-16 02:00:00","35163736","36456929","-1293193","37464.25038199137"
"2023-11-16 03:00:00","33282793","46944967","-13662174","37489.22321155102"
"2023-11-16 04:00:00","30743998","41727534","-10983536","37563.01829256862"
"2023-11-16 05:00:00","28884487","43489949","-14605462","37643.07368201883"
"2023-11-16 06:00:00","32470238","62265651","-29795413","37731.9236681002"
"2023-11-16 07:00:00","24795143","54823464","-30028321","37883.57597670412"
"2023-11-16 08:00:00","31825205","52921673","-21096468","37772.30959560647"
"2023-11-16 09:00:00","34624075","57568852","-22944777","37476.28623881013"
"2023-11-16 10:00:00","36422445","32924729","3497716","37547.84441017209"
"2023-11-16 11:00:00","33694152","40048403","-6354251","37470.58607164053"
"2023-11-16 12:00:00","36313503","36667267","-353764","37455.32599828231"
"2023-11-16 13:00:00","36250900","39563766","-3312866","37468.98400616358"
"2023-11-16 14:00:00","38027306","39460280","-1432974","37539.14980996203"
"2023-11-16 15:00:00","34833446","43321092","-8487646","37448.93507392481"
"2023-11-16 16:00:00","37452707","36213864","1238843","37322.58057624745"
"2023-11-16 17:00:00","42444111","35336679","7107432","37369.88664068238"
"2023-11-16 18:00:00","40122601","38040893","2081708","37323.98799349427"
"2023-11-16 19:00:00","42034190","37821041","4213149","37292.34505794955"
"2023-11-16 20:00:00","39890065","32683470","7206595","37198.0171682341"
"2023-11-16 21:00:00","42899276","35017173","7882103","36845.77000617029"
"2023-11-16 22:00:00","38887410","34348537","4538873","36785.192534703216"
"2023-11-16 23:00:00","25620968","20269678","5351290","36450.455168539156"
"2023-11-17 00:00:00","39945405","25788607","14156798","36579.553131328634"
"2023-11-17 01:00:00","33422658","30083964","3338694","36477.83244438641"
"2023-11-17 02:00:00","46528483","31670030","14858453","36229.45302870745"
"2023-11-17 03:00:00","41023371","43065137","-2041766","35742.636063248596"
"2023-11-17 04:00:00","27135543","33057603","-5922060","36052.33155531364"
"2023-11-17 05:00:00","29704416","28148443","1555973","36032.16687201576"
"2023-11-17 06:00:00","24455799","21150778","3305021","36275.920113156055"
"2023-11-17 07:00:00","18599172","24481023","-5881851","36196.98708263106"
"2023-11-17 08:00:00","28826888","33632903","-4806015","36360.807232174004"
"2023-11-17 09:00:00","31916910","38570006","-6653096","36491.206591188595"
"2023-11-17 10:00:00","27718257","30727265","-3009008","36467.242449326615"
"2023-11-17 11:00:00","34957567","37773044","-2815477","36495.12440662172"
"2023-11-17 12:00:00","34728212","35725086","-996874","36451.50586859907"
"2023-11-17 13:00:00","31454440","36483026","-5028586","36331.75334490189"
"2023-11-17 14:00:00","36161283","33008837","3152446","36403.46559248303"
"2023-11-17 15:00:00","34048742","30367787","3680955","36282.98131383097"
"2023-11-17 16:00:00","36673397","30987176","5686221","36380.41743712084"
"2023-11-17 17:00:00","31567911","31886313","-318402","36319.11349506807"
"2023-11-17 18:00:00","32530459","31897924","632535","36337.605480200386"
"2023-11-17 19:00:00","35263605","36299955","-1036350","36390.18394009108"
"2023-11-17 20:00:00","35804714","35799723","4991","36457.07342426298"
"2023-11-17 21:00:00","29709988","33482198","-3772210","36378.16193191205"
"2023-11-17 22:00:00","39782164","32875969","6906195","36105.9126830021"
"2023-11-17 23:00:00","29747662","25501073","4246589","36029.81809589983"
"2023-11-18 00:00:00","37370711","30819814","6550897","36022.907993787856"
"2023-11-18 01:00:00","41894058","29999249","11894809","36474.23707336462"
"2023-11-18 02:00:00","31491768","32476068","-984300","36464.94761878057"
"2023-11-18 03:00:00","36060593","34871889","1188704","36340.778099982526"
"2023-11-18 04:00:00","36733656","28240792","8492864","36439.190205734885"
"2023-11-18 05:00:00","23682556","24996473","-1313917","36414.46839362236"
"2023-11-18 06:00:00","34868480","34882792","-14312","36546.22903405051"
"2023-11-18 07:00:00","30058283","32134993","-2076710","36604.91262673173"
"2023-11-18 08:00:00","29012450","32171740","-3159290","36446.34251240138"
"2023-11-18 09:00:00","35988286","35620173","368113","36446.97277933354"
"2023-11-18 10:00:00","36376288","36223138","153150","36446.5785842697"
"2023-11-18 11:00:00","35506903","33460234","2046669","36400.30606112356"
"2023-11-18 12:00:00","39426991","33324124","6102867","36417.73635459506"
"2023-11-18 13:00:00","39650154","30119426","9530728","36369.25731028435"
"2023-11-18 14:00:00","43169317","35840397","7328920","36295.62224953699"
"2023-11-18 15:00:00","43010095","33544577","9465518","36411.70670766565"
"2023-11-18 16:00:00","34935928","37208804","-2272876","36474.8355165314"
"2023-11-18 17:00:00","33361724","40195357","-6833633","36442.02520036857"
"2023-11-18 18:00:00","38705037","35367248","3337789","36475.71357987548"
"2023-11-18 19:00:00","33864034","43683671","-9819637","36456.94406109519"
"2023-11-18 20:00:00","34619525","35398278","-778753","36486.1098578193"
"2023-11-18 21:00:00","35125305","48507809","-13382504","36466.478987327515"
"2023-11-18 22:00:00","33075753","40903782","-7828029","36539.60450548444"
"2023-11-18 23:00:00","36155488","45236512","-9081024","36672.58968806752"
"2023-11-19 00:00:00","31352850","50692940","-19340090","36714.1316467466"
"2023-11-19 01:00:00","36756638","43716829","-6960191","36661.39337324056"
"2023-11-19 02:00:00","33660884","34696413","-1035529","36761.41195091273"
"2023-11-19 03:00:00","34727971","42234795","-7506824","36722.75932696896"
"2023-11-19 04:00:00","34242399","41001200","-6758801","36635.56265663226"
"2023-11-19 05:00:00","32910154","37478785","-4568631","36596.15624239905"
"2023-11-19 06:00:00","35565465","36326807","-761342","36538.78233978552"
"2023-11-19 07:00:00","25518500","25529613","-11113","36592.43534726244"
"2023-11-19 08:00:00","31009592","36076099","-5066507","36524.02580194428"
"2023-11-19 09:00:00","37851414","31139777","6711637","36529.59668951923"
"2023-11-19 10:00:00","38361908","31455796","6906112","36491.844248862384"
"2023-11-19 11:00:00","43592152","35043786","8548366","36526.44363582954"
"2023-11-19 12:00:00","42222176","36933118","5289058","36557.005947737176"
"2023-11-19 13:00:00","42872242","40979867","1892375","36555.19294584842"
"2023-11-19 14:00:00","41775760","39108686","2667074","36644.03959380728"
"2023-11-19 15:00:00","32166738","40082004","-7915266","36642.55114073591"
"2023-11-19 16:00:00","31831669","38440428","-6608759","36662.79309765585"
"2023-11-19 17:00:00","31004366","39206767","-8202401","36681.53463278191"
"2023-11-19 18:00:00","29518125","37862741","-8344616","36596.670013346855"
"2023-11-19 19:00:00","39461635","37583466","1878169","36491.98397517867"
"2023-11-19 20:00:00","37929241","30808481","7120760","36513.76026492289"
"2023-11-19 21:00:00","39455442","36213267","3242175","36520.64855057429"
"2023-11-19 22:00:00","41361732","36686281","4675451","36492.05355077929"
"2023-11-19 23:00:00","43170919","34155842","9015077","36594.97374731368"
"2023-11-20 00:00:00","32818902","36735316","-3916414","36589.66511922155"
"2023-11-20 01:00:00","36738435","37519568","-781133","36602.69446293572"
"2023-11-20 02:00:00","33376769","37611484","-4234715","36828.990692164276"
"2023-11-20 03:00:00","30609296","40122204","-9512908","36991.70492755264"
"2023-11-20 04:00:00","28885765","40850721","-11964956","36951.436708476765"
"2023-11-20 05:00:00","29760455","37099695","-7339240","37047.48175114129"
"2023-11-20 06:00:00","30410229","38232838","-7822609","36972.47209614948"
"2023-11-20 07:00:00","23155160","27441607","-4286447","37446.574012238096"
"2023-11-20 08:00:00","27761196","39383146","-11621950","37290.78191170779"
"2023-11-20 09:00:00","31381295","40348250","-8966955","37300.49858975082"
"2023-11-20 10:00:00","30092362","35335144","-5242782","37319.10302369691"
"2023-11-20 11:00:00","33353286","39146100","-5792814","37128.16031402278"
"2023-11-20 12:00:00","34827175","31297159","3530016","37226.36202860241"
"2023-11-20 13:00:00","37604464","38038884","-434420","37122.084973715944"
"2023-11-20 14:00:00","33230752","33993695","-762943","37191.882461138994"
"2023-11-20 15:00:00","35259851","39389570","-4129719","37219.38764862443"
"2023-11-20 16:00:00","30468516","38655299","-8186783","37120.02211881402"
"2023-11-20 17:00:00","37519091","35380179","2138912","37172.58310023649"
"2023-11-20 18:00:00","34251233","38595520","-4344287","37309.642671264235"
"2023-11-20 19:00:00","34529672","42134498","-7604826","37180.98207598784"
"2023-11-20 20:00:00","36993196","37989686","-996490","37140.11738261561"
"2023-11-20 21:00:00","38437670","41261409","-2823739","37136.615703683856"
"2023-11-20 22:00:00","32214299","29421209","2793090","37384.43459756399"
"2023-11-20 23:00:00","28044166","38007657","-9963491","37484.6804261775"
"2023-11-21 00:00:00","29226839","46489455","-17262616","37266.40166797003"
"2023-11-21 01:00:00","34023524","35687794","-1664270","37701.94900868163"
"2023-11-21 02:00:00","29000545","56652541","-27651996","37538.34854757146"
"2023-11-21 03:00:00","32888139","47790162","-14902023","37691.085021511324"
"2023-11-21 04:00:00","36367753","61911798","-25544045","37540.8868242208"
"2023-11-21 05:00:00","31050536","52509364","-21458828","37417.25876802537"
"2023-11-21 06:00:00","36805266","38598080","-1792814","37470.613390973434"
"2023-11-21 07:00:00","29763816","38095430","-8331614","37486.11980774278"
"2023-11-21 08:00:00","34025799","42545504","-8519705","37392.82373834266"
"2023-11-21 09:00:00","35634021","36011607","-377586","37583.4445452858"
"2023-11-21 10:00:00","29931385","57913619","-27982234","37555.00540965551"
"2023-11-21 11:00:00","34306929","40951415","-6644486","37484.69840943624"
"2023-11-21 12:00:00","33974119","41221326","-7247207","37437.779172135204"
"2023-11-21 13:00:00","36585422","37891176","-1305754","37381.04325525468"
"2023-11-21 14:00:00","42381886","36522447","5859439","37389.899227218324"
"2023-11-21 15:00:00","35851072","38106660","-2255588","37322.49532378736"
"2023-11-21 16:00:00","38152243","36003448","2148795","37405.628015635055"
"2023-11-21 17:00:00","32238737","43607633","-11368896","37349.611995639185"
"2023-11-21 18:00:00","34396702","40209246","-5812544","37371.79741027722"
"2023-11-21 19:00:00","39018019","45489275","-6471256","37193.34956472061"
"2023-11-21 20:00:00","44037304","32208500","11828804","37167.63415829153"
"2023-11-21 21:00:00","43053035","32642106","10410929","37051.44985874791"
"2023-11-21 22:00:00","42644951","32447052","10197899","36613.827099112816"
"2023-11-21 23:00:00","28830025","16524392","12305633","36781.21948219864"
"2023-11-22 00:00:00","27534850","29198574","-1663724","37144.32500918254"
"2023-11-22 01:00:00","27922789","36684745","-8761956","36957.4729685771"
"2023-11-22 02:00:00","28965486","34238066","-5272580","36902.264819468124"
"2023-11-22 03:00:00","21524504","18202689","3321815","37016.670365351034"
"2023-11-22 04:00:00","23130158","27227927","-4097769","37040.92018084436"
"2023-11-22 05:00:00","29988196","26423566","3564630","36857.47098257684"
"2023-11-22 06:00:00","32252880","28410565","3842315","36400.44434892468"
"2023-11-22 07:00:00","30266855","21603607","8663248","35907.48057609665"
"2023-11-22 08:00:00","43581013","22901543","20679470","36085.26502292268"
"2023-11-22 09:00:00","31828022","34063218","-2235196","36117.80070816764"
"2023-11-22 10:00:00","29272981","35217431","-5944450","36233.26161119494"
"2023-11-22 11:00:00","29579640","36308579","-6728939","36376.372396609986"
"2023-11-22 12:00:00","30824687","34029994","-3205307","36453.38761341928"
"2023-11-22 13:00:00","32995151","32588499","406652","36366.99204403098"
"2023-11-22 14:00:00","30591075","33928012","-3336937","36541.31505442825"
"2023-11-22 15:00:00","36847756","35111132","1736624","36449.85666764557"
"2023-11-22 16:00:00","29759764","29085563","674201","36555.01294068728"
"2023-11-22 17:00:00","31910611","34974525","-3063914","36674.181783321816"
"2023-11-22 18:00:00","31449595","38912777","-7463182","36685.62736024732"
"2023-11-22 19:00:00","29720123","38128275","-8408152","36513.38910695335"
"2023-11-22 20:00:00","35600498","29464026","6136472","36566.534102926125"
"2023-11-22 21:00:00","35851492","37652235","-1800743","36647.88034695105"
"2023-11-22 22:00:00","35566253","37253172","-1686919","36382.708751168626"
"2023-11-22 23:00:00","28048452","25443518","2604934","36497.235281294656"
"2023-11-23 00:00:00","28556187","28380022","176165","36442.48181108993"
"2023-11-23 01:00:00","30457413","31765773","-1308360","36600.44125996574"
"2023-11-23 02:00:00","27457700","30264284","-2806584","37199.14863638987"
"2023-11-23 03:00:00","25774878","48608010","-22833132","37287.69196904719"
"2023-11-23 04:00:00","32157754","47089795","-14932041","37581.06672524753"
"2023-11-23 05:00:00","65729248","63843878","1885370","37600.59570933001"
"2023-11-23 06:00:00","57569831","55928450","1641381","37471.460225630326"
"2023-11-23 07:00:00","50989862","27704399","23285463","37436.615322658545"
"2023-11-23 08:00:00","41707900","35576015","6131885","37338.74499175647"
"2023-11-23 09:00:00","45988826","30641550","15347276","37442.82709698214"
"2023-11-23 10:00:00","47500338","36595683","10904655","37363.29825789549"
"2023-11-23 11:00:00","48978347","37690921","11287426","37338.15820868755"
"2023-11-23 12:00:00","43917989","36865568","7052421","37384.78257044875"
"2023-11-23 13:00:00","44035605","37124679","6910926","37333.090291176464"
"2023-11-23 14:00:00","46154321","36470386","9683935","37290.33673958683"
"2023-11-23 15:00:00","46308976","35635427","10673549","37361.13487200141"
"2023-11-23 16:00:00","45907851","43165713","2742138","37488.96069191743"
"2023-11-23 17:00:00","38177582","42105780","-3928198","37621.335470470025"
"2023-11-23 18:00:00","32763177","51930480","-19167303","37481.156503316226"
"2023-11-23 19:00:00","47103673","38899158","8204515","37337.45081516681"
"2023-11-23 20:00:00","36587025","35502954","1084071","37321.06889795299"
"2023-11-23 21:00:00","37963863","35463443","2500420","37304.63682448721"
"2023-11-23 22:00:00","40432392","36145145","4287247","37232.75541066565"
"2023-11-23 23:00:00","39374389","36239389","3135000","37024.98113593859"
"2023-11-24 00:00:00","51054650","31331580","19723070","37121.49634434703"
"2023-11-24 01:00:00","42661959","32705479","9956480","37175.13130859691"
"2023-11-24 02:00:00","35056887","29180294","5876593","37271.93391364764"
"2023-11-24 03:00:00","40192236","39634598","557638","37292.99723331428"
"2023-11-24 04:00:00","37229361","40908284","-3678923","37301.24946136236"
"2023-11-24 05:00:00","37909596","40532568","-2622972","37271.25547384332"
"2023-11-24 06:00:00","44140640","40063131","4077509","37286.828366295245"
"2023-11-24 07:00:00","33527640","32644391","883249","37300.04111710897"
"2023-11-24 08:00:00","40806671","38509368","2297303","37304.8411435887"
"2023-11-24 09:00:00","45243672","42612916","2630756","37425.03566205583"
"2023-11-24 10:00:00","37225364","40712112","-3486748","37435.360617704064"
"2023-11-24 11:00:00","35608244","41080201","-5471957","37350.88595105567"
"2023-11-24 12:00:00","39917609","36435017","3482592","37353.20897049754"
"2023-11-24 13:00:00","44401715","39457966","4943749","37421.919836697285"
"2023-11-24 14:00:00","35889413","43756527","-7867114","37403.70985433574"
"2023-11-24 15:00:00","35410595","41893592","-6482997","37519.39103584732"
"2023-11-24 16:00:00","31572983","45774887","-14201904","37466.715358729874"
"2023-11-24 17:00:00","36405714","41741576","-5335862","37671.654735462515"
"2023-11-24 18:00:00","33254334","55830528","-22576194","37692.247324948636"
"2023-11-24 19:00:00","32140247","48159853","-16019606","37791.135547440455"
"2023-11-24 20:00:00","31664472","34944823","-3280351","37789.31371589506"
"2023-11-24 21:00:00","36817197","35493834","1323363","37803.51377903931"
"2023-11-24 22:00:00","34414236","41225707","-6811471","37786.472643066154"
"2023-11-24 23:00:00","35350922","45691395","-10340473","38232.41331092555"
"2023-11-25 00:00:00","29080892","50793017","-21712125","37855.152118842845"
"2023-11-25 01:00:00","39094929","28446303","10648626","37833.9418661667"
"2023-11-25 02:00:00","38663917","35923396","2740521","37679.738092408465"
"2023-11-25 03:00:00","39463700","33186917","6276783","37772.2127575101"
"2023-11-25 04:00:00","40096664","33219540","6877124","37904.13687062531"
"2023-11-25 05:00:00","39147769","33370478","5777291","37835.67177538581"
"2023-11-25 06:00:00","40725341","32901988","7823353","37750.05891540289"
"2023-11-25 07:00:00","43599598","32091217","11508381","37727.4596745005"
"2023-11-25 08:00:00","35879778","32948736","2931042","37774.39869097486"
"2023-11-25 09:00:00","34861266","32684697","2176569","37809.15892180338"
"2023-11-25 10:00:00","37317539","35561793","1755746","37830.78615182867"
"2023-11-25 11:00:00","36131174","35308733","822441","37818.79928114267"
"2023-11-25 12:00:00","38510690","34854823","3655867","37801.07945214333"
"2023-11-25 13:00:00","43933883","31524332","12409551","37832.229212486985"
"2023-11-25 14:00:00","41153045","35771965","5381080","37825.51548493987"
"2023-11-25 15:00:00","41668124","35581421","6086703","37830.488038513206"
"2023-11-25 16:00:00","40739689","37459660","3280029","37800.116384585155"
"2023-11-25 17:00:00","43608826","37209248","6399578","37748.15176424398"
"2023-11-25 18:00:00","42173608","37447653","4725955","37719.37328439974"
"2023-11-25 19:00:00","43025966","34652994","8372972","37668.8198385608"
"2023-11-25 20:00:00","45023647","37610543","7413104","37740.03606298784"
"2023-11-25 21:00:00","39931818","38562037","1369781","37752.18466379345"
"2023-11-25 22:00:00","40822376","41004361","-181985","37700.03929736005"
"2023-11-25 23:00:00","43914729","39889917","4024812","37713.04769372714"
"2023-11-26 00:00:00","42369395","39151287","3218108","37770.50583742103"
"2023-11-26 01:00:00","47477857","39638785","7839072","37791.866198414195"
"2023-11-26 02:00:00","46336344","35776735","10559609","37833.352670256434"
"2023-11-26 03:00:00","44302744","39072494","5230250","37844.27624438115"
"2023-11-26 04:00:00","45316161","39139963","6176198","37802.62945648953"
"2023-11-26 05:00:00","45576189","37295577","8280612","37813.972003778224"
"2023-11-26 06:00:00","43496014","34008030","9487984","37769.6186971658"
"2023-11-26 07:00:00","35701270","28436767","7264503","37803.79641710588"
"2023-11-26 08:00:00","43294726","35291309","8003417","37767.66962634812"
"2023-11-26 09:00:00","46202963","37315616","8887347","37720.73992607247"
"2023-11-26 10:00:00","39293328","33325406","5967922","37761.45347674108"
"2023-11-26 11:00:00","46002882","36341765","9661117","37760.29068768326"
"2023-11-26 12:00:00","44244355","34348443","9895912","37774.54000005745"
"2023-11-26 13:00:00","45144168","37373450","7770718","37789.563631582445"
"2023-11-26 14:00:00","45003941","36972648","8031293","37775.58879759151"
"2023-11-26 15:00:00","43344605","36072166","7272439","37808.36613079574"
"2023-11-26 16:00:00","45302040","35014287","10287753","37790.89095142978"
"2023-11-26 17:00:00","46817060","37242403","9574657","37779.776953754015"
"2023-11-26 18:00:00","48038743","35494225","12544518","37731.24465517166"
"2023-11-26 19:00:00","44817418","36953117","7864301","37711.958489746634"
"2023-11-26 20:00:00","41794944","33080586","8714358","37586.308972989194"
"2023-11-26 21:00:00","36659316","32984635","3674681","37507.79258558481"
"2023-11-26 22:00:00","37421034","31728654","5692380","37392.755139651155"
"2023-11-26 23:00:00","45137898","31236032","13901866","37476.282734913584"
"2023-11-27 00:00:00","44741161","31076719","13664442","37260.185271992246"
"2023-11-27 01:00:00","51020208","33309343","17710865","37295.70830890143"
"2023-11-27 02:00:00","55293796","34025405","21268391","37226.312319109275"
"2023-11-27 03:00:00","53410637","32798576","20612061","37346.508411283765"
"2023-11-27 04:00:00","51069607","34129038","16940569","37517.907030684364"
"2023-11-27 05:00:00","29730484","37140466","-7409982","37591.149395370354"
"2023-11-27 06:00:00","30896157","38710831","-7814674","37659.410259786746"
"2023-11-27 07:00:00","21648530","35844817","-14196287","37487.83372220348"
"2023-11-27 08:00:00","42685186","33057087","9628099","37511.7527470059"
"2023-11-27 09:00:00","44714455","36649020","8065435","37501.59965247758"
"2023-11-27 10:00:00","41073059","43799097","-2726038","37400.94665718069"
"2023-11-27 11:00:00","54889310","33957967","20931343","37395.00700350293"
"2023-11-27 12:00:00","53523697","33271218","20252479","37376.012864713855"
"2023-11-27 13:00:00","46335729","32707472","13628257","37352.32371736052"
"2023-11-27 14:00:00","53276432","33371065","19905367","37306.629920342035"
"2023-11-27 15:00:00","55334015","32044316","23289699","37301.44860326885"
"2023-11-27 16:00:00","38722327","29544286","9178041","37343.373665357234"
"2023-11-27 17:00:00","45474464","33109353","12365111","37426.76401791824"
"2023-11-27 18:00:00","45853089","33828684","12024405","37078.14961472868"
"2023-11-27 19:00:00","45632712","30219648","15413064","37092.17512227768"
"2023-11-27 20:00:00","45300946","32824923","12476023","37018.31123618336"
"2023-11-27 21:00:00","45505075","29660880","15844195","36963.57416451508"
"2023-11-27 22:00:00","41730072","29065112","12664960","36798.16666550882"
"2023-11-27 23:00:00","57506085","29628868","27877217","36809.67321304374"
"2023-11-28 00:00:00","54406179","23758096","30648083","37065.626721175686"
"2023-11-28 01:00:00","34074111","33396758","677353","37009.71953489754"
"2023-11-28 02:00:00","51797640","29981592","21816048","37012.20675500816"
"2023-11-28 03:00:00","47713861","32020244","15693617","36879.82344582753"
"2023-11-28 04:00:00","49948146","31914381","18033765","36822.745753537114"
"2023-11-28 05:00:00","51996883","31189290","20807593","37005.27497394221"
"2023-11-28 06:00:00","31317908","27230249","4087659","37063.573050462925"
"2023-11-28 07:00:00","27416054","26164344","1251710","37238.29532680577"
"2023-11-28 08:00:00","34989229","45275447","-10286218","37305.239003982875"
"2023-11-28 09:00:00","31478975","44155456","-12676481","37208.21257379521"
"2023-11-28 10:00:00","37477038","40428407","-2951369","37189.50672301158"
"2023-11-28 11:00:00","33988762","40055272","-6066510","37133.90446819959"
"2023-11-28 12:00:00","38718280","39065567","-347287","37011.02972290312"
"2023-11-28 13:00:00","47160947","38563082","8597865","36939.786093911054"
"2023-11-28 14:00:00","49792362","34033527","15758835","37094.53299222482"
"2023-11-28 15:00:00","36963510","37148046","-184536","37096.411909137874"
"2023-11-28 16:00:00","39297952","34490982","4806970","37000.74603864713"
"2023-11-28 17:00:00","46916561","34522088","12394473","37096.27540254767"
"2023-11-28 18:00:00","38729669","44628935","-5899266","37084.40634304624"
"2023-11-28 19:00:00","39311086","36276306","3034780","37251.221735782485"
"2023-11-28 20:00:00","35781209","47028962","-11247753","37225.78647578331"
"2023-11-28 21:00:00","35917678","47307062","-11389384","37363.86867421408"
"2023-11-28 22:00:00","34559477","42984841","-8425364","37418.44572723181"
"2023-11-28 23:00:00","24128391","33806841","-9678450","37420.18985933992"
"2023-11-29 00:00:00","25433112","35445178","-10012066","37739.21013600975"
"2023-11-29 01:00:00","32417582","48389276","-15971694","38219.04457152317"
"2023-11-29 02:00:00","31122366","75198963","-44076597","37991.0740445116"
"2023-11-29 03:00:00","33292776","47027869","-13735093","38206.363169591496"
"2023-11-29 04:00:00","31354093","65417885","-34063792","38275.085759603666"
"2023-11-29 05:00:00","32429555","76373408","-43943853","38003.05002817062"
"2023-11-29 06:00:00","34155417","39270779","-5115362","37946.22930771982"
"2023-11-29 07:00:00","29176118","28147279","1028839","37828.5247822885"
"2023-11-29 08:00:00","42287703","33886952","8400751","37923.94708710799"
"2023-11-29 09:00:00","39454635","42177174","-2722539","37985.354990412394"
"2023-11-29 10:00:00","42361262","43032537","-671275","37944.21873430946"
"2023-11-29 11:00:00","40721007","42990154","-2269147","37959.64034393989"
"2023-11-29 12:00:00","42577543","42277075","300468","37931.65438061689"
"2023-11-29 13:00:00","40066610","40408880","-342270","38000.45595682378"
"2023-11-29 14:00:00","37359470","48330532","-10971062","38143.47006661913"
"2023-11-29 15:00:00","31803266","72954685","-41151419","38130.639700903805"
"2023-11-29 16:00:00","32589683","56614672","-24024989","38332.544723500716"
"2023-11-29 17:00:00","38272780","75725096","-37452316","38310.70288801519"
"2023-11-29 18:00:00","30667005","64104610","-33437605","37974.091364584114"
"2023-11-29 19:00:00","43861697","32768284","11093413","38133.95112502373"
"2023-11-29 20:00:00","34798852","41449859","-6651007","38236.39607513679"
"2023-11-29 21:00:00","34471226","61872152","-27400926","38173.97643570503"
"2023-11-29 22:00:00","40232240","47294261","-7062021","37900.28337944188"
"2023-11-29 23:00:00","40251716","31553161","8698555","37853.469028787775"
"2023-11-30 00:00:00","39431163","37458329","1972834","37801.60623979069"
"2023-11-30 01:00:00","45096630","29542050","15554580","37833.583931225025"
"2023-11-30 02:00:00","40744405","27776650","12967755","37833.50959450339"
"2023-11-30 03:00:00","46177321","39264938","6912383","37867.89162201366"
"2023-11-30 04:00:00","39384514","39688359","-303845","37714.24351853409"
"2023-11-30 05:00:00","50559035","31068194","19490841","37717.353538360054"
"2023-11-30 06:00:00","45995309","33015437","12979872","37798.49205058315"
"2023-11-30 07:00:00","35722016","27166008","8556008","37830.71701456932"
"2023-11-30 08:00:00","41077726","37137603","3940123","37808.58090470652"
"2023-11-30 09:00:00","49302673","36194733","13107940","37746.39271625718"
"2023-11-30 10:00:00","46758550","33560424","13198126","37892.35440909402"
"2023-11-30 11:00:00","48160578","41937043","6223535","38027.4714532223"
"2023-11-30 12:00:00","44165116","48460615","-4295499","38023.10456712477"
"2023-11-30 13:00:00","39736957","44973771","-5236814","37882.634808785086"
"2023-11-30 14:00:00","43446661","38687607","4759054","37845.55218358924"
"2023-11-30 15:00:00","52930376","39162113","13768263","37831.62746270469"
"2023-11-30 16:00:00","47505683","33214751","14290932","37717.53729252164"
"2023-11-30 17:00:00","54137640","30361270","23776370","37728.69022102962"
"2023-11-30 18:00:00","49904909","28288591","21616318","37725.84143499284"
"2023-11-30 19:00:00","54417522","32436253","21981269","37862.582605152136"
"2023-11-30 20:00:00","38975738","39776475","-800737","37878.856955969364"
"2023-11-30 21:00:00","42197418","42594863","-397445","37696.76140256682"
"2023-11-30 22:00:00","54506698","32791424","21715274","37714.91682132655"
"2023-11-30 23:00:00","40104674","24154265","15950409","37566.06669217165"
"2023-12-01 00:00:00","58848286","36332847","22515439","37706.27031204289"
"2023-12-01 01:00:00","49531984","34178485","15353499","37761.48736747352"
"2023-12-01 02:00:00","51294590","42680102","8614488","37762.81627922535"
"2023-12-01 03:00:00","51569575","43325208","8244367","37776.61288125967"
"2023-12-01 04:00:00","51555287","44401779","7153508","37737.62872968376"
"2023-12-01 05:00:00","47424519","40795980","6628539","37754.50606552223"
"2023-12-01 06:00:00","52853182","44613177","8240005","37755.007547954156"
"2023-12-01 07:00:00","44345397","31819830","12525567","37718.105969550474"
"2023-12-01 08:00:00","49553078","36681979","12871099","37674.22164158881"
"2023-12-01 09:00:00","53023976","40660379","12363597","37911.268748893075"
"2023-12-01 10:00:00","36231894","53616039","-17384145","37985.5807329045"
"2023-12-01 11:00:00","37222386","58556046","-21333660","38064.46499850212"
"2023-12-01 12:00:00","36059359","63798163","-27738804","38185.14202835182"
"2023-12-01 13:00:00","35560587","80320319","-44759732","38144.215527635286"
"2023-12-01 14:00:00","34258688","59856348","-25597660","38226.266045236705"
"2023-12-01 15:00:00","32382788","79844192","-47461404","38252.1962699906"
"2023-12-01 16:00:00","30366335","77617818","-47251483","38319.301054574054"
"2023-12-01 17:00:00","28365211","74076758","-45711547","38650.041630147745"
"2023-12-01 18:00:00","32323074","71229077","-38906003","38594.5264338115"
"2023-12-01 19:00:00","32799901","44826086","-12026185","38577.204517888014"
"2023-12-01 20:00:00","38455142","47939805","-9484663","38372.43315387684"
"2023-12-01 21:00:00","42491697","33643424","8848273","38365.41542593493"
"2023-12-01 22:00:00","41035105","33234077","7801028","38371.871848955714"
"2023-12-01 23:00:00","45530840","26749266","18781574","38438.18635455922"
"2023-12-02 00:00:00","28239070","24358835","3880235","38763.908773586816"
"2023-12-02 01:00:00","28255918","52894881","-24638963","38754.85478914188"
"2023-12-02 02:00:00","36267284","71664677","-35397393","38741.29055333493"
"2023-12-02 03:00:00","29279325","48862736","-19583411","38776.95038463442"
"2023-12-02 04:00:00","40529494","61405181","-20875687","38776.817997660524"
"2023-12-02 05:00:00","41850588","60323429","-18472841","38838.818487758916"
"2023-12-02 06:00:00","40614414","58584148","-17969734","38723.68326756744"
"2023-12-02 07:00:00","42803475","54681435","-11877960","38701.89109512894"
"2023-12-02 08:00:00","40387403","58171427","-17784024","38741.31883903017"
"2023-12-02 09:00:00","38248299","52568232","-14319933","38801.90192564395"
"2023-12-02 10:00:00","42228525","61597695","-19369170","38747.435310702735"
"2023-12-02 11:00:00","43566063","58430167","-14864104","38791.744185129675"
"2023-12-02 12:00:00","40091748","62676057","-22584309","38797.7270473614"
"2023-12-02 13:00:00","38035840","61466279","-23430439","38780.9041079184"
"2023-12-02 14:00:00","37541734","56786658","-19244924","38792.1324085268"
"2023-12-02 15:00:00","41057180","58407657","-17350477","38747.34589672396"
"2023-12-02 16:00:00","41110966","54856308","-13745342","38737.53146772741"
"2023-12-02 17:00:00","43415005","57637201","-14222196","38788.84590792052"
"2023-12-02 18:00:00","46510543","63751469","-17240926","38771.22782238941"
"2023-12-02 19:00:00","49033239","64619187","-15585948","38762.99837250977"
"2023-12-02 20:00:00","50896587","66582968","-15686381","38786.08529728665"
"2023-12-02 21:00:00","51123123","66255909","-15132786","38825.284988075524"
"2023-12-02 22:00:00","53009615","64641719","-11632104","38792.24145103621"
"2023-12-02 23:00:00","52035395","59707056","-7671661","38816.54328395405"
"2023-12-03 00:00:00","46603731","67519090","-20915359","38755.022151756246"
"2023-12-03 01:00:00","49794677","65674722","-15880045","38795.53821106927"
"2023-12-03 02:00:00","47172473","64705233","-17532760","38897.66252028176"
"2023-12-03 03:00:00","37011887","54867970","-17856083","39367.91401746269"
"2023-12-03 04:00:00","24262179","34902757","-10640578","39485.540454373426"
"2023-12-03 05:00:00","32826926","59301215","-26474289","39618.77530575579"
"2023-12-03 06:00:00","40157660","59066113","-18908453","39353.849081396096"
"2023-12-03 07:00:00","33022405","29794959","3227446","39467.30037235815"
"2023-12-03 08:00:00","35313661","42714397","-7400736","39478.686635607024"
"2023-12-03 09:00:00","36381650","54946789","-18565139","39521.28196883021"
"2023-12-03 10:00:00","40618165","53107734","-12489569","39394.11373949489"
"2023-12-03 11:00:00","42843956","42790489","53467","39380.08720910542"
"2023-12-03 12:00:00","41879921","41395698","484223","39380.51777446447"
"2023-12-03 13:00:00","45350285","38725620","6624665","39428.973991570456"
"2023-12-03 14:00:00","36748657","47642399","-10893742","39411.91945151617"
"2023-12-03 15:00:00","38104732","46228102","-8123370","39491.4639721005"
"2023-12-03 16:00:00","38039358","45561132","-7521774","39441.16924190876"
"2023-12-03 17:00:00","43696979","42879322","817657","39457.206798265346"
"2023-12-03 18:00:00","41619249","46268095","-4648846","39521.18946058449"
"2023-12-03 19:00:00","39879198","55682934","-15803736","39490.5236310503"
"2023-12-03 20:00:00","40433585","45931399","-5497814","39418.98226226452"
"2023-12-03 21:00:00","41790690","41549104","241586","39666.69508997659"
"2023-12-03 22:00:00","38722658","80318829","-41596171","39582.83740839317"
"2023-12-03 23:00:00","38999106","45174769","-6175663","39761.45211562646"
"2023-12-04 00:00:00","33678310","83671778","-49993468","39747.7052237489"
"2023-12-04 01:00:00","38196960","82499247","-44302287","39530.28831177632"
"2023-12-04 02:00:00","41638333","44440635","-2802302","39587.93522058575"
"2023-12-04 03:00:00","41718544","46344585","-4626041","39545.57941399631"
"2023-12-04 04:00:00","43773859","48853975","-5080116","39588.025938707564"
"2023-12-04 05:00:00","43941069","50318791","-6377722","39715.28205289384"
"2023-12-04 06:00:00","36909554","89849253","-52939699","40065.44167922011"
"2023-12-04 07:00:00","24406031","38282919","-13876888","39996.47041793461"
"2023-12-04 08:00:00","33425645","50778275","-17352630","40159.9833286029"
"2023-12-04 09:00:00","47147668","60301943","-13154275","40691.28554196073"
"2023-12-04 10:00:00","38677464","43958347","-5280883","40674.88953143004"
"2023-12-04 11:00:00","53478751","55075997","-1597246","40742.599140289465"
"2023-12-04 12:00:00","67689452","58052046","9637406","40868.52353629285"
"2023-12-04 13:00:00","65542895","59264451","6278444","41431.035987457995"
"2023-12-04 14:00:00","39155810","58632317","-19476507","41438.54651970016"
"2023-12-04 15:00:00","42638247","38120023","4518224","41404.683235714714"
"2023-12-04 16:00:00","50723733","41907094","8816639","41642.96448618131"
"2023-12-04 17:00:00","55353877","63300047","-7946170","41639.596284067746"
"2023-12-04 18:00:00","74625638","46607610","28018028","41951.6768081668"
"2023-12-04 19:00:00","58418363","49611474","8806889","41561.58719704808"
"2023-12-04 20:00:00","80895004","32548146","48346858","41758.26297219425"
"2023-12-04 21:00:00","61271171","37708629","23562542","41766.50488991953"
"2023-12-04 22:00:00","68130497","38514961","29615536","41668.01755877017"
"2023-12-04 23:00:00","72517513","36063658","36453855","41356.70309201185"
"2023-12-05 00:00:00","34939288","38505131","-3565843","41514.70673358187"
"2023-12-05 01:00:00","33657887","43997518","-10339631","41636.7496491305"
"2023-12-05 02:00:00","37396555","49540905","-12144350","41746.97018977354"
"2023-12-05 03:00:00","35415571","56240721","-20825150","41930.42797088887"
"2023-12-05 04:00:00","41914067","50300378","-8386311","41749.37865204533"
"2023-12-05 05:00:00","34724883","44705259","-9980376","41949.18723048746"
"2023-12-05 06:00:00","32094711","52640992","-20546281","41928.34456103557"
"2023-12-05 07:00:00","25148634","22294789","2853845","41957.25365419187"
"2023-12-05 08:00:00","32149591","34422500","-2272909","41866.11525101222"
"2023-12-05 09:00:00","42952722","37078820","5873902","41773.6036681943"
"2023-12-05 10:00:00","37769045","33015919","4753126","41724.45497477302"
"2023-12-05 11:00:00","46155722","35278193","10877529","41786.80191532451"
"2023-12-05 12:00:00","45205968","38145247","7060721","41771.24034484534"
"2023-12-05 13:00:00","53262284","40656946","12605338","41901.95432831324"
"2023-12-05 14:00:00","51377720","45058515","6319205","41721.20750046764"
"2023-12-05 15:00:00","53040216","43408467","9631749","41545.553485322955"
"2023-12-05 16:00:00","56069686","35001105","21068581","41495.37161704083"
"2023-12-05 17:00:00","61220909","40643115","20577794","41708.177287358194"
"2023-12-05 18:00:00","67393236","44040770","23352466","41678.01307540779"
"2023-12-05 19:00:00","71407247","41426799","29980448","41707.73528607258"
"2023-12-05 20:00:00","70186774","48609274","21577500","41843.69917900166"
"2023-12-05 21:00:00","71188024","50947691","20240333","41824.260261693526"
"2023-12-05 22:00:00","104065475","41633404","62432071","42177.27496660024"
"2023-12-05 23:00:00","18448389","47272711","-28824322","42304.27796718781"
"2023-12-06 00:00:00","36595395","46080328","-9484933","42734.90437111765"
"2023-12-06 01:00:00","42561823","58773433","-16211610","43360.11135266373"
"2023-12-06 02:00:00","33791760","33013113","778647","43777.3812415451"
"2023-12-06 03:00:00","39553638","36284951","3268687","43773.4494694898"
"2023-12-06 04:00:00","34413503","53203854","-18790351","43721.73397004786"
"2023-12-06 05:00:00","36450503","48868141","-12417638","44061.675473133706"
"2023-12-06 06:00:00","37181545","42366986","-5185441","44303.376419583445"
"2023-12-06 07:00:00","26300112","47868172","-21568060","44096.323586115264"
"2023-12-06 08:00:00","38370376","44870700","-6500324","44054.10331741492"
"2023-12-06 09:00:00","36624620","52263615","-15638995","43852.97542949907"
"2023-12-06 10:00:00","40981403","39186884","1794519","43879.84043670887"
"2023-12-06 11:00:00","39642235","38324877","1317358","43724.62816879384"
"2023-12-06 12:00:00","42849555","37447183","5402372","43721.77806343988"
"2023-12-06 13:00:00","42034264","38650806","3383458","43598.31850564269"
"2023-12-06 14:00:00","43530195","37998595","5531600","43655.07687248815"
"2023-12-06 15:00:00","40071219","38999610","1071609","43667.22502432209"
"2023-12-06 16:00:00","39455787","38745634","710153","43821.87432221223"
"2023-12-06 17:00:00","40717121","40881649","-164528","43857.244950443746"
"2023-12-06 18:00:00","42169854","40624895","1544959","44061.12019478004"
"2023-12-06 19:00:00","38131240","47915319","-9784079","43798.79924483717"
"2023-12-06 20:00:00","29541313","36235427","-6694114","44146.34062998029"
"2023-12-06 21:00:00","36429257","43204708","-6775451","44107.602592950374"
"2023-12-06 22:00:00","39045707","55635664","-16589957","44068.257314386414"
"2023-12-06 23:00:00","39662546","43375365","-3712819","43815.98607949456"
"2023-12-07 00:00:00","46529513","36364161","10165352","43893.09277198345"
"2023-12-07 01:00:00","47727406","39659628","8067778","44043.42729520733"
"2023-12-07 02:00:00","42759600","49552465","-6792865","43979.71511475753"
"2023-12-07 03:00:00","46548998","51095387","-4546389","44004.35041178526"
"2023-12-07 04:00:00","48605538","50364798","-1759260","43848.355467498106"
"2023-12-07 05:00:00","48882436","33763192","15119244","43813.71862460271"
"2023-12-07 06:00:00","44718205","47821394","-3103189","43691.71731520521"
"2023-12-07 07:00:00","35612926","32401425","3211501","43778.36488217665"
"2023-12-07 08:00:00","44774149","44514302","259847","43861.80843568693"
"2023-12-07 09:00:00","52657914","49503090","3154824","43919.88529796272"
"2023-12-07 10:00:00","47566127","53330355","-5764228","43967.254962365776"
"2023-12-07 11:00:00","46541581","55825199","-9283618","43936.62863781667"
"2023-12-07 12:00:00","49043398","51807651","-2764253","43971.329916337774"
"2023-12-07 13:00:00","46832090","53930417","-7098327","43991.481296006285"
"2023-12-07 14:00:00","46976205","55668919","-8692714","43887.48004614333"
"2023-12-07 15:00:00","53789464","46989022","6800442","43895.22209188767"
"2023-12-07 16:00:00","49922750","45381411","4541339","43672.66952090531"
"2023-12-07 17:00:00","50978453","36289237","14689216","43386.637940143024"
"2023-12-07 18:00:00","32042973","31176448","866525","43234.528132922394"
"2023-12-07 19:00:00","38841060","34769726","4071334","43203.97880462812"
"2023-12-07 20:00:00","43129443","37041715","6087728","43315.91058387724"
"2023-12-07 21:00:00","35252218","36931638","-1679420","43259.12636010874"
"2023-12-07 22:00:00","36310036","36103935","206101","43492.05028011532"
"2023-12-07 23:00:00","33579270","40283359","-6704089","43664.96053061794"
"2023-12-08 00:00:00","37326361","43668814","-6342453","43671.6152462224"
"2023-12-08 01:00:00","39417201","49840895","-10423694","43285.857933127765"
"2023-12-08 02:00:00","41642326","35045329","6596997","43301.719259485944"
"2023-12-08 03:00:00","47724506","36027890","11696616","43180.9883207017"
"2023-12-08 04:00:00","44576860","29566723","15010137","43181.589049261274"
"2023-12-08 05:00:00","47579705","39573298","8006407","43397.68712953137"
"2023-12-08 06:00:00","45027752","44226334","801418","43175.59260749234"
"2023-12-08 07:00:00","43793230","27756252","16036978","43288.7187599168"
"2023-12-08 08:00:00","48238985","38839261","9399724","43381.378011067834"
"2023-12-08 09:00:00","42624523","45572373","-2947850","43422.63626719287"
"2023-12-08 10:00:00","61608806","44451694","17157112","43502.14097397672"
"2023-12-08 11:00:00","56993070","54176866","2816204","43409.02500200247"
"2023-12-08 12:00:00","61887894","45258063","16629831","43495.4938089956"
"2023-12-08 13:00:00","73858613","48302954","25555659","43432.371666916806"
"2023-12-08 14:00:00","77663808","45561396","32102412","43369.53760976419"
"2023-12-08 15:00:00","75344718","44280033","31064685","43203.3347076907"
"2023-12-08 16:00:00","49483042","37141496","12341546","43219.092248396286"
"2023-12-08 17:00:00","55378934","42169491","13209443","43206.967593995374"
"2023-12-08 18:00:00","50272224","43447075","6825149","43293.90900290843"
"2023-12-08 19:00:00","50223324","44449599","5773725","43666.323433524645"
"2023-12-08 20:00:00","44019557","60100125","-16080568","43769.950304979124"
"2023-12-08 21:00:00","39463788","54474943","-15011155","43595.92092818715"
"2023-12-08 22:00:00","49470366","55271512","-5801146","43911.65569183742"
"2023-12-08 23:00:00","31030255","48621092","-17590837","43811.18686413475"
"2023-12-09 00:00:00","38560927","46663201","-8102274","43870.458818518295"
"2023-12-09 01:00:00","38292956","48454989","-10162033","43733.76379022906"
"2023-12-09 02:00:00","46611400","47254395","-642995","43852.94355358502"
"2023-12-09 03:00:00","46418120","55645017","-9226897","43937.42987827669"
"2023-12-09 04:00:00","38382722","53583858","-15201136","44321.33157768255"
"2023-12-09 05:00:00","35351647","66732566","-31380919","44517.362112178555"
"2023-12-09 06:00:00","33476906","87269177","-53792271","44345.86199993578"
"2023-12-09 07:00:00","40512533","34516001","5996532","44214.94326947712"
"2023-12-09 08:00:00","47010865","35971606","11039259","44229.13817209068"
"2023-12-09 09:00:00","44756476","36142900","8613576","44123.14150809007"
"2023-12-09 10:00:00","46827494","41306929","5520565","44188.08361787927"
"2023-12-09 11:00:00","50186129","41653122","8533007","44184.90840208768"
"2023-12-09 12:00:00","52880331","39099833","13780498","44266.79458973974"
"2023-12-09 13:00:00","45664438","40595124","5069314","44337.67170970346"
"2023-12-09 14:00:00","45171781","41176421","3995360","44231.82531471232"
"2023-12-09 15:00:00","45224706","38727655","6497051","44212.128653993444"
"2023-12-09 16:00:00","47602591","39539327","8063264","43906.76239733291"
"2023-12-09 17:00:00","45731607","32104158","13627449","43890.78894362421"
"2023-12-09 18:00:00","48473915","36222210","12251705","43884.63510943848"
"2023-12-09 19:00:00","49112248","38231987","10880261","43857.912735830556"
"2023-12-09 20:00:00","45331924","41717997","3613927","43910.24553990137"
"2023-12-09 21:00:00","47356782","40975318","6381464","44038.74151078997"
"2023-12-09 22:00:00","41803794","45005806","-3202012","43981.36946475621"
"2023-12-09 23:00:00","44976599","46334970","-1358371","44114.8444510935"
"2023-12-10 00:00:00","37323889","53063302","-15739413","44034.53689383779"
"2023-12-10 01:00:00","58969536","49381396","9588140","43954.41726731239"
"2023-12-10 02:00:00","79345974","39663760","39682214","43995.407626687826"
"2023-12-10 03:00:00","67204250","50781998","16422252","43967.16186374505"
"2023-12-10 04:00:00","83317005","45458615","37858390","44011.59342635852"
"2023-12-10 05:00:00","71848739","49971170","21877569","44008.34570218428"
"2023-12-10 06:00:00","74224190","55151243","19072947","43996.86270201756"
"2023-12-10 07:00:00","76237303","37126742","39110561","43733.83967146874"
"2023-12-10 08:00:00","91869512","34845200","57024312","43807.936185921986"
"2023-12-10 09:00:00","88668970","42362951","46306019","43830.83527457981"
"2023-12-10 10:00:00","87942087","45019097","42922990","43772.86920660819"
"2023-12-10 11:00:00","95679549","38566070","57113479","43855.06882702157"
"2023-12-10 12:00:00","83976406","42319014","41657392","43965.46599858824"
"2023-12-10 13:00:00","66222293","55202955","11019338","43928.862959501515"
"2023-12-10 14:00:00","68764640","50836586","17928054","43933.497758733094"
"2023-12-10 15:00:00","87630677","51812071","35818606","43999.703980359765"
"2023-12-10 16:00:00","53952798","48829117","5123681","43793.48191059"
"2023-12-10 17:00:00","89534981","39415367","50119614","43688.32774115816"
"2023-12-10 18:00:00","92465975","34221909","58244066","43721.900700333594"
"2023-12-10 19:00:00","95035412","37639858","57395554","43767.68548381746"
"2023-12-10 20:00:00","87679083","35198293","52480790","43874.18055540349"
"2023-12-10 21:00:00","74946964","48359690","26587274","43885.31623962973"
"2023-12-10 22:00:00","71383646","45656885","25726761","43874.18462774411"
"2023-12-10 23:00:00","81486983","46763587","34723396","43961.72491780821"
"2023-12-11 00:00:00","79380209","50635186","28745023","43855.4798866372"
"2023-12-11 01:00:00","76725637","44947728","31777909","43844.608352810865"
"2023-12-11 02:00:00","71617020","46001377","25615643","43873.28003989326"
"2023-12-11 03:00:00","72275919","46207901","26068018","43818.88733433471"
"2023-12-11 04:00:00","66253348","45682810","20570538","43975.49504431337"
"2023-12-11 05:00:00","49201159","53166859","-3965700","43819.27549558034"
"2023-12-11 06:00:00","70096333","40705306","29391027","43818.09877641567"
"2023-12-11 07:00:00","57525191","32605175","24920016","43755.35616389843"
"2023-12-11 08:00:00","59386713","41459369","17927344","43706.175056323336"
"2023-12-11 09:00:00","69015022","46129144","22885878","43310.21761792182"
"2023-12-11 10:00:00","65522649","37285151","28237498","41966.495592368534"
"2023-12-11 11:00:00","33322928","28575027","4747901","42322.102101982295"
"2023-12-11 12:00:00","38743298","34860987","3882311","42168.295975461515"
"2023-12-11 13:00:00","39350018","30699415","8650603","41981.45908629396"
"2023-12-11 14:00:00","30780037","35825569","-5045532","41989.201834972715"
"2023-12-11 15:00:00","28081535","34493539","-6412004","42143.38625349192"
"2023-12-11 16:00:00","29020870","38457829","-9436959","42176.88122531525"
"2023-12-11 17:00:00","39525945","41180393","-1654448","42356.42852266467"
"2023-12-11 18:00:00","37785808","44520455","-6734647","42383.92501583289"
"2023-12-11 19:00:00","34426182","37378235","-2952053","42362.38515883942"
"2023-12-11 20:00:00","38553203","38520006","33197","42228.98482442936"
"2023-12-11 21:00:00","39261592","38967100","294492","42076.64787560326"
"2023-12-11 22:00:00","36580984","34465863","2115121","41899.462733062515"
"2023-12-11 23:00:00","35491248","26484908","9006340","41848.53660285371"
"2023-12-12 00:00:00","29252742","28435097","817645","41731.53203563162"
"2023-12-12 01:00:00","27577275","30316090","-2738815","41485.3451276391"
"2023-12-12 02:00:00","47576618","34901382","12675236","40921.43325694395"
"2023-12-12 03:00:00","37794024","33060685","4733339","40682.63799727843"
"2023-12-12 04:00:00","31554845","33203176","-1648331","40806.253469130505"
"2023-12-12 05:00:00","33376030","33807832","-431802","41141.87814504991"
"2023-12-12 06:00:00","31723760","31745674","-21914","41306.03034731168"
"2023-12-12 07:00:00","24621409","23988994","632415","41225.4814224671"
"2023-12-12 08:00:00","30914396","31147373","-232977","41656.67970557658"
"2023-12-12 09:00:00","33948267","42842787","-8894520","41663.51363359277"
"2023-12-12 10:00:00","34225302","40540389","-6315087","41860.20719013345"
"2023-12-12 11:00:00","36346622","40335029","-3988407","41740.84358194278"
"2023-12-12 12:00:00","35449812","38720335","-3270523","41517.38296133143"
"2023-12-12 13:00:00","36275960","32663965","3611995","41543.216429189764"
"2023-12-12 14:00:00","35472134","35834545","-362411","41628.92867747809"
"2023-12-12 15:00:00","32663536","36478461","-3814925","41954.241768416665"
"2023-12-12 16:00:00","31551200","33616868","-2065668","41967.11511547708"
"2023-12-12 17:00:00","33971528","35733749","-1762221","41831.48555891449"
"2023-12-12 18:00:00","34715901","31795501","2920400","41772.35629306919"
"2023-12-12 19:00:00","37787050","33872024","3915026","41646.1092766271"
"2023-12-12 20:00:00","44037350","31059164","12978186","41852.884767104035"
"2023-12-12 21:00:00","35858867","32389760","3469107","41856.45347560222"
"2023-12-12 22:00:00","33932491","31001011","2931480","41428.11869537606"
"2023-12-12 23:00:00","37447319","27727994","9719325","41302.324640053135"
"2023-12-13 00:00:00","41253298","41076115","177183","41278.035966923286"
"2023-12-13 01:00:00","34083759","31017968","3065791","40783.02196517982"
"2023-12-13 02:00:00","46225723","31874198","14351525","41241.22579616364"
"2023-12-13 03:00:00","30802727","29277947","1524780","41103.18457253901"
"2023-12-13 04:00:00","33553521","32058193","1495328","41238.96955074383"
"2023-12-13 05:00:00","33745499","28412326","5333173","41121.428702207006"
"2023-12-13 06:00:00","38196145","29757789","8438356","41210.16422234944"
"2023-12-13 07:00:00","24519867","22937693","1582174","41476.77145605494"
"2023-12-13 08:00:00","33597955","31632540","1965415","41424.574411434325"
"2023-12-13 09:00:00","35567435","36110287","-542852","41051.57872292003"
"2023-12-13 10:00:00","43013005","29948309","13064696","41007.34024985325"
"2023-12-13 11:00:00","34976618","33237775","1738843","40889.26422811453"
"2023-12-13 12:00:00","41842578","34573575","7269003","40883.71236702614"
"2023-12-13 13:00:00","41474107","32488085","8986022","40975.756516135894"
"2023-12-13 14:00:00","36034430","36717321","-682891","40879.384988724756"
"2023-12-13 15:00:00","35935111","29349466","6585645","41116.41100468765"
"2023-12-13 16:00:00","34042735","36313553","-2270818","41203.29099634917"
"2023-12-13 17:00:00","36709942","40463863","-3753921","41201.3243361103"
"2023-12-13 18:00:00","36009269","42662941","-6653672","41132.33085083258"
"2023-12-13 19:00:00","39095371","40319754","-1224383","41019.25945042198"
"2023-12-13 20:00:00","37667544","32911442","4756102","41175.58942024921"
"2023-12-13 21:00:00","36970246","42326944","-5356698","41431.71647362015"
"2023-12-13 22:00:00","37011046","42578212","-5567166","41434.167759997224"
"2023-12-13 23:00:00","40191343","40601384","-410041","41876.28718757835"
"2023-12-14 00:00:00","43099669","42133332","966337","41858.075178521365"
"2023-12-14 01:00:00","38493439","37597342","896097","42109.20980665247"
"2023-12-14 02:00:00","39228937","42828078","-3599141","42090.622234478"
"2023-12-14 03:00:00","19663169","27033795","-7370626","42681.464637488076"
"2023-12-14 04:00:00","31129721","41886056","-10756335","42840.95357399672"
"2023-12-14 05:00:00","33297397","49218154","-15920757","42985.055212835265"
"2023-12-14 06:00:00","32028321","35862256","-3833935","43040.89949187833"
"2023-12-14 07:00:00","24527209","23843500","683709","42923.101205764186"
"2023-12-14 08:00:00","36849978","29865447","6984531","42750.7727943774"
"2023-12-14 09:00:00","36161312","36788622","-627310","42804.54841748128"
"2023-12-14 10:00:00","36192718","37521483","-1328765","42748.175759140286"
"2023-12-14 11:00:00","35851461","30996421","4855040","42720.62704602295"
"2023-12-14 12:00:00","38821505","37048549","1772956","42747.02224490228"
"2023-12-14 13:00:00","37653138","38159674","-506536","42781.71296395571"
"2023-12-14 14:00:00","29562285","35170857","-5608572","42937.51450731852"
"2023-12-14 15:00:00","36508004","36875386","-367382","42924.92184982649"
"2023-12-14 16:00:00","34413351","35826368","-1413017","42793.322525808915"
"2023-12-14 17:00:00","33998146","34537765","-539619","42872.54743682266"
"2023-12-14 18:00:00","35684839","38280672","-2595833","42962.816458307374"
"2023-12-14 19:00:00","34895436","42159951","-7264515","43190.1490822724"
"2023-12-14 20:00:00","27287804","40526263","-13238459","43130.9713119345"
"2023-12-14 21:00:00","41072212","44964646","-3892434","42429.49574352477"
"2023-12-14 22:00:00","36446978","31292006","5154972","42547.02448077968"
"2023-12-14 23:00:00","34703525","34378123","325402","42441.70945512552"
"2023-12-15 00:00:00","31123221","26379650","4743571","42608.064628868284"
"2023-12-15 01:00:00","34394082","30151289","4242793","43276.84198752767"
"2023-12-15 02:00:00","34672480","40141204","-5468724","42936.304498928555"
"2023-12-15 03:00:00","33092027","24538407","8553620","43055.612207994775"
"2023-12-15 04:00:00","38199960","43508965","-5309005","42909.76098477464"
"2023-12-15 05:00:00","38475607","40020340","-1544733","42950.43833111583"
"2023-12-15 06:00:00","38514504","43160051","-4645547","43088.66428311326"
"2023-12-15 07:00:00","27134880","36981863","-9846983","42991.2862716241"
"2023-12-15 08:00:00","35139024","40001847","-4862823","42974.77313879301"
"2023-12-15 09:00:00","41421596","38185093","3236503","42991.26215702335"
"2023-12-15 10:00:00","35464699","42448220","-6983521","42900.13495204738"
"2023-12-15 11:00:00","41156842","43329065","-2172223","42801.86645362413"
"2023-12-15 12:00:00","41961420","36212438","5748982","42763.740661336604"
"2023-12-15 13:00:00","43507065","37932466","5574599","42661.49313154099"
"2023-12-15 14:00:00","54074947","36621905","17453042","42600.77504186773"
"2023-12-15 15:00:00","48134993","35289580","12845413","42673.40063524713"
"2023-12-15 16:00:00","43696064","34051257","9644807","42896.13809748415"
"2023-12-15 17:00:00","37900418","36778097","1122321","42862.043993962005"
"2023-12-15 18:00:00","46219412","36977992","9241420","42866.39223578767"
"2023-12-15 19:00:00","45985925","37527093","8458832","42777.67653949681"
"2023-12-15 20:00:00","46045720","36859126","9186594","42679.53851283851"
"2023-12-15 21:00:00","46792233","34413010","12379223","42319.79546444227"
"2023-12-15 22:00:00","50771578","33217705","17553873","42099.66229508554"
"2023-12-15 23:00:00","41617425","30215910","11401515","41848.29095192764"
"2023-12-16 00:00:00","43421252","25961015","17460237","41812.777535331385"
"2023-12-16 01:00:00","48616859","31377967","17238892","41832.56243072372"
"2023-12-16 02:00:00","50229936","31738735","18491201","42113.60490609138"
"2023-12-16 03:00:00","42155274","38542806","3612468","41997.386060149496"
"2023-12-16 04:00:00","42694722","39699547","2995175","42189.65071421944"
"2023-12-16 05:00:00","35755914","37477402","-1721488","42219.499071111626"
"2023-12-16 06:00:00","38408917","38875334","-466417","42109.98939681377"
"2023-12-16 07:00:00","42337857","35173045","7164812","42004.562017090015"
"2023-12-16 08:00:00","43274845","32642290","10632555","41890.03237417385"
"2023-12-16 09:00:00","45914967","34510076","11404891","42094.84141507948"
"2023-12-16 10:00:00","33474604","39392073","-5917469","42134.21250828944"
"2023-12-16 11:00:00","34549796","38744803","-4195007","42361.050136038684"
"2023-12-16 12:00:00","35331645","40264541","-4932896","42285.33883355154"
"2023-12-16 13:00:00","34537085","43295201","-8758116","42240.37264268119"
"2023-12-16 14:00:00","36984292","39848601","-2864309","42184.54717617435"
"2023-12-16 15:00:00","41727170","38157488","3569682","42228.275522451455"
"2023-12-16 16:00:00","40403331","38473998","1929333","42178.46375308007"
"2023-12-16 17:00:00","41757585","36501558","5256027","42208.494708576436"
"2023-12-16 18:00:00","42983697","37720769","5262928","42243.66697244785"
"2023-12-16 19:00:00","40960284","40656140","304144","42313.037715955725"
"2023-12-16 20:00:00","37419294","40073759","-2654465","42422.47588352943"
"2023-12-16 21:00:00","38739307","43283851","-4544544","42400.618017955465"
"2023-12-16 22:00:00","39593202","37852890","1740312","42342.24860944006"
"2023-12-16 23:00:00","38853655","40986733","-2133078","42487.11090118438"
"2023-12-17 00:00:00","34988828","48905161","-13916333","42652.09057724757"
"2023-12-17 01:00:00","35951015","46455247","-10504232","42517.25751491333"
"2023-12-17 02:00:00","36401448","42138941","-5737493","42453.9579155602"
"2023-12-17 03:00:00","37452139","44929674","-7477535","42363.280717878195"
"2023-12-17 04:00:00","37246078","38011605","-765527","42326.091127841755"
"2023-12-17 05:00:00","43920128","37283851","6636277","42289.12630254798"
"2023-12-17 06:00:00","43236255","36590798","6645457","42293.45950169002"
"2023-12-17 07:00:00","32165300","25346694","6818606","42235.98564558593"
"2023-12-17 08:00:00","36491498","31500402","4991096","42181.844866201456"
"2023-12-17 09:00:00","42092189","33250424","8841765","42041.52182314672"
"2023-12-17 10:00:00","51081922","36250129","14831793","41872.19430596163"
"2023-12-17 11:00:00","63555852","32886265","30669587","41920.35562753916"
"2023-12-17 12:00:00","53492580","31581465","21911115","42012.827689928214"
"2023-12-17 13:00:00","50633489","38022413","12611076","41892.14049571092"
"2023-12-17 14:00:00","52837727","35340435","17497292","41991.988695653374"
"2023-12-17 15:00:00","39626652","34396928","5229724","41864.89356697834"
"2023-12-17 16:00:00","51443720","38796905","12646815","41851.47897396588"
"2023-12-17 17:00:00","47243541","38900016","8343525","41931.13499898932"
"2023-12-17 18:00:00","47525239","38019117","9506122","41911.140708754814"
"2023-12-17 19:00:00","50047262","41702726","8344536","41954.09763512472"
"2023-12-17 20:00:00","46723002","39396050","7326952","41929.14161265121"
"2023-12-17 21:00:00","50502135","38283062","12219073","41841.53919068836"
"2023-12-17 22:00:00","54827475","38616220","16211255","41645.34373766066"
"2023-12-17 23:00:00","58781972","31989139","26792833","41781.17927661105"
"2023-12-18 00:00:00","46561050","38803610","7757440","42008.01832444025"
"2023-12-18 01:00:00","39459715","37314894","2144821","42065.857787400935"
"2023-12-18 02:00:00","41092314","35288437","5803877","42138.1512254368"
"2023-12-18 03:00:00","25241323","30794760","-5553437","42112.158195649994"
"2023-12-18 04:00:00","34339834","35016203","-676369","42128.757393942346"
"2023-12-18 05:00:00","33557464","36873401","-3315937","41931.87673888733"
"2023-12-18 06:00:00","44868313","33632769","11235544","41691.04252250572"
"2023-12-18 07:00:00","44504960","23628028","20876932","41411.57448907072"
"2023-12-18 08:00:00","56171849","30580717","25591132","41342.72964657287"
"2023-12-18 09:00:00","51659889","35020300","16639589","41028.38624051141"
"2023-12-18 10:00:00","57936693","30219489","27717204","40898.0835469941"
"2023-12-18 11:00:00","63756134","32110363","31645771","41068.42622675808"
"2023-12-18 12:00:00","48437856","37318979","11118877","41157.25227399821"
"2023-12-18 13:00:00","45066705","34675396","10391309","41047.54984430654"
"2023-12-18 14:00:00","54029022","35302972","18726050","41157.74590888509"
"2023-12-18 15:00:00","47594139","37851156","9742983","41090.05850378785"
"2023-12-18 16:00:00","51323789","34348130","16975659","41156.979127870225"
"2023-12-18 17:00:00","45472991","35918964","9554027","41090.48334072577"
"2023-12-18 18:00:00","46306543","32932739","13373804","40694.93560514098"
"2023-12-18 19:00:00","44977092","33325984","11651108","41020.87139962621"
"2023-12-18 20:00:00","38243691","40967216","-2723525","40941.4471790202"
"2023-12-18 21:00:00","39092130","36179136","2912994","41318.768994671205"
"2023-12-18 22:00:00","33125028","44319655","-11194627","41559.28882507103"
"2023-12-18 23:00:00","36630769","43733699","-7102930","41328.250957425"
"2023-12-19 00:00:00","36105911","29949426","6156485","41405.00793203725"
"2023-12-19 01:00:00","28143706","32339008","-4195302","41482.48129510039"
"2023-12-19 02:00:00","35091895","31908871","3183024","41598.910576498965"
"2023-12-19 03:00:00","41001206","42723512","-1722306","41699.75532685371"
"2023-12-19 04:00:00","36700107","42999994","-6299887","41950.43653634474"
"2023-12-19 05:00:00","32283471","41209870","-8926399","42635.14480473765"
"2023-12-19 06:00:00","27441946","42216655","-14774709","42469.98405876365"
"2023-12-19 07:00:00","28337200","33571746","-5234546","42632.73266440584"
"2023-12-19 08:00:00","33326278","48369065","-15042787","42710.299499009125"
"2023-12-19 09:00:00","37648803","51150576","-13501773","43059.137390409014"
"2023-12-19 10:00:00","32543492","48050430","-15506938","43102.589558024025"
"2023-12-19 11:00:00","38888092","43252736","-4364644","43006.25043958295"
"2023-12-19 12:00:00","40416459","46864234","-6447775","42918.36058730502"
"2023-12-19 13:00:00","39816010","37491418","2324592","42935.36265442416"
"2023-12-19 14:00:00","43760240","39091751","4668489","42915.959404047586"
"2023-12-19 15:00:00","41233708","40956963","276745","43048.78094872727"
"2023-12-19 16:00:00","38845791","42638012","-3792221","43096.87502583343"
"2023-12-19 17:00:00","39061539","53379247","-14317708","43011.0218181175"
"2023-12-19 18:00:00","33924809","40352180","-6427371","43167.388647005566"
"2023-12-19 19:00:00","40410341","50303168","-9892827","43013.3103738537"
"2023-12-19 20:00:00","37853864","39982157","-2128293","42867.67466712393"
"2023-12-19 21:00:00","38908584","40466240","-1557656","42901.294537162845"
"2023-12-19 22:00:00","37233934","40807525","-3573591","42499.72072717355"
"2023-12-19 23:00:00","41599583","31474347","10125236","42463.85884284231"
"2023-12-20 00:00:00","42229969","34892796","7337173","42386.40481217253"
"2023-12-20 01:00:00","45592763","27857059","17735704","41926.67672540811"
"2023-12-20 02:00:00","49462237","30199151","19263086","42192.262338874054"
"2023-12-20 03:00:00","35539015","33412513","2126502","42243.97998913547"
"2023-12-20 04:00:00","35729894","32919930","2809964","42224.824691980066"
"2023-12-20 05:00:00","31259807","28110147","3149660","42441.15639397408"
"2023-12-20 06:00:00","36055959","32989607","3066352","42294.67275955541"
"2023-12-20 07:00:00","27704402","21254349","6450053","42275.50383985616"
"2023-12-20 08:00:00","44484104","31199459","13284645","42413.22491375904"
"2023-12-20 09:00:00","44025169","37966265","6058904","42337.35595526386"
"2023-12-20 10:00:00","47948818","35009496","12939322","42412.72290248788"
"2023-12-20 11:00:00","45859518","37659899","8199619","42386.45064578219"
"2023-12-20 12:00:00","48184508","37970657","10213851","42733.28693529142"
"2023-12-20 13:00:00","37383687","43351358","-5967671","42666.203528501836"
"2023-12-20 14:00:00","34020668","36900426","-2879758","42863.73960725296"
"2023-12-20 15:00:00","34438956","39861338","-5422382","42909.8294957057"
"2023-12-20 16:00:00","34716880","43794017","-9077137","42807.65162731459"
"2023-12-20 17:00:00","38434296","38795924","-361628","42771.9521047499"
"2023-12-20 18:00:00","40477998","37395571","3082427","42848.46881009048"
"2023-12-20 19:00:00","37600058","44480745","-6880687","42867.15891032705"
"2023-12-20 20:00:00","38128435","42959034","-4830599","42968.8781768313"
"2023-12-20 21:00:00","35593045","49287874","-13694829","43662.4756155858"
"2023-12-20 22:00:00","40752735","63904626","-23151891","43942.339765108336"
"2023-12-20 23:00:00","34883697","42292738","-7409041","44118.82311307885"
"2023-12-21 00:00:00","34172865","52453148","-18280283","43817.652099950865"
"2023-12-21 01:00:00","33669039","37683489","-4014450","43953.292854387364"
"2023-12-21 02:00:00","30615777","50701808","-20086031","44157.16844928242"
"2023-12-21 03:00:00","36561309","62886063","-26324754","43858.81588321212"
"2023-12-21 04:00:00","39640901","33014362","6626539","43601.57072046084"
"2023-12-21 05:00:00","35383791","29784636","5599155","43473.280509003445"
"2023-12-21 06:00:00","38650606","32053328","6597278","43611.5283099706"
"2023-12-21 07:00:00","25335249","32177084","-6841835","43637.571324922246"
"2023-12-21 08:00:00","37211187","39631828","-2420641","43592.94133237866"
"2023-12-21 09:00:00","45899009","40770682","5128327","43445.41780983368"
"2023-12-21 10:00:00","47243889","36645609","10598280","43448.58894761497"
"2023-12-21 11:00:00","48626879","37239680","11387199","43676.936786747654"
"2023-12-21 12:00:00","35085320","44722763","-9637443","43631.85743790918"
"2023-12-21 13:00:00","40351487","43913014","-3561527","43480.74488470766"
"2023-12-21 14:00:00","45610586","42440033","3170553","43689.8720013239"
"2023-12-21 15:00:00","37960315","47050413","-9090098","43743.05637244868"
"2023-12-21 16:00:00","39859474","43000467","-3140993","43706.22068082487"
"2023-12-21 17:00:00","40497733","43614019","-3116286","43691.71077817572"
"2023-12-21 18:00:00","40061854","42837879","-2776025","43950.23205364272"
"2023-12-21 19:00:00","36144427","56659874","-20515447","43879.1279979285"
"2023-12-21 20:00:00","42327226","46570259","-4243033","44124.87041043703"
"2023-12-21 21:00:00","42034668","66530383","-24495715","44145.53764138195"
"2023-12-21 22:00:00","39402838","68178990","-28776152","43679.4496778923"
"2023-12-21 23:00:00","41757335","31394975","10362360","43751.977129636754"
"2023-12-22 00:00:00","39676679","46312447","-6635768","43597.546367172974"
"2023-12-22 01:00:00","42240843","35896678","6344165","43427.86110402095"
"2023-12-22 02:00:00","49364803","35254456","14110347","43567.4229766975"
"2023-12-22 03:00:00","46262827","40225505","6037322","43548.82908010047"
"2023-12-22 04:00:00","48863958","44333160","4530798","43746.953338764586"
"2023-12-22 05:00:00","41052123","51853830","-10801707","43998.332155754644"
"2023-12-22 06:00:00","35306471","65038459","-29731988","43994.27268842748"
"2023-12-22 07:00:00","27379775","51738430","-24358655","43855.29407399432"
"2023-12-22 08:00:00","39372498","54158874","-14786376","43854.29484159169"
"2023-12-22 09:00:00","53521195","55443293","-1922098","44142.9421505157"
"2023-12-22 10:00:00","39562333","69085703","-29523370","43988.931528572335"
"2023-12-22 11:00:00","46707778","48701195","-1993417","43961.61501988049"
"2023-12-22 12:00:00","45906974","54620435","-8713461","44129.92021948685"
"2023-12-22 13:00:00","46183858","58254996","-12071138","44169.80987702691"
"2023-12-22 14:00:00","44383563","67461364","-23077801","43918.39610310039"
"2023-12-22 15:00:00","42023945","28636968","13386977","43596.3758320189"
"2023-12-22 16:00:00","52941188","29191436","23749752","43643.51448858924"
"2023-12-22 17:00:00","52726460","30431509","22294951","43756.908159795435"
"2023-12-22 18:00:00","48700027","38620220","10079807","43733.927290749976"
"2023-12-22 19:00:00","49311055","38193684","11117371","43749.56289665147"
"2023-12-22 20:00:00","49303949","42107805","7196144","43580.738313185626"
"2023-12-22 21:00:00","54902231","39499258","15402973","43739.720093355936"
"2023-12-22 22:00:00","47236090","40110413","7125677","43608.94384446202"
"2023-12-22 23:00:00","42092946","41379225","713721","43725.92478483684"
"2023-12-23 00:00:00","41298038","40339079","958959","43567.991749297464"
"2023-12-23 01:00:00","45662216","41690513","3971703","43704.87645119235"
"2023-12-23 02:00:00","44664658","46751174","-2086516","43995.27164646702"
"2023-12-23 03:00:00","35993783","63928440","-27934657","43700.65408760044"
"2023-12-23 04:00:00","53603149","47565014","6038135","43765.860313301106"
"2023-12-23 05:00:00","55073154","40144190","14928964","43781.86228909003"
"2023-12-23 06:00:00","53349016","42277417","11071599","43799.147943481184"
"2023-12-23 07:00:00","51331598","49832114","1499484","44021.34762662324"
"2023-12-23 08:00:00","35454535","57656316","-22201781","43911.794468866836"
"2023-12-23 09:00:00","54536460","48021064","6515396","43785.40881701317"
"2023-12-23 10:00:00","56593310","34445318","22147992","43589.357071010454"
"2023-12-23 11:00:00","52299164","34641801","17657363","43589.882419141264"
"2023-12-23 12:00:00","48636842","36921225","11715617","43551.610226703066"
"2023-12-23 13:00:00","43893219","38168207","5725012","43626.859267870226"
"2023-12-23 14:00:00","41000837","42280351","-1279514","43670.356297977916"
"2023-12-23 15:00:00","42982394","44954206","-1971812","43638.903945883925"
"2023-12-23 16:00:00","44686001","42394572","2291429","43671.29595911518"
"2023-12-23 17:00:00","45263876","46543119","-1279243","43700.83276535006"
"2023-12-23 18:00:00","44342345","45813312","-1470967","43639.61088469379"
"2023-12-23 19:00:00","43802161","46767425","-2965264","43627.64447416244"
"2023-12-23 20:00:00","42213481","44448728","-2235247","43763.28042262618"
"2023-12-23 21:00:00","44351019","50906731","-6555712","43731.83020246428"
"2023-12-23 22:00:00","44054115","49985236","-5931121","43816.95565773562"
"2023-12-23 23:00:00","40821667","49334849","-8513182","43835.44413401618"
"2023-12-24 00:00:00","44195071","55206836","-11011765","43853.7077096949"
"2023-12-24 01:00:00","42189517","68468444","-26278927","43790.923039637564"
"2023-12-24 02:00:00","42108328","54093384","-11985056","43856.59244816109"
"2023-12-24 03:00:00","48090458","67937174","-19846716","43751.498622820916"
"2023-12-24 04:00:00","50809595","52105131","-1295536","43749.55858470478"
"2023-12-24 05:00:00","46708771","52568373","-5859602","43813.22386826996"
"2023-12-24 06:00:00","50402438","60456848","-10054410","43817.4817624002"
"2023-12-24 07:00:00","38943102","49273158","-10330056","43783.23960317001"
"2023-12-24 08:00:00","47988104","49856478","-1868374","43740.090616556015"
"2023-12-24 09:00:00","52175239","52151394","23845","43832.33631484609"
"2023-12-24 10:00:00","47549282","63244054","-15694772","43857.749908292644"
"2023-12-24 11:00:00","44490942","70227351","-25736409","43891.429417038256"
"2023-12-24 12:00:00","41842111","64686367","-22844256","43846.884235769445"
"2023-12-24 13:00:00","51668845","63852134","-12183289","43529.540465098136"
"2023-12-24 14:00:00","55879417","35052741","20826676","43557.36250094421"
"2023-12-24 15:00:00","53331072","45020197","8310875","43692.40904249389"
"2023-12-24 16:00:00","51326772","51501828","-175056","43681.84880317607"
"2023-12-24 17:00:00","49537432","54078972","-4541540","43734.38896044283"
"2023-12-24 18:00:00","49104517","54143378","-5038861","43583.995393457655"
"2023-12-24 19:00:00","49522464","51970549","-2448085","43651.628710563244"
"2023-12-24 20:00:00","48879851","56782604","-7902753","43696.34952615193"
"2023-12-24 21:00:00","49575973","53246609","-3670636","43812.308426057345"
"2023-12-24 22:00:00","46524940","55698790","-9173850","43787.435660827454"
"2023-12-24 23:00:00","50444413","55886059","-5441646","43787.98121057419"
"2023-12-25 00:00:00","51906150","54794745","-2888595","43728.89393586695"
"2023-12-25 01:00:00","56185692","60219875","-4034183","43700.16942975058"
"2023-12-25 02:00:00","55237630","57023122","-1785492","43708.56925205893"
"2023-12-25 03:00:00","53785192","58330664","-4545472","43679.87827763462"
"2023-12-25 04:00:00","54234672","60673826","-6439154","43566.220379296305"
"2023-12-25 05:00:00","52844069","49666650","3177419","43563.387383518464"
"2023-12-25 06:00:00","53269975","47722268","5547707","43062.88515088075"
"2023-12-25 07:00:00","29409305","23170617","6238688","43058.521703826955"
"2023-12-25 08:00:00","35936319","30375377","5560942","42931.72847487092"
"2023-12-25 09:00:00","39714620","36092561","3622059","43094.46258178943"
"2023-12-25 10:00:00","38455004","35072033","3382971","43058.98675624228"
"2023-12-25 11:00:00","41982137","32362695","9619442","43187.86385543818"
"2023-12-25 12:00:00","39603034","35572710","4030324","43143.535453031865"
"2023-12-25 13:00:00","40100815","37079131","3021684","43233.146494033506"
"2023-12-25 14:00:00","39168834","35783730","3385104","43278.404280815135"
"2023-12-25 15:00:00","41237742","36752104","4485638","43277.3395407084"
"2023-12-25 16:00:00","39755900","36761081","2994819","43200.28558727904"
"2023-12-25 17:00:00","37789657","36697114","1092543","43188.837561078486"
"2023-12-25 18:00:00","39939886","38722893","1216993","43194.810959617345"
"2023-12-25 19:00:00","40503674","37375576","3128098","43230.57347906412"
"2023-12-25 20:00:00","39398551","40372960","-974409","43515.0354736722"
"2023-12-25 21:00:00","28353747","49844643","-21490896","43675.88939538846"
"2023-12-25 22:00:00","27329122","55339411","-28010289","43701.7473328849"
"2023-12-25 23:00:00","33555741","55223103","-21667362","43659.08992329516"
"2023-12-26 00:00:00","37651545","52407413","-14755868","43522.544780234"
"2023-12-26 01:00:00","35296825","48320962","-13024137","43581.146995556526"
"2023-12-26 02:00:00","38087899","52375124","-14287225","43570.820072735594"
"2023-12-26 03:00:00","36210743","42198892","-5988149","43461.59276455036"
"2023-12-26 04:00:00","35076601","43825312","-8748711","43405.09596514957"
"2023-12-26 05:00:00","37488841","42245797","-4756956","43487.959500384"
"2023-12-26 06:00:00","37092553","47764982","-10672429","43717.8196932141"
"2023-12-26 07:00:00","24060614","46893703","-22833089","43621.23769684098"
"2023-12-26 08:00:00","37553853","54974195","-17420342","43447.7821197603"
"2023-12-26 09:00:00","38532854","44020899","-5488045","43520.55681002398"
"2023-12-26 10:00:00","37636075","49298905","-11662830","43516.25062554749"
"2023-12-26 11:00:00","35851847","45327381","-9475534","43453.68038961198"
"2023-12-26 12:00:00","41961315","49423987","-7462672","43472.557705877385"
"2023-12-26 13:00:00","39460537","51211153","-11750616","42813.75806780351"
"2023-12-26 14:00:00","56321170","35239618","21081552","42709.11542446908"
"2023-12-26 15:00:00","46738547","35157841","11580706","42805.10083073662"
"2023-12-26 16:00:00","41010152","37061380","3948772","42741.079268556074"
"2023-12-26 17:00:00","41319416","34971399","6348017","42407.96056719244"
"2023-12-26 18:00:00","50248753","37585040","12663713","42629.4094749515"
"2023-12-26 19:00:00","39018415","40364548","-1346133","42690.15748207579"
"2023-12-26 20:00:00","38025284","36261803","1763481","42761.89138992393"
"2023-12-26 21:00:00","35186035","32006404","3179631","42730.150293220686"
"2023-12-26 22:00:00","30507347","33439543","-2932196","42628.263238710904"
"2023-12-26 23:00:00","38935533","32628795","6306738","42441.30816101931"
"2023-12-27 00:00:00","46208021","31159977","15048044","42308.005194096586"
"2023-12-27 01:00:00","48096188","38308999","9787189","42010.107926606535"
"2023-12-27 02:00:00","35256223","36388454","-1132231","42110.391349448924"
"2023-12-27 03:00:00","31354341","38735919","-7381578","42098.93193263426"
"2023-12-27 04:00:00","35774469","42336310","-6561841","42212.29121986906"
"2023-12-27 05:00:00","38073247","42380725","-4307478","42293.36141863735"
"2023-12-27 06:00:00","29977961","35644567","-5666606","42471.79581613239"
"2023-12-27 07:00:00","26086562","29656402","-3569840","42534.42950777797"
"2023-12-27 08:00:00","35440528","36473899","-1033371","42431.35890196759"
"2023-12-27 09:00:00","39411044","40126348","-715304","42472.74194756828"
"2023-12-27 10:00:00","34982239","40513843","-5531604","42278.709104462134"
"2023-12-27 11:00:00","38983796","35984539","2999257","42278.51589543093"
"2023-12-27 12:00:00","40879835","41827005","-947170","42313.60221227145"
"2023-12-27 13:00:00","39459108","38004018","1455090","42449.97423247883"
"2023-12-27 14:00:00","36347955","40106184","-3758229","42445.623384714345"
"2023-12-27 15:00:00","36884998","45390335","-8505337","42461.70736145342"
"2023-12-27 16:00:00","34844016","44327550","-9483534","42721.68878189502"
"2023-12-27 17:00:00","37442968","41614045","-4171077","42731.63007900358"
"2023-12-27 18:00:00","31810565","38292940","-6482375","43179.66274044392"
"2023-12-27 19:00:00","35807249","47082059","-11274810","43007.212863779605"
"2023-12-27 20:00:00","35416781","43762552","-8345771","42868.01857666776"
"2023-12-27 21:00:00","30957919","45386810","-14428891","42928.78107838375"
"2023-12-27 22:00:00","35605902","47199842","-11593940","43038.54995461021"
"2023-12-27 23:00:00","26482089","33598520","-7116431","43041.15251085061"
"2023-12-28 00:00:00","32562984","46141622","-13578638","43125.83245167501"
"2023-12-28 01:00:00","34685444","42846614","-8161170","43055.25925198387"
"2023-12-28 02:00:00","35112518","44681729","-9569211","43135.17024493943"
"2023-12-28 03:00:00","37456505","48560517","-11104012","43143.84261594603"
"2023-12-28 04:00:00","39660883","46686300","-7025417","43529.79035465496"
"2023-12-28 05:00:00","33889099","48429871","-14540772","43357.17823808312"
"2023-12-28 06:00:00","35660517","41803908","-6143391","43431.16453710687"
"2023-12-28 07:00:00","27426452","40327507","-12901055","43434.168304101346"
"2023-12-28 08:00:00","33629315","52003076","-18373761","43686.60620667489"
"2023-12-28 09:00:00","37845967","61503595","-23657628","43540.10434853931"
"2023-12-28 10:00:00","36520764","44179379","-7658615","43436.2669084083"
"2023-12-28 11:00:00","38246385","42562735","-4316350","43429.20383812401"
"2023-12-28 12:00:00","39837922","51084520","-11246598","43396.044945782734"
"2023-12-28 13:00:00","36278554","38592061","-2313507","43225.67434922007"
"2023-12-28 14:00:00","34082363","42867772","-8785409","43107.97772811583"
"2023-12-28 15:00:00","42218692","37813368","4405324","43008.20366883711"
"2023-12-28 16:00:00","37576921","38546446","-969525","42966.44020561004"
"2023-12-28 17:00:00","43327504","37950385","5377119","43080.45027811963"
"2023-12-28 18:00:00","39949254","38997626","951628","43154.82864647115"
"2023-12-28 19:00:00","42827246","41542561","1284685","43077.34196161195"
"2023-12-28 20:00:00","40796914","41537963","-741049","42935.8261585883"
"2023-12-28 21:00:00","46454406","35613077","10841329","42890.34806523316"
"2023-12-28 22:00:00","44680361","37571766","7108595","42586.09889199629"
"2023-12-28 23:00:00","28478422","23531577","4946845","42468.908518190845"
"2023-12-29 00:00:00","47315987","29310915","18005072","42514.516071616206"
"2023-12-29 01:00:00","46376883","35120972","11255911","42530.041074413886"
"2023-12-29 02:00:00","40589646","34972216","5617430","42488.29176051888"
"2023-12-29 03:00:00","46299480","35566000","10733480","42646.50383194273"
"2023-12-29 04:00:00","33236604","31839508","1397096","42524.324593194775"
"2023-12-29 05:00:00","42845666","35533219","7312447","42473.279825880025"
"2023-12-29 06:00:00","49816767","33479029","16337738","42611.35066374009"
"2023-12-29 07:00:00","33026704","23719665","9307039","42605.1705494076"
"2023-12-29 08:00:00","44735637","27098114","17637523","42458.70420076183"
"2023-12-29 09:00:00","49076996","33193666","15883330","42325.79077270289"
"2023-12-29 10:00:00","49212187","31406500","17805687","42584.19582353525"
"2023-12-29 11:00:00","39087143","39747545","-660402","42758.20380564422"
"2023-12-29 12:00:00","36956731","38832905","-1876174","42687.81378222506"
"2023-12-29 13:00:00","36369812","39342139","-2972327","42701.046464713596"
"2023-12-29 14:00:00","36391349","39873066","-3481717","42565.13751200695"
"2023-12-29 15:00:00","43184663","37705186","5479477","42326.620445388085"
"2023-12-29 16:00:00","54573181","27219219","27353962","42502.788627645954"
"2023-12-29 17:00:00","40048149","33335789","6712360","42665.02943070305"
"2023-12-29 18:00:00","40831416","45461298","-4629882","42762.709299526825"
"2023-12-29 19:00:00","41226905","44410672","-3183767","42892.06601274932"
"2023-12-29 20:00:00","36458694","42333774","-5875080","42876.637472147464"
"2023-12-29 21:00:00","36975911","50009392","-13033481","42860.514595821805"
"2023-12-29 22:00:00","38500726","44121108","-5620382","42993.27438840799"
"2023-12-29 23:00:00","43452633","46074659","-2622026","42399.887372840705"
"2023-12-30 00:00:00","44204918","22396653","21808265","42155.65110219989"
"2023-12-30 01:00:00","52999595","27013089","25986506","41792.778387744016"
"2023-12-30 02:00:00","53774293","29610728","24163565","42110.61941114154"
"2023-12-30 03:00:00","40285671","32121923","8163748","42175.57242265071"
"2023-12-30 04:00:00","37865744","35735186","2130558","42021.56700470699"
"2023-12-30 05:00:00","39657477","33945850","5711627","41962.642297331266"
"2023-12-30 06:00:00","46120437","31616774","14503663","41828.8217833306"
"2023-12-30 07:00:00","34665419","31041607","3623812","42086.955077883584"
"2023-12-30 08:00:00","31365137","29141570","2223567","42168.771300029555"
"2023-12-30 09:00:00","37689450","35549208","2140242","42211.54971458845"
"2023-12-30 10:00:00","37900599","39018669","-1118070","41933.84398697791"
"2023-12-30 11:00:00","38580840","31508540","7072300","42003.57213577619"
"2023-12-30 12:00:00","37555702","34203877","3351825","42018.86331879476"
"2023-12-30 13:00:00","35989321","35504952","484369","42134.09071338049"
"2023-12-30 14:00:00","33793662","38343710","-4550048","42114.699105184605"
"2023-12-30 15:00:00","37233347","35831778","1401569","41983.10797945887"
"2023-12-30 16:00:00","38206539","32274267","5932272","41742.96949988516"
"2023-12-30 17:00:00","46009592","31156093","14853499","41707.83112082694"
"2023-12-30 18:00:00","40903996","34600902","6303094","41828.05096146092"
"2023-12-30 19:00:00","39486978","31885189","7601789","41940.51725326088"
"2023-12-30 20:00:00","41193824","36021557","5172267","42029.22870433542"
"2023-12-30 21:00:00","38532762","35601287","2931475","42001.998583202876"
"2023-12-30 22:00:00","40015474","34719021","5296453","42226.071327438105"
"2023-12-30 23:00:00","36331646","39114085","-2782439","42408.90927978509"
"2023-12-31 00:00:00","34621334","42235029","-7613695","42448.5604370778"
"2023-12-31 01:00:00","31436589","34345103","-2908514","42505.90346191167"
"2023-12-31 02:00:00","38317854","40354079","-2036225","42398.88006567"
"2023-12-31 03:00:00","37907574","46028364","-8120790","42410.571186686546"
"2023-12-31 04:00:00","42074362","38735144","3339218","42281.55808434705"
"2023-12-31 05:00:00","39557539","43170946","-3613407","42311.35772584313"
"2023-12-31 06:00:00","37702738","44625270","-6922532","42202.47793306141"
"2023-12-31 07:00:00","28487945","23196046","5291899","42230.07678618296"
"2023-12-31 08:00:00","37463172","31137148","6326024","42351.15638254448"
"2023-12-31 09:00:00","42314407","40468981","1845426","42219.70888840921"
"2023-12-31 10:00:00","40867017","34053279","6813738","42058.55273297281"
"2023-12-31 11:00:00","37975255","32962498","5012757","42187.73995470899"
"2023-12-31 12:00:00","40671685","34769798","5901887","42242.45735509537"
"2023-12-31 13:00:00","38200185","37479086","721099","42262.72759690709"
"2023-12-31 14:00:00","38099261","36844509","1254752","42283.49750295149"
"2023-12-31 15:00:00","35418741","39440800","-4022059","42517.97852747104"
"2023-12-31 16:00:00","35208228","42155705","-6947477","42434.3505673939"
"2023-12-31 17:00:00","36318728","49350643","-13031915","42823.17216299878"
"2023-12-31 18:00:00","37351603","54416528","-17064925","42724.07162040026"
"2023-12-31 19:00:00","46031613","56236005","-10204392","42537.709928878874"
"2023-12-31 20:00:00","50017834","40817793","9200041","42447.05193574987"
"2023-12-31 21:00:00","49131489","39073989","10057500","42499.49245338019"
"2023-12-31 22:00:00","48700596","43502222","5198374","42522.707548896244"
"2023-12-31 23:00:00","48489400","46759577","1729823","42495.63091057108"
"2024-01-01 00:00:00","50882154","40449312","10432842","42674.78831061742"
"2024-01-01 01:00:00","44209301","51956495","-7747194","42612.592208946895"
"2024-01-01 02:00:00","45519730","49628718","-4108988","42641.81352910498"
"2024-01-01 03:00:00","39722472","47796993","-8074521","42654.151926344726"
"2024-01-01 04:00:00","46367937","50883960","-4516023","42571.0693612772"
"2024-01-01 05:00:00","47530505","41418561","6111944","42543.46268193415"
"2024-01-01 06:00:00","49717557","42133741","7583816","42422.07102255818"
"2024-01-01 07:00:00","36374840","20879801","15495039","42272.37016259612"
"2024-01-01 08:00:00","41374076","32199944","9174132","42510.06770899231"
"2024-01-01 09:00:00","35032599","40896687","-5864088","42662.71053461413"
"2024-01-01 10:00:00","34446114","45201386","-10755272","42594.684828357094"
"2024-01-01 11:00:00","34945389","45240055","-10294666","42356.063325000054"
"2024-01-01 12:00:00","53507846","36053365","17454481","42362.00702766208"
"2024-01-01 13:00:00","49196584","34763339","14433245","42255.8200822465"
"2024-01-01 14:00:00","51495254","31026955","20468299","42413.969683984236"
"2024-01-01 15:00:00","51841723","35325342","16516381","42512.45978092717"
"2024-01-01 16:00:00","34365016","36736330","-2371314","42544.518975497755"
"2024-01-01 17:00:00","30615694","38381939","-7766245","42666.14217734096"
"2024-01-01 18:00:00","33747593","43701653","-9954060","42726.0027483452"
"2024-01-01 19:00:00","38570980","45506874","-6935894","42649.897130098296"
"2024-01-01 20:00:00","42383177","45203758","-2820581","42709.84732492442"
"2024-01-01 21:00:00","45650514","45743769","-93255","42761.88651863672"
"2024-01-01 22:00:00","39032823","48227190","-9194367","42652.273365215704"
"2024-01-01 23:00:00","45509573","41423978","4085595","42827.73613773957"
"2024-01-02 00:00:00","40809920","46195590","-5385670","42754.77856416022"
"2024-01-02 01:00:00","34821183","43685169","-8863986","42831.31317943582"
"2024-01-02 02:00:00","42623643","51126497","-8502854","43164.06934169292"
"2024-01-02 03:00:00","39005149","41912720","-2907571","43488.97868690626"
"2024-01-02 04:00:00","35050306","67769590","-32719284","43776.28347477992"
"2024-01-02 05:00:00","34933537","64494946","-29561409","43594.70393854721"
"2024-01-02 06:00:00","38412132","61887278","-23475146","43506.54179394721"
"2024-01-02 07:00:00","25964142","35576604","-9612462","44180.84323321222"
"2024-01-02 08:00:00","29272700","70970065","-41697365","44892.89540374419"
"2024-01-02 09:00:00","22117060","49544683","-27427623","44841.07581758806"
"2024-01-02 10:00:00","34101037","43836449","-9735412","45337.7344124157"
"2024-01-02 11:00:00","34312150","54374627","-20062477","45463.1378961221"
"2024-01-02 12:00:00","38930083","59143753","-20213670","45240.681442544555"
"2024-01-02 13:00:00","38325648","51006414","-12680766","45204.12510229881"
"2024-01-02 14:00:00","35405099","49509009","-14103910","45309.043665300575"
"2024-01-02 15:00:00","37317133","50637180","-13320047","45535.07358745093"
"2024-01-02 16:00:00","32043157","50482683","-18439526","45712.27195273118"
"2024-01-02 17:00:00","31768819","62801195","-31032376","45719.1366631922"
"2024-01-02 18:00:00","38104070","59477097","-21373027","45582.696461730775"
"2024-01-02 19:00:00","54252963","58113295","-3860332","45507.99469140826"
"2024-01-02 20:00:00","35060174","37593467","-2533293","45394.13529348756"
"2024-01-02 21:00:00","39447557","38904738","542819","45666.80595370287"
"2024-01-02 22:00:00","32813534","62001753","-29188219","45323.014865478384"
"2024-01-02 23:00:00","36798643","34097872","2700771","45277.53792387595"
"2024-01-03 00:00:00","34965886","33653435","1312451","45352.39019493099"
"2024-01-03 01:00:00","42909797","43781579","-871782","45052.84258175672"
"2024-01-03 02:00:00","49103941","39583448","9520493","45216.696980620865"
"2024-01-03 03:00:00","38980101","33991939","4988162","45047.61557077943"
"2024-01-03 04:00:00","40025494","41783803","-1758309","44871.80546822851"
"2024-01-03 05:00:00","55145067","43063798","12081269","45075.865655352376"
"2024-01-03 06:00:00","38019994","44977074","-6957080","45001.28530999619"
"2024-01-03 07:00:00","28585800","25233373","3352427","44885.691406149606"
"2024-01-03 08:00:00","45484389","35550750","9933639","45135.861399610076"
"2024-01-03 09:00:00","41437511","44561887","-3124376","45304.39560890983"
"2024-01-03 10:00:00","40405614","42869669","-2464055","45280.32242077747"
"2024-01-03 11:00:00","41846508","42895355","-1048847","45227.172858086684"
"2024-01-03 12:00:00","41838848","44232797","-2393949","45197.20120432796"
"2024-01-03 13:00:00","44833950","44316310","517640","45248.996726565136"
"2024-01-03 14:00:00","50632267","43008820","7623447","45338.18618037175"
"2024-01-03 15:00:00","44641041","45146368","-505327","45052.646728781685"
"2024-01-03 16:00:00","49407317","44957744","4449573","45161.15846988296"
"2024-01-03 17:00:00","45062621","42198343","2864278","45380.80308353119"
"2024-01-03 18:00:00","41835707","49354118","-7518411","45151.82731927124"
"2024-01-03 19:00:00","51837858","47645847","4192011","44129.43750794964"
"2024-01-03 20:00:00","34099267","30525921","3573346","42653.730134258316"
"2024-01-03 21:00:00","25460835","27459346","-1998511","42528.22847598022"
"2024-01-03 22:00:00","35060778","32091691","2969087","42339.51818496313"
"2024-01-03 23:00:00","31791909","18632500","13159409","43009.71282470399"
"2024-01-04 00:00:00","31118176","24467814","6650362","43061.62199645423"
"2024-01-04 01:00:00","33179757","28113030","5066727","42790.4397930486"
"2024-01-04 02:00:00","30578186","29436377","1141809","42515.10042734357"
"2024-01-04 03:00:00","24839001","17697825","7141176","42632.73279016631"
"2024-01-04 04:00:00","32496440","27334920","5161520","42751.06726557036"
"2024-01-04 05:00:00","37376610","31917700","5458910","42949.31573231923"
"2024-01-04 06:00:00","33443787","30998379","2445408","42765.87981735005"
"2024-01-04 07:00:00","26139698","23297926","2841772","42857.716687380045"
"2024-01-04 08:00:00","31956226","30791439","1164787","42912.16460120333"
"2024-01-04 09:00:00","39242468","37694905","1547563","42774.51720494768"
"2024-01-04 10:00:00","44759648","34290406","10469242","43157.76600762483"
"2024-01-04 11:00:00","37831834","36973161","858673","43102.36636272071"
"2024-01-04 12:00:00","36819201","38688300","-1869099","43197.72693140612"
"2024-01-04 13:00:00","40344477","40465418","-120941","43219.02175170425"
"2024-01-04 14:00:00","40901601","40918690","-17089","43191.87959286626"
"2024-01-04 15:00:00","41765210","38653482","3111728","42876.01668658961"
"2024-01-04 16:00:00","36503623","28340809","8162814","42887.95020415774"
"2024-01-04 17:00:00","40794380","34013870","6780510","43026.503486184265"
"2024-01-04 18:00:00","40229588","36499195","3730393","43112.07528578749"
"2024-01-04 19:00:00","36728505","38446617","-1718112","43228.108859149084"
"2024-01-04 20:00:00","35811162","38851067","-3039905","43407.194876958434"
"2024-01-04 21:00:00","35817990","39181680","-3363690","43505.4129084754"
"2024-01-04 22:00:00","38971405","41033804","-2062399","43651.22778513209"
"2024-01-04 23:00:00","29111727","42170847","-13059120","44098.94105774386"
"2024-01-05 00:00:00","40610619","43808437","-3197818","44007.82114966716"
"2024-01-05 01:00:00","43290006","38222190","5067816","44023.95364389405"
"2024-01-05 02:00:00","40656505","42276896","-1620391","44144.221028896056"
"2024-01-05 03:00:00","42732316","42899336","-167020","44102.8844792492"
"2024-01-05 04:00:00","42145549","34812623","7332926","44315.697616475016"
"2024-01-05 05:00:00","37285799","31043507","6242292","44417.33851686331"
"2024-01-05 06:00:00","36829033","73298023","-36468990","44341.799125078134"
"2024-01-05 07:00:00","26620572","32719886","-6099314","44229.78186499435"
"2024-01-05 08:00:00","37496983","33826635","3670348","44231.71981329981"
"2024-01-05 09:00:00","38898294","40040730","-1142436","43325.40188887719"
"2024-01-05 10:00:00","30469357","32328942","-1859585","43592.66324719758"
"2024-01-05 11:00:00","37830080","34900287","2929793","43507.82592127743"
"2024-01-05 12:00:00","38072989","36423246","1649743","43625.82326144519"
"2024-01-05 13:00:00","33648583","37218509","-3569926","43613.02423265556"
"2024-01-05 14:00:00","33336386","36222740","-2886354","43878.243245022924"
"2024-01-05 15:00:00","36165489","39204874","-3039385","43805.68016073648"
"2024-01-05 16:00:00","33986582","36099560","-2112978","43921.05522469784"
"2024-01-05 17:00:00","37094517","37299494","-204977","44170.69990260579"
"2024-01-05 18:00:00","30016240","41038748","-11022508","43881.40325404729"
"2024-01-05 19:00:00","35346264","29613807","5732457","43831.62881500811"
"2024-01-05 20:00:00","36117206","36407369","-290163","43911.434660533334"
"2024-01-05 21:00:00","34610843","38322323","-3711480","43921.14220108821"
"2024-01-05 22:00:00","33231923","44263980","-11032057","43548.27494284872"
"2024-01-05 23:00:00","18695432","18634886","60546","43450.2127521811"
"2024-01-06 00:00:00","30809030","31044907","-235877","43375.93946153234"
"2024-01-06 01:00:00","39263015","30587797","8675218","43604.833358914424"
"2024-01-06 02:00:00","35486586","34750261","736325","43613.55043226293"
"2024-01-06 03:00:00","36252791","39859691","-3606900","43741.08335351781"
"2024-01-06 04:00:00","39913144","37350543","2562601","43892.603158990314"
"2024-01-06 05:00:00","30740112","29358076","1382036","43909.444358250556"
"2024-01-06 06:00:00","24534302","27941207","-3406905","43951.00752755011"
"2024-01-06 07:00:00","36997979","40594767","-3596788","44162.47914434842"
"2024-01-06 08:00:00","30701366","45014276","-14312910","44132.367335258525"
"2024-01-06 09:00:00","39110297","53781398","-14671101","44059.7292132459"
"2024-01-06 10:00:00","40414500","39265426","1149074","43991.15551433128"
"2024-01-06 11:00:00","42469017","39529785","2939232","44030.42279883417"
"2024-01-06 12:00:00","41796319","42593228","-796909","43952.97435196914"
"2024-01-06 13:00:00","47179828","37416488","9763340","43791.29353105537"
"2024-01-06 14:00:00","43765770","35860951","7904819","43544.02497995148"
"2024-01-06 15:00:00","46661355","34663756","11997599","43715.11065236393"
"2024-01-06 16:00:00","39150118","36606158","2543960","43761.72792214211"
"2024-01-06 17:00:00","41800736","41916907","-116171","43726.0526500753"
"2024-01-06 18:00:00","45171435","40784945","4386490","43762.07489632237"
"2024-01-06 19:00:00","41610136","40674277","935859","43732.86597938184"
"2024-01-06 20:00:00","44590022","42537251","2052771","43666.83902358169"
"2024-01-06 21:00:00","47077895","42826116","4251779","43778.89274265407"
"2024-01-06 22:00:00","40973516","36349793","4623723","43865.723596499"
"2024-01-06 23:00:00","38556356","36171557","2384799","43932.62629198583"
"2024-01-07 00:00:00","36510253","44657979","-8147726","43930.482216648954"
"2024-01-07 01:00:00","31418272","39599250","-8180978","44011.263595592616"
"2024-01-07 02:00:00","32321234","45637817","-13316583","44104.47075295415"
"2024-01-07 03:00:00","38387094","49544927","-11157833","43960.876602032025"
"2024-01-07 04:00:00","44363142","45612977","-1249835","43887.8516413215"
"2024-01-07 05:00:00","50103912","40928894","9175018","43918.771277153"
"2024-01-07 06:00:00","43540385","43909735","-369350","43915.79898695312"
"2024-01-07 07:00:00","28714667","31925023","-3210356","43994.00981272236"
"2024-01-07 08:00:00","33742137","39093934","-5351797","44201.20032696759"
"2024-01-07 09:00:00","36478126","51951382","-15473256","44062.43441101388"
"2024-01-07 10:00:00","37028261","37908830","-880569","43970.45704673504"
"2024-01-07 11:00:00","39131698","38416970","714728","44003.58863261378"
"2024-01-07 12:00:00","38377917","43037587","-4659670","44044.15604800414"
"2024-01-07 13:00:00","36177347","43095880","-6918533","43922.732788027286"
"2024-01-07 14:00:00","40432828","38821378","1611450","44060.43473083742"
"2024-01-07 15:00:00","33654884","43455145","-9800261","44122.1140448193"
"2024-01-07 16:00:00","34203030","44685707","-10482677","44065.387164993364"
"2024-01-07 17:00:00","35034754","44301060","-9266306","43994.70105286597"
"2024-01-07 18:00:00","40911180","43600085","-2688905","44004.49558807745"
"2024-01-07 19:00:00","37009913","43761706","-6751793","44129.27526445329"
"2024-01-07 20:00:00","37721327","52016905","-14295578","44146.364854502026"
"2024-01-07 21:00:00","39138080","52727643","-13589563","44403.411063245425"
"2024-01-07 22:00:00","33116699","43658126","-10541427","44427.87809229302"
"2024-01-07 23:00:00","35896124","48178292","-12282168","44125.82453649415"
"2024-01-08 00:00:00","39341797","36799404","2542393","43993.76493070824"
"2024-01-08 01:00:00","42634706","33282800","9351906","44091.16257210964"
"2024-01-08 02:00:00","39516443","36527634","2988809","44169.35090749751"
"2024-01-08 03:00:00","38199395","41347551","-3148156","44258.06018629982"
"2024-01-08 04:00:00","35637608","41519333","-5881725","44198.97002380623"
"2024-01-08 05:00:00","42639196","39334841","3304355","44235.224956282786"
"2024-01-08 06:00:00","39242183","44655203","-5413020","43915.9250135324"
"2024-01-08 07:00:00","34015018","25727935","8287083","43922.60924378843"
"2024-01-08 08:00:00","35250354","32099600","3150754","43700.25199943401"
"2024-01-08 09:00:00","47474803","36736150","10738653","43736.17110192812"
"2024-01-08 10:00:00","45591187","31749358","13841829","43430.29955736554"
"2024-01-08 11:00:00","46219796","35567843","10651953","43554.12311499001"
"2024-01-08 12:00:00","39470364","36858111","2612253","43607.43199584741"
"2024-01-08 13:00:00","32873096","37624480","-4751384","43590.85249127841"
"2024-01-08 14:00:00","33723617","39371181","-5647564","43938.631884683076"
"2024-01-08 15:00:00","31668512","36429311","-4760799","43988.641981188375"
"2024-01-08 16:00:00","25599187","37825230","-12226043","43895.232923862764"
"2024-01-08 17:00:00","32381923","36629479","-4247556","43724.189516329985"
"2024-01-08 18:00:00","25672547","24296183","1376364","44100.347651453674"
"2024-01-08 19:00:00","27279470","36920648","-9641178","44487.35989193645"
"2024-01-08 20:00:00","33949842","63955126","-30005284","44983.75629282824"
"2024-01-08 21:00:00","29357155","42870855","-13513700","44930.623963250226"
"2024-01-08 22:00:00","37074439","42743013","-5668574","45014.21341072179"
"2024-01-08 23:00:00","41623424","40876745","746679","45025.8666306501"
"2024-01-09 00:00:00","33458230","40636475","-7178245","44968.97252945653"
"2024-01-09 01:00:00","41140574","42932203","-1791629","45567.49096170321"
"2024-01-09 02:00:00","39426536","64305263","-24878727","46823.4798233761"
"2024-01-09 03:00:00","25299331","68442474","-43143143","46939.486063009856"
"2024-01-09 04:00:00","31192082","59583994","-28391912","46835.45262285544"
"2024-01-09 05:00:00","38384151","42056760","-3672609","47132.89237893711"
"2024-01-09 06:00:00","35842513","74999387","-39156874","47007.54625819503"
"2024-01-09 07:00:00","28808793","56166012","-27357219","46932.47724353296"
"2024-01-09 08:00:00","36528072","56881588","-20353516","46752.26725426706"
"2024-01-09 09:00:00","34117494","37983794","-3866300","46530.01026913624"
"2024-01-09 10:00:00","39680222","37125455","2554767","46771.875412988535"
"2024-01-09 11:00:00","37259087","47944396","-10685309","46978.44291913679"
"2024-01-09 12:00:00","29900573","56010290","-26109717","46849.996624229316"
"2024-01-09 13:00:00","33259810","49227166","-15967356","46698.756758362855"
"2024-01-09 14:00:00","39074326","47173585","-8099259","46825.70450525867"
"2024-01-09 15:00:00","40144418","53152923","-13008505","46853.01463099139"
"2024-01-09 16:00:00","40807170","56175692","-15368522","46617.706385114696"
"2024-01-09 17:00:00","39592399","38137024","1455375","46589.20919180449"
"2024-01-09 18:00:00","41130875","41045872","85003","46510.558968015095"
"2024-01-09 19:00:00","44416479","41320931","3095548","46616.57521799327"
"2024-01-09 20:00:00","36138679","47379608","-11240929","46541.79986445081"
"2024-01-09 21:00:00","15514641","16496080","-981439","46773.73229311727"
"2024-01-09 22:00:00","35237886","49115511","-13877625","46623.884820711835"
"2024-01-09 23:00:00","37946163","40537553","-2591390","46914.67057194983"
"2024-01-10 00:00:00","38552973","53584166","-15031193","46867.04432475465"
"2024-01-10 01:00:00","47128636","55040408","-7911772","46776.82417039576"
"2024-01-10 02:00:00","38504422","41723578","-3219156","46670.3727076167"
"2024-01-10 03:00:00","45191128","47502567","-2311439","46883.19699455424"
"2024-01-10 04:00:00","40026828","58144609","-18117781","46674.97423569352"
"2024-01-10 05:00:00","35746136","34766205","979931","45760.77173009361"
"2024-01-10 06:00:00","26214794","26827556","-612762","46139.68004955267"
"2024-01-10 07:00:00","21021981","29638551","-8616570","46106.18580502014"
"2024-01-10 08:00:00","35646270","38449868","-2803598","45965.54694890834"
"2024-01-10 09:00:00","41395466","34210763","7184703","45915.25039453471"
"2024-01-10 10:00:00","41617847","38898253","2719594","45966.4675204891"
"2024-01-10 11:00:00","45639156","39210191","6428965","46129.762744893575"
"2024-01-10 12:00:00","47860514","42460613","5399901","46060.38119042964"
"2024-01-10 13:00:00","49724316","36857264","12867052","45993.01213326042"
"2024-01-10 14:00:00","49447889","39607527","9840362","46038.826133745315"
"2024-01-10 15:00:00","51186579","39783400","11403179","45821.968603979694"
"2024-01-10 16:00:00","46350853","34203788","12147065","45576.70633731291"
"2024-01-10 17:00:00","47133036","31817609","15315427","45680.00933217736"
"2024-01-10 18:00:00","41699376","35553614","6145762","45611.1245136328"
"2024-01-10 19:00:00","39964113","28907832","11056281","45423.307376093355"
"2024-01-10 20:00:00","34496050","26601295","7894755","44805.979980625394"
"2024-01-10 21:00:00","29857431","21843117","8014314","45169.95720884333"
"2024-01-10 22:00:00","38160132","28577226","9582906","44910.60516547889"
"2024-01-10 23:00:00","35486491","29912886","5573605","45459.98042276296"
"2024-01-11 00:00:00","23913364","65452956","-41539592","45480.82069259739"
"2024-01-11 01:00:00","38229025","29192081","9036944","46263.855676069565"
"2024-01-11 02:00:00","28160227","78210328","-50050101","46447.34253872459"
"2024-01-11 03:00:00","27982061","86121490","-58139429","46523.540937554426"
"2024-01-11 04:00:00","29251867","59086445","-29834578","45846.660448097406"
"2024-01-11 05:00:00","21581688","25239608","-3657920","45795.43333469079"
"2024-01-11 06:00:00","26294456","33509876","-7215420","46821.85947932373"
"2024-01-11 07:00:00","25765878","86571195","-60805317","46579.90984774905"
"2024-01-11 08:00:00","32811165","30886937","1924228","46656.34211188268"
"2024-01-11 09:00:00","39953135","37668374","2284761","46604.87173516572"
"2024-01-11 10:00:00","47844342","36677148","11167194","46608.513246529656"
"2024-01-11 11:00:00","48922762","37708608","11214154","46476.54710552695"
"2024-01-11 12:00:00","44338607","39521336","4817271","46453.562515167905"
"2024-01-11 13:00:00","48662695","41051250","7611445","46130.4389985105"
"2024-01-11 14:00:00","41401551","39257785","2143766","45896.217840646794"
"2024-01-11 15:00:00","43799438","36434569","7364869","46114.16802106456"
"2024-01-11 16:00:00","40820189","39122380","1697809","46322.020302643505"
"2024-01-11 17:00:00","45039228","41991036","3048192","46301.2193118967"
"2024-01-11 18:00:00","40592494","40052987","539507","46786.392551287674"
"2024-01-11 19:00:00","34499479","44287098","-9787619","47022.09265134221"
"2024-01-11 20:00:00","41219356","61006526","-19787170","47370.12751985319"
"2024-01-11 21:00:00","37642224","67845635","-30203411","47312.50854726304"
"2024-01-11 22:00:00","34077426","52449059","-18371633","48624.54929934647"
"2024-01-11 23:00:00","35207491","77390664","-42183173","46800.43798682824"
"2024-01-12 00:00:00","29718717","30431475","-712758","45982.48865678991"
"2024-01-12 01:00:00","43090841","38085161","5005680","46326.33816071107"
"2024-01-12 02:00:00","40468934","42616365","-2147431","46484.06581483577"
"2024-01-12 03:00:00","35478091","39772208","-4294117","46667.0468993339"
"2024-01-12 04:00:00","40640975","49141836","-8500861","46450.54738194549"
"2024-01-12 05:00:00","39454171","35719346","3734825","46173.67001461848"
"2024-01-12 06:00:00","44703642","36559675","8143967","46308.26456634922"
"2024-01-12 07:00:00","30253718","29872086","381632","46367.251013785564"
"2024-01-12 08:00:00","44620233","44042709","577524","46402.65258756869"
"2024-01-12 09:00:00","49480881","41364046","8116835","46158.25224899226"
"2024-01-12 10:00:00","46757296","41402564","5354732","46153.68044926491"
"2024-01-12 11:00:00","47546551","40590747","6955804","46132.28248488823"
"2024-01-12 12:00:00","48512942","38923129","9589813","45948.88430225482"
"2024-01-12 13:00:00","56521465","40963044","15558421","46181.49888880012"
"2024-01-12 14:00:00","46795519","42217977","4577542","46165.93652424546"
"2024-01-12 15:00:00","45377038","39206430","6170608","45959.164310858294"
"2024-01-12 16:00:00","43120304","37491537","5628767","45830.91492286811"
"2024-01-12 17:00:00","49408624","41237060","8171564","45981.99514843173"
"2024-01-12 18:00:00","44860662","40849729","4010933","46110.32134649678"
"2024-01-12 19:00:00","31922806","34498558","-2575752","46010.993081081215"
"2024-01-12 20:00:00","41766228","39115030","2651198","45858.5100554666"
"2024-01-12 21:00:00","35071537","31752691","3318846","45775.05370793155"
"2024-01-12 22:00:00","41690836","36767052","4923784","45458.009522336884"
"2024-01-12 23:00:00","38171705","32377350","5794355","44477.693195595035"
"2024-01-13 00:00:00","50917744","50486199","431545","43645.84567371185"
"2024-01-13 01:00:00","30999861","56803131","-25803270","43611.58944752374"
"2024-01-13 02:00:00","32935981","71789237","-38853256","43488.863860791644"
"2024-01-13 03:00:00","47810746","35973478","11837268","43461.141759551225"
"2024-01-13 04:00:00","50063740","51259013","-1195273","43826.06538751363"
"2024-01-13 05:00:00","40430270","33611211","6819059","43426.69273484459"
"2024-01-13 06:00:00","40490056","27075890","13414166","42428.89791018839"
"2024-01-13 07:00:00","29046203","25267154","3779049","42914.192724164466"
"2024-01-13 08:00:00","47868635","33558707","14309928","42852.980586271915"
"2024-01-13 09:00:00","39150562","28270636","10879926","42707.51277895209"
"2024-01-13 10:00:00","40640234","33998241","6641993","42650.64975014064"
"2024-01-13 11:00:00","43628508","33118021","10510487","42646.22340579993"
"2024-01-13 12:00:00","43056321","36995103","6061218","42842.102772159444"
"2024-01-13 13:00:00","37163540","37790229","-626689","43089.53842750593"
"2024-01-13 14:00:00","37386260","36666928","719332","43166.583589021604"
"2024-01-13 15:00:00","38205289","39241761","-1036472","43162.22981765458"
"2024-01-13 16:00:00","38488193","39102886","-614693","43194.62021203645"
"2024-01-13 17:00:00","38812083","39323469","-511386","42939.11143330393"
"2024-01-13 18:00:00","39035647","36870336","2165311","42790.840130837096"
"2024-01-13 19:00:00","41278657","32731287","8547370","42596.16018246321"
"2024-01-13 20:00:00","41069238","34809646","6259592","42719.11580684555"
"2024-01-13 21:00:00","43088900","41674130","1414770","42737.456585084416"
"2024-01-13 22:00:00","48191023","36230581","11960442","42906.0493250268"
"2024-01-13 23:00:00","44823468","32428566","12394902","43084.273413816125"
"2024-01-14 00:00:00","31823198","40432494","-8609296","42911.194770563256"
"2024-01-14 01:00:00","50324784","36060378","14264406","42892.51748360138"
"2024-01-14 02:00:00","46692734","32020572","14672162","42836.375295784965"
"2024-01-14 03:00:00","57104371","33655215","23449156","42876.12294119916"
"2024-01-14 04:00:00","49280938","31370817","17910121","42878.76559190131"
"2024-01-14 05:00:00","52871117","38500939","14370178","42963.61516623771"
"2024-01-14 06:00:00","47317867","40754858","6563009","42971.26941834962"
"2024-01-14 07:00:00","37543494","32596166","4947328","42864.80702739115"
"2024-01-14 08:00:00","48003531","35700428","12303103","42738.748759034315"
"2024-01-14 09:00:00","52782377","33981226","18801151","42837.659626906345"
"2024-01-14 10:00:00","52639943","34725214","17914729","42784.42743582746"
"2024-01-14 11:00:00","48916107","38616467","10299640","42695.138034969255"
"2024-01-14 12:00:00","51748930","36919147","14829783","42598.34187918362"
"2024-01-14 13:00:00","50408398","36439857","13968541","42781.6016276528"
"2024-01-14 14:00:00","46048704","40036773","6011931","42959.071486121335"
"2024-01-14 15:00:00","39044288","38676256","368032","43007.12379269327"
"2024-01-14 16:00:00","41427075","38223919","3203156","43003.93465900123"
"2024-01-14 17:00:00","43391054","37697775","5693279","42970.60933298888"
"2024-01-14 18:00:00","37623634","39969093","-2345459","42920.831100794065"
"2024-01-14 19:00:00","49907296","36372406","13534890","42820.84039257872"
"2024-01-14 20:00:00","52472483","33303859","19168624","42803.10223090665"
"2024-01-14 21:00:00","56074255","36250641","19823614","42866.19786154277"
"2024-01-14 22:00:00","51541690","39096608","12445082","42843.70502014298"
"2024-01-14 23:00:00","55462705","36823245","18639460","42897.82463109922"
"2024-01-15 00:00:00","52036079","37623881","14412198","42929.68879411211"
"2024-01-15 01:00:00","50901568","40857194","10044374","42951.02043961742"
"2024-01-15 02:00:00","50804898","39626433","11178465","42899.573333381326"
"2024-01-15 03:00:00","50439601","39389106","11050495","42654.25277953455"
"2024-01-15 04:00:00","51139448","41219999","9919449","42601.80318067286"
"2024-01-15 05:00:00","38177726","36408959","1768767","42384.35508408195"
"2024-01-15 06:00:00","35736427","30763720","4972707","42311.107975165665"
"2024-01-15 07:00:00","35659777","21341333","14318444","41892.41789089893"
"2024-01-15 08:00:00","63561147","30078868","33482279","42283.904405353074"
"2024-01-15 09:00:00","35608254","37620075","-2011821","42278.08756808217"
"2024-01-15 10:00:00","40003746","34586654","5417092","42356.94120337855"
"2024-01-15 11:00:00","38577108","38324993","252115","42535.06082129794"
"2024-01-15 12:00:00","37379632","33613791","3765841","42567.47891449603"
"2024-01-15 13:00:00","39558791","43769528","-4210737","42702.129765326456"
"2024-01-15 14:00:00","40423637","44770646","-4347009","42643.4863609212"
"2024-01-15 15:00:00","38395905","42435746","-4039841","42670.52587893527"
"2024-01-15 16:00:00","32500471","37727510","-5227039","42701.4609330312"
"2024-01-15 17:00:00","40948437","39440301","1508136","42711.44269101016"
"2024-01-15 18:00:00","36861107","41728079","-4866972","42627.4104497026"
"2024-01-15 19:00:00","40738592","33584258","7154334","42683.985455121525"
"2024-01-15 20:00:00","41254208","43221079","-1966871","42642.860175906695"
"2024-01-15 21:00:00","41506940","42711752","-1204812","42894.93402013396"
"2024-01-15 22:00:00","39777500","43400654","-3623154","42248.626118819055"
"2024-01-15 23:00:00","43038338","30390654","12647684","42247.99832527588"
"2024-01-16 00:00:00","44616721","33881468","10735253","42504.70720590061"
"2024-01-16 01:00:00","41911325","42917120","-1005795","42683.26602251623"
"2024-01-16 02:00:00","40135571","52827902","-12692331","43103.65087252801"
"2024-01-16 03:00:00","42465381","35525938","6939443","42879.09062705363"
"2024-01-16 04:00:00","39886795","34145741","5741054","42906.59600704326"
"2024-01-16 05:00:00","38670444","37014927","1655517","42796.49000983422"
"2024-01-16 06:00:00","41817562","34303066","7514496","42597.98731643542"
"2024-01-16 07:00:00","31297679","26654107","4643572","42538.24676415408"
"2024-01-16 08:00:00","42189754","36063878","6125876","42612.28920275572"
"2024-01-16 09:00:00","44042051","38857359","5184692","42542.478420602274"
"2024-01-16 10:00:00","42641873","39877001","2764872","42622.55057659267"
"2024-01-16 11:00:00","43590184","43317502","272682","42826.14941650893"
"2024-01-16 12:00:00","43511869","41038610","2473259","42756.823658285146"
"2024-01-16 13:00:00","44997246","40076541","4920705","42811.044668274066"
"2024-01-16 14:00:00","44356185","40431785","3924400","42702.2737262439"
"2024-01-16 15:00:00","46431638","43199637","3232001","42705.075528343"
"2024-01-16 16:00:00","42005183","44994797","-2989614","42974.33878094752"
"2024-01-16 17:00:00","36770504","43446760","-6676256","42970.45812668903"
"2024-01-16 18:00:00","40177801","36502185","3675616","42856.30531648231"
"2024-01-16 19:00:00","45289829","42873319","2416510","42829.54676944282"
"2024-01-16 20:00:00","46897959","41289182","5608777","43091.773147335276"
"2024-01-16 21:00:00","41248245","47908988","-6660743","42879.905600440914"
"2024-01-16 22:00:00","44232963","37285871","6947092","42366.90593913935"
"2024-01-16 23:00:00","34464198","49581924","-15117726","43088.385165121465"
"2024-01-17 00:00:00","32699432","54467902","-21768470","43241.25920458276"
"2024-01-17 01:00:00","33929129","46902503","-12973374","43093.70312286296"
"2024-01-17 02:00:00","40165103","42306552","-2141449","43008.21660294053"
"2024-01-17 03:00:00","30160009","32497891","-2337882","43134.48435592288"
"2024-01-17 04:00:00","39033005","47315839","-8282834","43123.938033065846"
"2024-01-17 05:00:00","35183855","49901248","-14717393","43439.41016488814"
"2024-01-17 06:00:00","40325566","64883329","-24557763","43263.563112551856"
"2024-01-17 07:00:00","30869943","32937924","-2067981","43160.9864902297"
"2024-01-17 08:00:00","42678514","34936546","7741968","43100.73099554913"
"2024-01-17 09:00:00","43635270","40781372","2853898","43043.56854495118"
"2024-01-17 10:00:00","39461793","33315053","6146740","42981.55113140429"
"2024-01-17 11:00:00","45286292","38667689","6618603","42859.218057609796"
"2024-01-17 12:00:00","48505978","37098591","11407387","42833.710814966165"
"2024-01-17 13:00:00","48750420","38052625","10697795","42773.62394076778"
"2024-01-17 14:00:00","46564928","38320567","8244361","42805.62536643795"
"2024-01-17 15:00:00","44289253","33474966","10814287","42644.46153623977"
"2024-01-17 16:00:00","50926906","33956822","16970084","42689.153241261985"
"2024-01-17 17:00:00","45856828","36845028","9011800","42698.19379574691"
"2024-01-17 18:00:00","43723434","34476474","9246960","42795.9033267625"
"2024-01-17 19:00:00","42447378","37681514","4765864","42672.83342434987"
"2024-01-17 20:00:00","41712170","38052883","3659287","42697.00669759408"
"2024-01-17 21:00:00","39151185","40129566","-978381","42623.10309258661"
"2024-01-17 22:00:00","48448791","46329439","2119352","42704.91578167566"
"2024-01-17 23:00:00","45757462","31478566","14278896","42539.765044374435"
"2024-01-18 00:00:00","38752793","25156970","13595823","42307.3809771506"
"2024-01-18 01:00:00","48853145","25485562","23367583","42366.919661261585"
"2024-01-18 02:00:00","55788501","29593331","26195170","42531.856823919814"
"2024-01-18 03:00:00","42827441","45974671","-3147230","42572.155487089025"
"2024-01-18 04:00:00","46917521","49403478","-2485957","42722.915701020145"
"2024-01-18 05:00:00","41315745","45207177","-3891432","42648.19258850537"
"2024-01-18 06:00:00","44302612","42499028","1803584","42643.89073100759"
"2024-01-18 07:00:00","29041918","34459936","-5418018","42736.03859950494"
"2024-01-18 08:00:00","39313031","43501679","-4188648","42658.87230060734"
"2024-01-18 09:00:00","45892896","47338702","-1445806","42539.23303038638"
"2024-01-18 10:00:00","46013132","45846017","167115","42629.40372611698"
"2024-01-18 11:00:00","43061126","43163240","-102114","42542.7128907603"
"2024-01-18 12:00:00","47635707","44103883","3531824","42620.52564347411"
"2024-01-18 13:00:00","45739975","47802620","-2062645","42711.03809514757"
"2024-01-18 14:00:00","42758731","44123494","-1364763","42756.39228815448"
"2024-01-18 15:00:00","42138038","44148077","-2010039","42849.144485462646"
"2024-01-18 16:00:00","38798242","42549834","-3751592","42742.12512355141"
"2024-01-18 17:00:00","41919191","39110964","2808227","42722.73960488688"
"2024-01-18 18:00:00","43971034","43791263","179771","42506.43998936051"
"2024-01-18 19:00:00","53234827","33478290","19756537","42472.68200579363"
"2024-01-18 20:00:00","51170696","38477733","12692963","42391.191156922134"
"2024-01-18 21:00:00","58077881","36601770","21476111","42548.237800960924"
"2024-01-18 22:00:00","50345234","38812580","11532654","42624.41576489569"
"2024-01-18 23:00:00","37931536","41877609","-3946073","42616.85348599804"
"2024-01-19 00:00:00","44646699","43823693","823006","41824.96112979429"
"2024-01-19 01:00:00","52625353","34523668","18101685","41662.470541311544"
"2024-01-19 02:00:00","40407138","33189337","7217801","41473.59839481231"
"2024-01-19 03:00:00","51249119","34896995","16352124","41131.93224167038"
"2024-01-19 04:00:00","53716908","31916227","21800681","41031.58183524663"
"2024-01-19 05:00:00","60428772","29201831","31226941","41127.42607928013"
"2024-01-19 06:00:00","40649714","31688317","8961397","41313.728212957365"
"2024-01-19 07:00:00","30369833","30786543","-416710","41248.584353615086"
"2024-01-19 08:00:00","41434376","34278998","7155378","41275.940828613544"
"2024-01-19 09:00:00","42151349","38541263","3610086","41261.46747381857"
"2024-01-19 10:00:00","43475833","38057574","5418259","41078.26084551359"
"2024-01-19 11:00:00","39665260","33154729","6510531","40988.40243593111"
"2024-01-19 12:00:00","42019452","37755350","4264102","41092.2223040106"
"2024-01-19 13:00:00","47363273","37698265","9665008","41172.68979784707"
"2024-01-19 14:00:00","38549063","41748787","-3199724","41399.05555071983"
"2024-01-19 15:00:00","31052584","29873541","1179043","41272.80091661287"
"2024-01-19 16:00:00","35363062","31572119","3790943","41212.458511523684"
"2024-01-19 17:00:00","37567433","34250061","3317372","41297.09078378179"
"2024-01-19 18:00:00","41214802","38379473","2835329","41415.03543219476"
"2024-01-19 19:00:00","41623836","41706003","-82167","41439.18901316576"
"2024-01-19 20:00:00","39017200","41400797","-2383597","41294.70643684115"
"2024-01-19 21:00:00","40430432","39749177","681255","41293.99979875689"
"2024-01-19 22:00:00","35974677","40671785","-4697108","40975.99488347657"
"2024-01-19 23:00:00","34005716","21817606","12188110","40922.22444322037"
"2024-01-20 00:00:00","50146879","29285895","20860984","40388.54245169783"
"2024-01-20 01:00:00","90310525","38762605","51547920","41096.73562076303"
"2024-01-20 02:00:00","27171998","36599517","-9427519","41651.85014082822"
"2024-01-20 03:00:00","33098339","36776113","-3677774","41788.733571599296"
"2024-01-20 04:00:00","35044395","39372233","-4327838","41803.54434209742"
"2024-01-20 05:00:00","30992203","24559509","6432694","41612.63009205847"
"2024-01-20 06:00:00","34259859","34318702","-58843","41703.42125415622"
"2024-01-20 07:00:00","28330492","27337184","993308","41629.97535215928"
"2024-01-20 08:00:00","36900166","33611757","3288409","41487.4605380333"
"2024-01-20 09:00:00","38395819","32186909","6208910","41618.19029396093"
"2024-01-20 10:00:00","37571957","32892800","4679157","41596.84380251666"
"2024-01-20 11:00:00","36955279","36687953","267326","41603.33360952204"
"2024-01-20 12:00:00","38526026","35928286","2597740","41612.88968166766"
"2024-01-20 13:00:00","37308095","36839800","468295","41602.42511567906"
"2024-01-20 14:00:00","37646147","39615570","-1969423","41652.80165873755"
"2024-01-20 15:00:00","36918832","42024175","-5105343","41675.80095993618"
"2024-01-20 16:00:00","38836210","38421351","414859","41554.17160439968"
"2024-01-20 17:00:00","39146293","35668499","3477794","41505.9451510919"
"2024-01-20 18:00:00","41922574","35522860","6399714","41527.392258543405"
"2024-01-20 19:00:00","38332574","37801970","530604","41548.115646869745"
"2024-01-20 20:00:00","38815270","38030924","784346","41584.009593278584"
"2024-01-20 21:00:00","38742025","40671468","-1929443","41628.395812532246"
"2024-01-20 22:00:00","40452710","40125517","327193","41547.646262341994"
"2024-01-20 23:00:00","40365664","36452566","3913098","41569.43926654119"
"2024-01-21 00:00:00","31546781","32017663","-470882","41558.70320791872"
"2024-01-21 01:00:00","28595365","27761536","833829","41599.26740072018"
"2024-01-21 02:00:00","27861737","30068306","-2206569","41591.834193946794"
"2024-01-21 03:00:00","27708707","30139744","-2431037","41614.24674579837"
"2024-01-21 04:00:00","29368572","29328671","39901","41727.22931206484"
"2024-01-21 05:00:00","29684020","31054850","-1370830","41748.91879661425"
"2024-01-21 06:00:00","32707739","31743855","963884","41781.661270734774"
"2024-01-21 07:00:00","23219666","25377387","-2157721","41697.78230083349"
"2024-01-21 08:00:00","26745309","29963921","-3218612","41639.04384835654"
"2024-01-21 09:00:00","33556071","36298804","-2742733","41658.06231884744"
"2024-01-21 10:00:00","34278292","35928411","-1650119","41685.31779131521"
"2024-01-21 11:00:00","34209350","37365310","-3155960","41675.78926187923"
"2024-01-21 12:00:00","35765814","34780976","984838","41656.11855071871"
"2024-01-21 13:00:00","34785216","35408148","-622932","41615.549435621106"
"2024-01-21 14:00:00","33936320","35116478","-1180158","41573.42462668112"
"2024-01-21 15:00:00","34535380","35451023","-915643","41634.03950397001"
"2024-01-21 16:00:00","34734540","34385452","349088","41647.69086733392"
"2024-01-21 17:00:00","36270663","37058682","-788019","41712.459138232836"
"2024-01-21 18:00:00","35773795","37870859","-2097064","41779.86989992363"
"2024-01-21 19:00:00","35680415","37608843","-1928428","41698.46919270811"
"2024-01-21 20:00:00","36427702","37439383","-1011681","41747.99007422814"
"2024-01-21 21:00:00","38220223","35016156","3204067","41824.11016455436"
"2024-01-21 22:00:00","37161712","38266702","-1104990","41805.46468411097"
"2024-01-21 23:00:00","38719191","38624826","94365","41636.88713900482"
"2024-01-22 00:00:00","37710087","33227589","4482498","41613.98125345937"
"2024-01-22 01:00:00","37913434","38961827","-1048393","41662.41513202313"
"2024-01-22 02:00:00","36285405","38657332","-2371927","41682.185570164744"
"2024-01-22 03:00:00","38951057","38372123","578934","41709.52361409993"
"2024-01-22 04:00:00","38749026","39908016","-1158990","41641.34694248936"
"2024-01-22 05:00:00","30791921","31928995","-1137074","41757.84097089986"
"2024-01-22 06:00:00","36093969","39815904","-3721935","41626.82829842034"
"2024-01-22 07:00:00","25657110","28042695","-2385585","41547.67786591509"
"2024-01-22 08:00:00","31293128","33010851","-1717723","41608.322467160084"
"2024-01-22 09:00:00","31530921","36657378","-5126457","41371.326009531746"
"2024-01-22 10:00:00","38010822","33380613","4630209","41267.411029587274"
"2024-01-22 11:00:00","42763235","36106320","6656915","41125.061827212376"
"2024-01-22 12:00:00","40908256","37500720","3407536","40783.92745922542"
"2024-01-22 13:00:00","36326621","25684248","10642373","41090.31183833288"
"2024-01-22 14:00:00","35549943","33372337","2177606","41171.95961434929"
"2024-01-22 15:00:00","34290494","37441548","-3151054","40992.500709169806"
"2024-01-22 16:00:00","36609918","34259422","2350496","40906.79458029032"
"2024-01-22 17:00:00","35818607","34000144","1818463","40736.50568634693"
"2024-01-22 18:00:00","46070021","32554978","13515043","40650.76592303305"
"2024-01-22 19:00:00","40099068","32137529","7961539","40828.64824610187"
"2024-01-22 20:00:00","36787274","33908542","2878732","40838.91274917724"
"2024-01-22 21:00:00","34690123","34541756","148367","40911.992812118224"
"2024-01-22 22:00:00","36372994","38184986","-1811992","40588.99546397257"
"2024-01-22 23:00:00","44028772","31916988","12111784","40656.63920239473"
"2024-01-23 00:00:00","31774439","35059417","-3284978","40517.42130863623"
"2024-01-23 01:00:00","60388116","36092202","24295914","40712.871657469"
"2024-01-23 02:00:00","38411149","36328646","2082503","40487.51024000889"
"2024-01-23 03:00:00","63704814","28173862","35530952","39731.85663933474"
"2024-01-23 04:00:00","32088812","26202575","5886237","40088.15729939698"
"2024-01-23 05:00:00","32280900","30573482","1707418","39939.117748957964"
"2024-01-23 06:00:00","36370020","29408787","6961233","39821.880279362005"
"2024-01-23 07:00:00","26874871","24594094","2280777","39479.80700292439"
"2024-01-23 08:00:00","39300927","25382794","13918133","39823.34205425035"
"2024-01-23 09:00:00","34920600","39975648","-5055048","39791.36634607521"
"2024-01-23 10:00:00","34748744","43715055","-8966311","40002.55552125482"
"2024-01-23 11:00:00","34297896","42842002","-8544106","39947.82100206769"
"2024-01-23 12:00:00","35791863","36404996","-613133","40044.27815788566"
"2024-01-23 13:00:00","36258933","37861347","-1602414","40047.730237047836"
"2024-01-23 14:00:00","34065735","33592807","472928","39978.03745000759"
"2024-01-23 15:00:00","37156593","36608523","548070","39713.28019134234"
"2024-01-23 16:00:00","41199420","49843945","-8644525","39483.50551573759"
"2024-01-23 17:00:00","44902994","53255530","-8352536","39065.01330707017"
"2024-01-23 18:00:00","63021460","41298508","21722952","38931.1377156245"
"2024-01-23 19:00:00","77203122","48042274","29160848","38694.082211391076"
"2024-01-23 20:00:00","59447392","66054333","-6606941","38921.653317177945"
"2024-01-23 21:00:00","31891796","69616916","-37725120","38900.090534622315"
"2024-01-23 22:00:00","58670167","56998972","1671195","38717.20871413755"
"2024-01-23 23:00:00","56235433","50178724","6056709","39197.38914845175"
"2024-01-24 00:00:00","35944756","57207902","-21263146","39236.44044000856"
"2024-01-24 01:00:00","34124832","64851484","-30726652","39395.72389320041"
"2024-01-24 02:00:00","28462922","43622643","-15159721","39231.18166975975"
"2024-01-24 03:00:00","37321970","30316654","7005316","39160.86207409925"
"2024-01-24 04:00:00","39779971","30954436","8825535","39155.220962586194"
"2024-01-24 05:00:00","36151315","28754787","7396528","39184.050708309886"
"2024-01-24 06:00:00","33457794","32807891","649903","39475.35374217361"
"2024-01-24 07:00:00","25479265","48825862","-23346597","39753.055197401656"
"2024-01-24 08:00:00","30665878","37253410","-6587532","40029.36341808763"
"2024-01-24 09:00:00","37534330","35659846","1874484","39830.42788064908"
"2024-01-24 10:00:00","37103695","63957666","-26853971","39758.646694653"
"2024-01-24 11:00:00","37145702","72884737","-35739035","39590.92519890678"
"2024-01-24 12:00:00","37577894","57481653","-19903759","39632.50766276894"
"2024-01-24 13:00:00","39082620","63895555","-24812935","39720.48960230764"
"2024-01-24 14:00:00","32450783","47391430","-14940647","39839.77575315257"
"2024-01-24 15:00:00","36905136","53254621","-16349485","39899.0350686426"
"2024-01-24 16:00:00","35048652","34642951","405701","39931.19952720205"
"2024-01-24 17:00:00","32373196","32027837","345359","39958.45703108863"
"2024-01-24 18:00:00","32225270","36996620","-4771350","40348.55977460305"
"2024-01-24 19:00:00","35709262","33415022","2294240","40188.058390760394"
"2024-01-24 20:00:00","36114885","29083815","7031070","39997.22498818101"
"2024-01-24 21:00:00","29663078","25082992","4580086","39931.30409453406"
"2024-01-24 22:00:00","39087733","35526657","3561076","39859.25113169616"
"2024-01-24 23:00:00","36107819","28661246","7446573","40036.06918883764"
"2024-01-25 00:00:00","40333188","37680071","2653117","40145.360247943325"
"2024-01-25 01:00:00","36562940","39648059","-3085119","40078.339980832396"
"2024-01-25 02:00:00","37940590","40857545","-2916955","39771.845022520516"
"2024-01-25 03:00:00","40066808","31119583","8947225","39736.723170628335"
"2024-01-25 04:00:00","34874857","29766960","5107897","39560.80254979965"
"2024-01-25 05:00:00","38340508","26592756","11747752","39729.80437124342"
"2024-01-25 06:00:00","36958117","31883695","5074422","39810.326295423205"
"2024-01-25 07:00:00","33086772","31461232","1625540","40113.26356460132"
"2024-01-25 08:00:00","38157905","40993288","-2835383","40135.34119623598"
"2024-01-25 09:00:00","42316102","46269496","-3953394","39998.337798971435"
"2024-01-25 10:00:00","38713603","39223647","-510044","39958.02560754105"
"2024-01-25 11:00:00","37630168","39704602","-2074434","40013.0936018724"
"2024-01-25 12:00:00","38621642","47967951","-9346309","39967.16199653395"
"2024-01-25 13:00:00","38463215","44490644","-6027429","39837.17774665852"
"2024-01-25 14:00:00","38825424","42743918","-3918494","39943.87280146844"
"2024-01-25 15:00:00","37422965","46638241","-9215276","40061.6508096452"
"2024-01-25 16:00:00","35774874","43736517","-7961643","40053.15677628019"
"2024-01-25 17:00:00","41655326","47754038","-6098712","40037.47655498476"
"2024-01-25 18:00:00","37782038","48665862","-10883824","40098.63763048771"
"2024-01-25 19:00:00","41602692","53479135","-11876443","40153.114684880595"
"2024-01-25 20:00:00","40283471","43729714","-3446243","39877.46322874525"
"2024-01-25 21:00:00","40847921","35261693","5586228","39928.41665904277"
"2024-01-25 22:00:00","34765816","35409953","-644137","40018.62533179957"
"2024-01-25 23:00:00","34045023","39787881","-5742858","39753.64856269115"
"2024-01-26 00:00:00","39936271","36358403","3577868","39718.45085484658"
"2024-01-26 01:00:00","42835613","31053648","11781965","39813.82010419008"
"2024-01-26 02:00:00","40241799","40485647","-243848","39824.49912629465"
"2024-01-26 03:00:00","38729129","39888949","-1159820","39929.62904163664"
"2024-01-26 04:00:00","35124623","42412918","-7288295","39647.162282696714"
"2024-01-26 05:00:00","40521932","36898378","3623554","39893.29565689014"
"2024-01-26 06:00:00","38315974","45079596","-6763622","39953.21109153274"
"2024-01-26 07:00:00","30170473","39146598","-8976125","39936.91433853749"
"2024-01-26 08:00:00","36457072","49013565","-12556493","39895.07371655526"
"2024-01-26 09:00:00","44601419","45690270","-1088851","39913.54207536452"
"2024-01-26 10:00:00","41907739","51411124","-9503385","40149.5544247466"
"2024-01-26 11:00:00","38807400","49071020","-10263620","40065.80740597509"
"2024-01-26 12:00:00","38084706","47425582","-9340876","40131.377354916694"
"2024-01-26 13:00:00","38433021","50108290","-11675269","40101.975112303604"
"2024-01-26 14:00:00","41042894","46655741","-5612847","40052.430314191086"
"2024-01-26 15:00:00","40633030","42862790","-2229760","39966.99633870937"
"2024-01-26 16:00:00","40827884","42173049","-1345165","40108.716657260346"
"2024-01-26 17:00:00","33671792","41573061","-7901269","40254.2266439619"
"2024-01-26 18:00:00","42399824","34018607","8381217","40623.03691313083"
"2024-01-26 19:00:00","41752644","43264218","-1511574","41252.23964536716"
"2024-01-26 20:00:00","26591891","41371075","-14779184","41219.23304361188"
"2024-01-26 21:00:00","39336297","38517424","818873","41070.76755602468"
"2024-01-26 22:00:00","40405277","41071795","-666518","41385.71185553618"
"2024-01-26 23:00:00","26471319","39700895","-13229576","41347.79218022396"
"2024-01-27 00:00:00","40472496","45940500","-5468004","41842.04276284727"
"2024-01-27 01:00:00","39497453","43109165","-3611712","41912.72855290348"
"2024-01-27 02:00:00","38933887","41860711","-2926824","42109.67782361954"
"2024-01-27 03:00:00","42479857","57921113","-15441256","42035.94628659749"
"2024-01-27 04:00:00","39413527","51931066","-12517539","41960.26327716875"
"2024-01-27 05:00:00","40724338","44460635","-3736297","41995.96210087257"
"2024-01-27 06:00:00","40228383","42925422","-2697039","41893.342435038096"
"2024-01-27 07:00:00","36605100","41791276","-5186176","41884.80204870226"
"2024-01-27 08:00:00","38158497","34849530","3308967","41789.513458555295"
"2024-01-27 09:00:00","42222971","38359782","3863189","41834.68943405684"
"2024-01-27 10:00:00","43538630","38408675","5129955","41869.56075305853"
"2024-01-27 11:00:00","43403293","37626956","5776337","41840.66358108779"
"2024-01-27 12:00:00","43569646","37892053","5677593","41862.02910997422"
"2024-01-27 13:00:00","41070016","40443372","626644","41788.71241406549"
"2024-01-27 14:00:00","40747424","35211170","5536254","41742.055648117"
"2024-01-27 15:00:00","41459991","35427601","6032390","41690.154486042935"
"2024-01-27 16:00:00","36650146","29100393","7549753","41514.71169811582"
"2024-01-27 17:00:00","46735879","35358135","11377744","41719.18998891956"
"2024-01-27 18:00:00","36351057","34966807","1384250","41759.64595272599"
"2024-01-27 19:00:00","38218959","38336769","-117810","41786.58081077912"
"2024-01-27 20:00:00","38717967","37608886","1109081","41769.87807617677"
"2024-01-27 21:00:00","39901400","40020010","-118610","41753.1556426549"
"2024-01-27 22:00:00","37385146","37438174","-53028","41766.722366927046"
"2024-01-27 23:00:00","42685111","37364217","5320894","41860.04616682931"
"2024-01-28 00:00:00","42505842","38139524","4366318","41838.3190205971"
"2024-01-28 01:00:00","40858801","38840518","2018283","41817.41244024171"
"2024-01-28 02:00:00","37801952","36405021","1396931","41800.44965895449"
"2024-01-28 03:00:00","43121727","39638125","3483602","41930.59155565041"
"2024-01-28 04:00:00","42197182","40117153","2080029","42070.83344867587"
"2024-01-28 05:00:00","38233090","41882977","-3649887","42166.74536221814"
"2024-01-28 06:00:00","40388978","61500555","-21111577","42160.58680185718"
"2024-01-28 07:00:00","52272709","53011638","-738929","42146.81932320073"
"2024-01-28 08:00:00","44147808","53868131","-9720323","42002.78591371999"
"2024-01-28 09:00:00","42744219","43404461","-660242","42117.011248239476"
"2024-01-28 10:00:00","63993892","54189826","9804066","42121.00111793383"
"2024-01-28 11:00:00","67130464","52163420","14967044","42167.48925364276"
"2024-01-28 12:00:00","65921191","56438784","9482407","42547.45650908919"
"2024-01-28 13:00:00","56035231","58250661","-2215430","42572.242762680944"
"2024-01-28 14:00:00","48279943","41029914","7250029","42412.66817751247"
"2024-01-28 15:00:00","53115549","37821454","15294095","42397.905551508404"
"2024-01-28 16:00:00","39086123","35274025","3812098","42502.115401259594"
"2024-01-28 17:00:00","44154760","39695023","4459737","42652.363486990944"
"2024-01-28 18:00:00","49896494","51363698","-1467204","42638.8549666662"
"2024-01-28 19:00:00","45574610","52028811","-6454201","42489.20907435703"
"2024-01-28 20:00:00","45175817","40922257","4253560","42436.18484266507"
"2024-01-28 21:00:00","42467519","42386705","80814","42418.33472435088"
"2024-01-28 22:00:00","42048624","43783839","-1735215","42337.28632386631"
"2024-01-28 23:00:00","41988297","37877975","4110322","42283.512320711605"
"2024-01-29 00:00:00","41273713","35788640","5485073","42330.07104832778"
"2024-01-29 01:00:00","40269770","38270682","1999088","42204.76033957601"
"2024-01-29 02:00:00","42319893","35340257","6979636","41990.08790419453"
"2024-01-29 03:00:00","40214201","35399479","4814722","41817.10992930725"
"2024-01-29 04:00:00","43177259","36277383","6899876","41941.859402737646"
"2024-01-29 05:00:00","38170194","33594265","4575929","41988.55820673073"
"2024-01-29 06:00:00","37395266","34420145","2975121","41779.937633707676"
"2024-01-29 07:00:00","29005497","28927654","77843","42042.851558894414"
"2024-01-29 08:00:00","30250696","33442529","-3191833","41979.60776707771"
"2024-01-29 09:00:00","38537293","35943077","2594216","42166.95680610479"
"2024-01-29 10:00:00","37563103","34755098","2808005","42209.652438197474"
"2024-01-29 11:00:00","39089102","38425263","663839","42370.77422457719"
"2024-01-29 12:00:00","36395850","38596300","-2200450","42216.27032818926"
"2024-01-29 13:00:00","39219213","36718496","2500717","42147.510658401756"
"2024-01-29 14:00:00","41155928","36087589","5068339","42131.31780621833"
"2024-01-29 15:00:00","42497843","35674054","6823789","42079.28642590467"
"2024-01-29 16:00:00","40233356","34102316","6131040","42073.16219871797"
"2024-01-29 17:00:00","37895157","36889672","1005485","42253.3293624619"
"2024-01-29 18:00:00","35934465","40606196","-4671731","42334.46286366092"
"2024-01-29 19:00:00","37303904","38884335","-1580431","42247.03889958504"
"2024-01-29 20:00:00","38437051","39363665","-926614","42158.51544401584"
"2024-01-29 21:00:00","39140523","40515686","-1375163","42043.14261150657"
"2024-01-29 22:00:00","40748704","35467711","5280993","41935.8919562015"
"2024-01-29 23:00:00","31778319","33326327","-1548008","42226.71447639266"
"2024-01-30 00:00:00","35334323","44626697","-9292374","43107.457572329426"
"2024-01-30 01:00:00","31141663","56418285","-25276622","43090.13804987819"
"2024-01-30 02:00:00","37987730","42283092","-4295362","43012.29817357043"
"2024-01-30 03:00:00","39500015","45409629","-5909614","43033.854236866806"
"2024-01-30 04:00:00","39442504","40370611","-928107","43110.25725194556"
"2024-01-30 05:00:00","40015263","58925214","-18909951","43217.09888883337"
"2024-01-30 06:00:00","41747220","60204037","-18456817","43153.759394883265"
"2024-01-30 07:00:00","35419106","47362115","-11943009","43281.70482406613"
"2024-01-30 08:00:00","38552069","60309068","-21756999","43194.36170040785"
"2024-01-30 09:00:00","40124127","59914091","-19789964","43442.379697424956"
"2024-01-30 10:00:00","39051559","49919814","-10868255","43635.307973510666"
"2024-01-30 11:00:00","39739611","62569418","-22829807","43520.5242044227"
"2024-01-30 12:00:00","35706034","50944750","-15238716","43432.78459055566"
"2024-01-30 13:00:00","40380878","44463855","-4082977","43356.832587980345"
"2024-01-30 14:00:00","42471920","39609852","2862068","43338.0747908773"
"2024-01-30 15:00:00","42136142","39918661","2217481","43367.21700440167"
"2024-01-30 16:00:00","39995058","36270923","3724135","43400.545219196945"
"2024-01-30 17:00:00","38626246","44954381","-6328135","43361.98131770688"
"2024-01-30 18:00:00","36715602","41017891","-4302289","43439.11409974515"
"2024-01-30 19:00:00","32947625","46055968","-13108343","43496.413406549975"
"2024-01-30 20:00:00","36824558","52569633","-15745075","43343.00701095393"
"2024-01-30 21:00:00","37685628","39595681","-1910053","43281.22978173962"
"2024-01-30 22:00:00","35361070","34440262","920808","43400.96738798004"
"2024-01-30 23:00:00","27041013","37440301","-10399288","43444.379853977145"
"2024-01-31 00:00:00","36924943","41902282","-4977339","43410.6835708687"
"2024-01-31 01:00:00","39893755","49930187","-10036432","43366.041462956004"
"2024-01-31 02:00:00","44203036","48677429","-4474393","43439.53972755835"
"2024-01-31 03:00:00","44125798","46678365","-2552567","43440.446927892226"
"2024-01-31 04:00:00","40296685","52778948","-12482263","43681.794017603235"
"2024-01-31 05:00:00","45788613","62759534","-16970921","43594.12440204323"
"2024-01-31 06:00:00","33138452","42876452","-9738000","43453.324993199836"
"2024-01-31 07:00:00","34665286","27852599","6812687","42960.86792072956"
"2024-01-31 08:00:00","40342991","27826619","12516372","42924.22053848816"
"2024-01-31 09:00:00","49604472","34215376","15389096","42819.55111830146"
"2024-01-31 10:00:00","51765105","37619367","14145738","42867.54275765856"
"2024-01-31 11:00:00","46889617","38748148","8141469","42914.17189671847"
"2024-01-31 12:00:00","47576211","36964577","10611634","42958.249569054584"
"2024-01-31 13:00:00","46421247","36954728","9466519","42976.82672122485"
"2024-01-31 14:00:00","40143806","38410924","1732882","42934.0256998165"
"2024-01-31 15:00:00","43970406","39797038","4173368","43051.77576423567"
"2024-01-31 16:00:00","30924893","33415867","-2490974","42955.46813701488"
"2024-01-31 17:00:00","42145192","40357342","1787850","42728.95511961686"
"2024-01-31 18:00:00","52480700","36190474","16290226","42449.57031469011"
"2024-01-31 19:00:00","50613764","32307222","18306542","42598.55797336307"
"2024-01-31 20:00:00","38548194","36977654","1570540","42585.05617070521"
"2024-01-31 21:00:00","43299152","41390691","1908461","42723.15215777207"
"2024-01-31 22:00:00","35379610","42660732","-7281122","42894.6048485085"
"2024-01-31 23:00:00","37248367","39875402","-2627035","43379.17009743644"
"2024-02-01 00:00:00","38460631","48600367","-10139736","43504.947451056345"
"2024-02-01 01:00:00","40592314","47955364","-7363050","43619.49588492117"
"2024-02-01 02:00:00","38851234","63844704","-24993470","43491.06146527746"
"2024-02-01 03:00:00","29539562","40552879","-11013317","43286.14535672583"
"2024-02-01 04:00:00","38713207","46763975","-8050768","42787.96123246723"
"2024-02-01 05:00:00","50387321","31474139","18913182","42353.86621917669"
"2024-02-01 06:00:00","40731739","35723462","5008277","42638.70146662327"
"2024-02-01 07:00:00","28382413","25743472","2638941","42601.072252716374"
"2024-02-01 08:00:00","40043127","31574295","8468832","42426.61788315046"
"2024-02-01 09:00:00","34359747","27612964","6746783","41994.49059076463"
"2024-02-01 10:00:00","42257506","30204870","12052636","42084.20559808196"
"2024-02-01 11:00:00","39290572","31646444","7644128","42030.52440440664"
"2024-02-01 12:00:00","43110184","45063971","-1953787","42021.47487202202"
"2024-02-01 13:00:00","48187926","47359561","828365","42101.7871029336"
"2024-02-01 14:00:00","43354255","44321752","-967497","42169.121585646644"
"2024-02-01 15:00:00","43230501","45822370","-2591869","42248.30549206133"
"2024-02-01 16:00:00","42194965","42835426","-640461","42201.824292473226"
"2024-02-01 17:00:00","39407876","41352823","-1944947","42159.840208900176"
"2024-02-01 18:00:00","37090814","40245024","-3154210","42205.735085628345"
"2024-02-01 19:00:00","40784005","37906814","2877191","42179.756625877155"
"2024-02-01 20:00:00","44792441","34613131","10179310","42131.70724512687"
"2024-02-01 21:00:00","41230300","35403480","5826820","42178.250791604674"
"2024-02-01 22:00:00","37055254","31289882","5765372","42474.15273272949"
"2024-02-01 23:00:00","27232678","31368669","-4135991","42691.32564566222"
"2024-02-02 00:00:00","37226747","35480678","1746069","42480.11320903414"
"2024-02-02 01:00:00","35413157","44072584","-8659427","43030.81307143714"
"2024-02-02 02:00:00","39894746","45409311","-5514565","42909.64722427286"
"2024-02-02 03:00:00","39589337","39940786","-351449","43010.23626347863"
"2024-02-02 04:00:00","35106448","53697682","-18591234","42940.610448861094"
"2024-02-02 05:00:00","40674643","44424859","-3750216","43104.77271092953"
"2024-02-02 06:00:00","35943003","49938917","-13995914","42940.34381259103"
"2024-02-02 07:00:00","31133005","30650647","482358","43071.84665904357"
"2024-02-02 08:00:00","37403197","43745541","-6342344","43177.308859112214"
"2024-02-02 09:00:00","41811530","53152756","-11341226","43125.96220767528"
"2024-02-02 10:00:00","39084161","47278125","-8193964","43039.09158081718"
"2024-02-02 11:00:00","40085078","46210961","-6125883","43043.178323941924"
"2024-02-02 12:00:00","39368513","41714863","-2346350","42962.4899178335"
"2024-02-02 13:00:00","40519397","43322285","-2802888","43055.409204450596"
"2024-02-02 14:00:00","45435228","50062156","-4626928","43149.58767045078"
"2024-02-02 15:00:00","40081394","52685076","-12603682","43105.27828738364"
"2024-02-02 16:00:00","35291311","40476429","-5185118","42969.710383061116"
"2024-02-02 17:00:00","36850570","36723968","126602","42953.90574850701"
"2024-02-02 18:00:00","33268584","36000171","-2731587","43091.24722443199"
"2024-02-02 19:00:00","37114121","45311053","-8196932","43129.64506357912"
"2024-02-02 20:00:00","38353176","51359791","-13006615","43141.213994766214"
"2024-02-02 21:00:00","38149711","52503093","-14353382","42764.8429964172"
"2024-02-02 22:00:00","41519809","39217525","2302284","42835.026021592756"
"2024-02-02 23:00:00","40383898","31552204","8831694","43150.73417371545"
"2024-02-03 00:00:00","41068089","53500725","-12432636","43173.19554136879"
"2024-02-03 01:00:00","44874264","49359414","-4485150","42940.08685742165"
"2024-02-03 02:00:00","46622330","35859198","10763132","42874.350155637985"
"2024-02-03 03:00:00","48405223","38402528","10002695","42994.39357373938"
"2024-02-03 04:00:00","41193994","39640588","1553406","42955.005002160455"
"2024-02-03 05:00:00","45442817","34955362","10487455","42985.32146833047"
"2024-02-03 06:00:00","40970928","37465482","3505446","43099.65490045362"
"2024-02-03 07:00:00","34864404","53188544","-18324140","43141.88897820458"
"2024-02-03 08:00:00","38781293","51830677","-13049384","43259.57151278067"
"2024-02-03 09:00:00","37464627","53920485","-16455858","43210.8126558989"
"2024-02-03 10:00:00","38622808","54402800","-15779992","43154.42170491078"
"2024-02-03 11:00:00","40343251","51252164","-10908913","43150.98692542811"
"2024-02-03 12:00:00","38275815","52383100","-14107285","43179.20188254797"
"2024-02-03 13:00:00","39083654","52921810","-13838156","43131.75757138204"
"2024-02-03 14:00:00","43177849","52448555","-9270706","43084.56082237861"
"2024-02-03 15:00:00","41633816","45331864","-3698048","43090.49230029885"
"2024-02-03 16:00:00","43030024","37797384","5232640","43031.746859007384"
"2024-02-03 17:00:00","50712236","39179167","11533069","43089.87023929061"
"2024-02-03 18:00:00","47098325","50577777","-3479452","43057.27344551723"
"2024-02-03 19:00:00","47935307","45149136","2786171","42986.8714139349"
"2024-02-03 20:00:00","43300163","36417489","6882674","43042.93201975556"
"2024-02-03 21:00:00","42910888","48692737","-5781849","43055.31515406621"
"2024-02-03 22:00:00","44289795","49284424","-4994629","43045.15926745323"
"2024-02-03 23:00:00","41844291","43093674","-1249383","43075.6259975682"
"2024-02-04 00:00:00","41034721","50762942","-9728221","43128.89520434557"
"2024-02-04 01:00:00","39469897","50061968","-10592071","43145.26287584642"
"2024-02-04 02:00:00","35284274","53858630","-18574356","43100.65326129072"
"2024-02-04 03:00:00","41424403","46701208","-5276805","43029.726076552426"
"2024-02-04 04:00:00","40699965","42629666","-1929701","43054.46050768112"
"2024-02-04 05:00:00","35669027","41871187","-6202160","43034.85478799144"
"2024-02-04 06:00:00","40710974","46609269","-5898295","43017.85291971143"
"2024-02-04 07:00:00","33848754","35344472","-1495718","42992.43786318663"
"2024-02-04 08:00:00","39402704","41500757","-2098053","42993.33325078756"
"2024-02-04 09:00:00","45514060","43349944","2164116","43031.69791360589"
"2024-02-04 10:00:00","44682077","43938533","743544","43010.75621794466"
"2024-02-04 11:00:00","43987134","43131346","855788","43014.44217552642"
"2024-02-04 12:00:00","41800820","42840444","-1039624","42916.62571061753"
"2024-02-04 13:00:00","52136948","39265347","12871601","42882.544192873145"
"2024-02-04 14:00:00","47637372","37647994","9989378","42765.05596356615"
"2024-02-04 15:00:00","48374202","35883021","12491181","42836.372751740106"
"2024-02-04 16:00:00","51307749","41296871","10010878","42783.08390927411"
"2024-02-04 17:00:00","55708129","37514338","18193791","42969.838140110776"
"2024-02-04 18:00:00","49295567","47066468","2229099","42915.24238142289"
"2024-02-04 19:00:00","48735751","48554169","181582","43066.92898744417"
"2024-02-04 20:00:00","39073173","47788540","-8715367","43042.87358066444"
"2024-02-04 21:00:00","40205971","50055990","-9850019","43004.30187653371"
"2024-02-04 22:00:00","41800221","52402243","-10602022","42909.84280768107"
"2024-02-04 23:00:00","51124735","46501980","4622755","42925.36542579958"
"2024-02-05 00:00:00","48344719","50212794","-1868075","42889.21784606851"
"2024-02-05 01:00:00","50509032","48879752","1629280","42925.26918197072"
"2024-02-05 02:00:00","52043689","46148754","5894935","42788.24071235005"
"2024-02-05 03:00:00","50505920","42560407","7945513","42641.67370168696"
"2024-02-05 04:00:00","47417248","38977653","8439595","42723.48923015767"
"2024-02-05 05:00:00","43176294","43193885","-17591","42785.46110288442"
"2024-02-05 06:00:00","46474976","39828699","6646277","42498.63203035859"
"2024-02-05 07:00:00","26532693","26551688","-18995","42567.03990651624"
"2024-02-05 08:00:00","29347621","29034937","312684","42414.76824390176"
"2024-02-05 09:00:00","45644396","35172624","10471772","42454.83537118753"
"2024-02-05 10:00:00","36977032","35129922","1847110","42389.490939306816"
"2024-02-05 11:00:00","46363544","35323635","11039909","42576.28745013862"
"2024-02-05 12:00:00","38666538","40773290","-2106752","42719.48842353881"
"2024-02-05 13:00:00","39545744","43271467","-3725723","42670.524178333195"
"2024-02-05 14:00:00","40885884","38813348","2072536","42718.49299602243"
"2024-02-05 15:00:00","38941268","39884678","-943410","43005.15503631936"
"2024-02-05 16:00:00","36160171","44880600","-8720429","42992.713445116584"
"2024-02-05 17:00:00","37512644","46491320","-8978676","42962.74501897788"
"2024-02-05 18:00:00","37804174","45206252","-7402078","43127.23705784883"
"2024-02-05 19:00:00","40100411","59769767","-19669356","43102.57211476643"
"2024-02-05 20:00:00","37049821","63228734","-26178913","43138.03344406897"
"2024-02-05 21:00:00","42476803","64590871","-22114068","43422.3898409571"
"2024-02-05 22:00:00","40123330","63484639","-23361309","43207.96376049145"
"2024-02-05 23:00:00","32802649","46092987","-13290338","42661.48689838861"
"2024-02-06 00:00:00","52072627","35098739","16973888","42592.53075046369"
"2024-02-06 01:00:00","44879750","37105286","7774464","42701.144257557615"
"2024-02-06 02:00:00","46450178","37961004","8489174","42588.084100897075"
"2024-02-06 03:00:00","43822690","37656189","6166501","42757.13065779916"
"2024-02-06 04:00:00","46795200","38081286","8713914","42380.50989429772"
"2024-02-06 05:00:00","49096460","35473799","13622661","42428.17153066128"
"2024-02-06 06:00:00","49962072","35230518","14731554","42411.268043149306"
"2024-02-06 07:00:00","35805764","26561055","9244709","42649.37173579048"
"2024-02-06 08:00:00","38704834","36040784","2664050","42568.323222845276"
"2024-02-06 09:00:00","44191698","38045897","6145801","42644.671454559204"
"2024-02-06 10:00:00","41786512","39607231","2179281","42808.823634057066"
"2024-02-06 11:00:00","39954815","40061200","-106385","42809.12521159113"
"2024-02-06 12:00:00","36483972","44900648","-8416676","42775.617413332366"
"2024-02-06 13:00:00","38585068","40818189","-2233121","42730.50005284033"
"2024-02-06 14:00:00","39624640","46658745","-7034105","42715.19342324044"
"2024-02-06 15:00:00","41283056","42951799","-1668743","42842.33344879114"
"2024-02-06 16:00:00","39064786","43407591","-4342805","43019.89752338583"
"2024-02-06 17:00:00","41533478","56612626","-15079148","42982.25978286873"
"2024-02-06 18:00:00","39557221","47897579","-8340358","42750.99337749602"
"2024-02-06 19:00:00","42785458","48183210","-5397752","42752.35597904781"
"2024-02-06 20:00:00","38693377","42968416","-4275039","42659.28484976463"
"2024-02-06 21:00:00","43393949","43793157","-399208","42830.51056876374"
"2024-02-06 22:00:00","35452539","39098340","-3645801","42917.17299328038"
"2024-02-06 23:00:00","40567021","48432320","-7865299","43159.22023146844"
"2024-02-07 00:00:00","38980005","70830264","-31850259","43153.112262769246"
"2024-02-07 01:00:00","35772591","67677883","-31905292","43150.90893470977"
"2024-02-07 02:00:00","39424575","71353697","-31929122","43120.10878526346"
"2024-02-07 03:00:00","39935042","69818678","-29883636","43220.04469199412"
"2024-02-07 04:00:00","42863223","75073660","-32210437","43084.270572874695"
"2024-02-07 05:00:00","37401296","54475981","-17074685","43186.23929527391"
"2024-02-07 06:00:00","39648637","65048614","-25399977","43168.90142444569"
"2024-02-07 07:00:00","33992021","54298419","-20306398","43079.1061135709"
"2024-02-07 08:00:00","42625708","58021829","-15396121","43065.25706362068"
"2024-02-07 09:00:00","44930270","58378609","-13448339","43054.986041807075"
"2024-02-07 10:00:00","46188403","51737377","-5548974","43053.1244349266"
"2024-02-07 11:00:00","42435591","51234684","-8799093","42806.067270333384"
"2024-02-07 12:00:00","51894015","42798044","9095971","42884.018178612445"
"2024-02-07 13:00:00","47254718","43208444","4046274","42997.27313259606"
"2024-02-07 14:00:00","43839849","48076296","-4236447","42919.54453628868"
"2024-02-07 15:00:00","45606958","48161380","-2554422","42864.12060442588"
"2024-02-07 16:00:00","45264125","42711306","2552819","42928.27187571881"
"2024-02-07 17:00:00","49465588","44174814","5290774","43121.5907517585"
"2024-02-07 18:00:00","40509566","60393730","-19884164","42969.48926751025"
"2024-02-07 19:00:00","45955159","45096046","859113","42876.70743394661"
"2024-02-07 20:00:00","44867182","41304874","3562308","43041.835405850376"
"2024-02-07 21:00:00","47538588","54234637","-6696049","43153.567368040516"
"2024-02-07 22:00:00","39642967","64144252","-24501285","43148.35239315678"
"2024-02-07 23:00:00","43488998","45501888","-2012890","43071.09061001189"
"2024-02-08 00:00:00","45351892","55562714","-10210822","43114.80765637873"
"2024-02-08 01:00:00","46857584","62304612","-15447028","43458.386755303865"
"2024-02-08 02:00:00","40334685","50753354","-10418669","43533.075669534795"
"2024-02-08 03:00:00","39605204","64777803","-25172599","43592.29109240151"
"2024-02-08 04:00:00","38981818","66778043","-27796225","44110.16512597834"
"2024-02-08 05:00:00","39318023","64181519","-24863496","44164.826839322726"
"2024-02-08 06:00:00","38513321","58544407","-20031086","44168.962061192135"
"2024-02-08 07:00:00","32576995","49015847","-16438852","44307.40002301276"
"2024-02-08 08:00:00","31544890","49616956","-18072066","44611.92560054898"
"2024-02-08 09:00:00","39572319","77283510","-37711191","44651.99214089983"
"2024-02-08 10:00:00","38686235","82609781","-43923546","44603.98277934173"
"2024-02-08 11:00:00","42683210","75073737","-32390527","44538.768731874654"
"2024-02-08 12:00:00","41006978","55383097","-14376119","44487.68742248574"
"2024-02-08 13:00:00","44225064","61174038","-16948974","44524.33261775489"
"2024-02-08 14:00:00","44982283","58450707","-13468424","44463.18984100671"
"2024-02-08 15:00:00","40227525","53031507","-12803982","44505.097435303585"
"2024-02-08 16:00:00","43871909","64899920","-21028011","44708.749773120115"
"2024-02-08 17:00:00","39066861","82133539","-43066678","44686.71150781492"
"2024-02-08 18:00:00","37108326","74861010","-37752684","44808.34154784281"
"2024-02-08 19:00:00","40419171","77586403","-37167232","44719.37421500828"
"2024-02-08 20:00:00","43022298","73573843","-30551545","44674.44022676889"
"2024-02-08 21:00:00","41064059","76234565","-35170506","44937.119987426995"
"2024-02-08 22:00:00","40121426","74218992","-34097566","45075.59197017494"
"2024-02-08 23:00:00","39095934","53001892","-13905958","45421.420912785106"
"2024-02-09 00:00:00","35840612","60921294","-25080682","45010.849702755826"
"2024-02-09 01:00:00","40126535","49323600","-9197065","45114.56765738111"
"2024-02-09 02:00:00","41394857","42230453","-835596","45267.011301956154"
"2024-02-09 03:00:00","41008412","51924350","-10915938","45322.051188339225"
"2024-02-09 04:00:00","43267778","53047044","-9779266","45496.80841891671"
"2024-02-09 05:00:00","40929778","51977785","-11048007","45379.01531466193"
"2024-02-09 06:00:00","43745427","45080858","-1335431","45317.465938767135"
"2024-02-09 07:00:00","33071347","29700777","3370570","45316.31901036931"
"2024-02-09 08:00:00","45269639","41671248","3598391","45307.02997034936"
"2024-02-09 09:00:00","48702556","45255753","3446803","45422.52953481634"
"2024-02-09 10:00:00","40241508","46320587","-6079079","46145.4696941202"
"2024-02-09 11:00:00","35278704","46574021","-11295317","46075.76122042969"
"2024-02-09 12:00:00","46654944","52206011","-5551067","45916.238301917736"
"2024-02-09 13:00:00","47442414","47607348","-164934","46226.37784272436"
"2024-02-09 14:00:00","39911793","48983997","-9072204","46195.89309825785"
"2024-02-09 15:00:00","49059104","47227281","1831823","46213.025894974504"
"2024-02-09 16:00:00","42605511","49927524","-7322013","46505.13806353961"
"2024-02-09 17:00:00","38591229","62309288","-23718059","46559.409904886255"
"2024-02-09 18:00:00","42903104","65931393","-23028289","46698.65990312201"
"2024-02-09 19:00:00","35171859","60728142","-25556283","47063.35441241868"
"2024-02-09 20:00:00","50688727","52169155","-1480428","47376.13634629527"
"2024-02-09 21:00:00","60572495","53120123","7452372","47486.286836952655"
"2024-02-09 22:00:00","55957106","60118471","-4161365","46990.3189398314"
"2024-02-09 23:00:00","47675928","67093002","-19417074","47108.94838565234"
"2024-02-10 00:00:00","43035114","66744021","-23708907","47254.953672519965"
"2024-02-10 01:00:00","48098283","53628506","-5530223","47576.31041086662"
"2024-02-10 02:00:00","33986141","88477823","-54491682","47592.208047188615"
"2024-02-10 03:00:00","37115974","38288122","-1172148","47490.43463421561"
"2024-02-10 04:00:00","39255853","66218472","-26962619","47569.78662988313"
"2024-02-10 05:00:00","41545747","47907432","-6361685","47542.607943255476"
"2024-02-10 06:00:00","38850024","43525149","-4675125","47264.822097033735"
"2024-02-10 07:00:00","43517260","39539295","3977965","47143.29796522141"
"2024-02-10 08:00:00","41199798","38527015","2672783","47074.990932451976"
"2024-02-10 09:00:00","46362049","36384248","9977801","47302.41301964711"
"2024-02-10 10:00:00","46429870","57565748","-11135878","47319.84989578203"
"2024-02-10 11:00:00","48537153","52291739","-3754586","47369.55080684932"
"2024-02-10 12:00:00","47559029","42924056","4634973","47383.319565505146"
"2024-02-10 13:00:00","47324912","45376340","1948572","47335.138271764445"
"2024-02-10 14:00:00","46844822","44566221","2278601","47341.351449696376"
"2024-02-10 15:00:00","43851010","45540331","-1689321","47234.387239752825"
"2024-02-10 16:00:00","40974044","45468680","-4494636","47096.92104195385"
"2024-02-10 17:00:00","44282143","50446545","-6164402","47095.65146264056"
"2024-02-10 18:00:00","44942657","50528328","-5585671","46982.89493764544"
"2024-02-10 19:00:00","44314918","49353416","-5038498","47122.815416892314"
"2024-02-10 20:00:00","39517596","56677557","-17159961","47209.05903576048"
"2024-02-10 21:00:00","38968443","59501048","-20532605","47311.58995803881"
"2024-02-10 22:00:00","39356778","47051194","-7694416","47284.915774859495"
"2024-02-10 23:00:00","38660197","50377812","-11717615","47301.2878089865"
"2024-02-11 00:00:00","38761293","50543855","-11782562","47252.8590449164"
"2024-02-11 01:00:00","45641975","46274977","-633002","47189.73897820048"
"2024-02-11 02:00:00","53458936","44742461","8716475","47313.057092242634"
"2024-02-11 03:00:00","45077794","48551543","-3473749","47549.62887937659"
"2024-02-11 04:00:00","41015217","44618635","-3603418","48029.89671899897"
"2024-02-11 05:00:00","36125982","54380055","-18254073","47932.44177544355"
"2024-02-11 06:00:00","43049474","57262143","-14212669","47769.86452930369"
"2024-02-11 07:00:00","33850492","51465299","-17614807","47734.13894659197"
"2024-02-11 08:00:00","43986556","47312840","-3326284","47688.670878654484"
"2024-02-11 09:00:00","44735849","47098852","-2363003","47607.70786939803"
"2024-02-11 10:00:00","47331548","40565376","6766172","47719.1190887539"
"2024-02-11 11:00:00","46315476","53734920","-7419444","48399.52446613203"
"2024-02-11 12:00:00","36543174","60185800","-23642626","48298.20561237982"
"2024-02-11 13:00:00","44093948","51742593","-7648645","48228.034444208795"
"2024-02-11 14:00:00","41836234","50160208","-8323974","48167.32353047984"
"2024-02-11 15:00:00","46061981","50256753","-4194772","48096.21548439802"
"2024-02-11 16:00:00","44458767","43611693","847074","48087.49220273484"
"2024-02-11 17:00:00","45717993","46966526","-1248533","48110.38431222484"
"2024-02-11 18:00:00","45159237","49436416","-4277179","48051.52797689605"
"2024-02-11 19:00:00","36458080","48832539","-12374459","48344.40914494156"
"2024-02-11 20:00:00","39657263","61744963","-22087700","48321.91623506543"
"2024-02-11 21:00:00","45313143","56515547","-11202404","48078.9131522494"
"2024-02-11 22:00:00","46143562","42482696","3660866","48222.4520350289"
"2024-02-11 23:00:00","44829264","56386547","-11557283","48131.04486860924"
"2024-02-12 00:00:00","44106047","54449887","-10343840","48114.354929301335"
"2024-02-12 01:00:00","42057105","59729320","-17672215","48251.12787147079"
"2024-02-12 02:00:00","46082451","59592137","-13509686","48272.26953492931"
"2024-02-12 03:00:00","44588480","55275565","-10687085","48286.02530395835"
"2024-02-12 04:00:00","47542868","60529566","-12986698","48017.41759074756"
"2024-02-12 05:00:00","50781588","48175074","2606514","48097.29955138802"
"2024-02-12 06:00:00","49595664","55099000","-5503336","48094.51995655275"
"2024-02-12 07:00:00","42221380","52484385","-10263005","48195.768280372664"
"2024-02-12 08:00:00","39619302","61946158","-22326856","48592.51036676146"
"2024-02-12 09:00:00","39454828","67416888","-27962060","48428.29024946993"
"2024-02-12 10:00:00","43490958","62591982","-19101024","48223.585049675356"
"2024-02-12 11:00:00","50938214","35794264","15143950","48223.92770944657"
"2024-02-12 12:00:00","52478623","41286930","11191693","48126.73142522936"
"2024-02-12 13:00:00","53292193","36724045","16568148","48122.27990518744"
"2024-02-12 14:00:00","53958620","42167088","11791532","48122.8541838147"
"2024-02-12 15:00:00","38960939","42067084","-3106145","48243.33978754649"
"2024-02-12 16:00:00","40204527","46243615","-6039088","48207.05408128631"
"2024-02-12 17:00:00","44407753","48635974","-4228221","47960.176834445374"
"2024-02-12 18:00:00","48810942","40876853","7934089","47949.512570598505"
"2024-02-12 19:00:00","46130990","41926328","4204662","47836.404591107836"
"2024-02-12 20:00:00","49301565","41574519","7727046","47935.934106960696"
"2024-02-12 21:00:00","42051658","42979234","-927576","47968.76648107377"
"2024-02-12 22:00:00","46593044","46109504","483540","48565.73804189063"
"2024-02-12 23:00:00","39068152","93965310","-54897158","49796.16182212283"
"2024-02-13 00:00:00","35956153","101141031","-65184878","49561.39055212669"
"2024-02-13 01:00:00","41724829","118011241","-76286412","49914.23161413159"
"2024-02-13 02:00:00","50068956","47351861","2717095","49786.45961375565"
"2024-02-13 03:00:00","50422764","47971832","2450932","49681.35649199038"
"2024-02-13 04:00:00","58634027","46309091","12324936","50047.90705150141"
"2024-02-13 05:00:00","46829812","72411604","-25581792","49978.14767618308"
"2024-02-13 06:00:00","49694004","51824193","-2130189","50038.90741056631"
"2024-02-13 07:00:00","47632120","62463750","-14831630","49990.339787852776"
"2024-02-13 08:00:00","54423830","72522652","-18098822","50123.78554742306"
"2024-02-13 09:00:00","51492715","82671787","-31179072","50066.3099769191"
"2024-02-13 10:00:00","49012327","70323978","-21311651","49955.11141541019"
"2024-02-13 11:00:00","61083306","66164046","-5080740","49811.3785774064"
"2024-02-13 12:00:00","57761099","52892916","4868183","49934.43621105703"
"2024-02-13 13:00:00","53264616","74888585","-21623969","49986.95644438623"
"2024-02-13 14:00:00","45116299","81914079","-36797780","49982.808721353766"
"2024-02-13 15:00:00","67257837","65102860","2154977","50015.39628799821"
"2024-02-13 16:00:00","60002797","66462724","-6459927","50115.54266125034"
"2024-02-13 17:00:00","48382139","69845618","-21463479","50165.98427153654"
"2024-02-13 18:00:00","49493811","77049546","-27555735","49904.03547924663"
"2024-02-13 19:00:00","52381143","44384492","7996651","50005.81862557658"
"2024-02-13 20:00:00","51194648","58605555","-7410907","49822.87300717597"
"2024-02-13 21:00:00","51552115","52620841","-1068726","49783.338770932656"
"2024-02-13 22:00:00","41322470","48547022","-7224552","48879.34806214706"
"2024-02-13 23:00:00","42237760","39447761","2789999","48887.43679215932"
"2024-02-14 00:00:00","51176594","40647950","10528644","48674.868370958255"
"2024-02-14 01:00:00","50937932","39315463","11622469","48916.20375397879"
"2024-02-14 02:00:00","37696162","41212734","-3516572","49144.86409365458"
"2024-02-14 03:00:00","38103886","39951759","-1847873","49070.07835192053"
"2024-02-14 04:00:00","40979473","44487060","-3507587","49409.491078713174"
"2024-02-14 05:00:00","42203321","44637135","-2433814","49586.11587834887"
"2024-02-14 06:00:00","39933427","48086181","-8152754","49575.91018127449"
"2024-02-14 07:00:00","37389460","43297725","-5908265","49727.50421476214"
"2024-02-14 08:00:00","39793561","68127832","-28334271","49519.56041965351"
"2024-02-14 09:00:00","42143997","47213584","-5069587","49438.86784741096"
"2024-02-14 10:00:00","44322967","49053662","-4730695","49496.85558165856"
"2024-02-14 11:00:00","43297823","48585950","-5288127","49527.39499209353"
"2024-02-14 12:00:00","41253856","56879457","-15625601","49371.675031982195"
"2024-02-14 13:00:00","44933390","47283490","-2350100","49576.400093402386"
"2024-02-14 14:00:00","39641054","60184558","-20543504","49617.86023875675"
"2024-02-14 15:00:00","42859770","61131149","-18271379","49855.266267156716"
"2024-02-14 16:00:00","39576106","63998938","-24422832","50106.53577944565"
"2024-02-14 17:00:00","29382092","85917300","-56535208","51584.06407678119"
"2024-02-14 18:00:00","36559834","87841508","-51281674","51381.056279638506"
"2024-02-14 19:00:00","40229686","74851346","-34621660","51446.156285660705"
"2024-02-14 20:00:00","38968577","88660927","-49692350","51690.620448709844"
"2024-02-14 21:00:00","45424319","86614503","-41190184","51760.1424662851"
"2024-02-14 22:00:00","45723628","86730879","-41007251","51780.198732202516"
"2024-02-14 23:00:00","46854941","62150312","-15295371","51745.51895998722"
"2024-02-15 00:00:00","45988711","53033154","-7044443","51621.61997346731"
"2024-02-15 01:00:00","47370484","64749524","-17379040","51597.5807749964"
"2024-02-15 02:00:00","45157325","71298209","-26140884","51485.16268593273"
"2024-02-15 03:00:00","58888565","53324308","5564257","51623.93252744048"
"2024-02-15 04:00:00","43238374","75489729","-32251355","51792.416092165564"
"2024-02-15 05:00:00","47579335","65764648","-18185313","51712.39352504425"
"2024-02-15 06:00:00","47557276","68544274","-20986998","51781.73521924666"
"2024-02-15 07:00:00","40814336","71500941","-30686605","51838.75253901272"
"2024-02-15 08:00:00","46856614","71600976","-24744362","52368.580132331306"
"2024-02-15 09:00:00","39240932","66929370","-27688438","51888.78215854608"
"2024-02-15 10:00:00","44648166","39229798","5418368","52157.44895343423"
"2024-02-15 11:00:00","43792267","63344751","-19552484","52358.76267473176"
"2024-02-15 12:00:00","45506821","74510305","-29003484","52270.40262823329"
"2024-02-15 13:00:00","52980257","72506702","-19526445","51973.935084350815"
"2024-02-15 14:00:00","49781200","48142897","1638303","52075.232781225204"
"2024-02-15 15:00:00","49262735","63097734","-13834999","51821.724979769424"
"2024-02-15 16:00:00","50483085","40645681","9837404","51956.82273387067"
"2024-02-15 17:00:00","49527097","56735315","-7208218","52220.78756980239"
"2024-02-15 18:00:00","40537181","65695527","-25158346","52344.544339025226"
"2024-02-15 19:00:00","54510644","74920062","-20409418","52312.77329201857"
"2024-02-15 20:00:00","41519926","62483340","-20963414","52364.57554079887"
"2024-02-15 21:00:00","46317707","64661921","-18344214","52291.268720790096"
"2024-02-15 22:00:00","44273468","54842247","-10568779","52761.73978926953"
"2024-02-15 23:00:00","42693815","74058417","-31364602","51950.90997279979"
"2024-02-16 00:00:00","51859008","51471293","387715","52287.54832482692"
"2024-02-16 01:00:00","41877794","50708942","-8831148","52026.35858479588"
"2024-02-16 02:00:00","50808998","36950926","13858072","52001.63323893405"
"2024-02-16 03:00:00","53437379","48175856","5261523","52068.130317746974"
"2024-02-16 04:00:00","51706068","53409684","-1703616","51831.180244970456"
"2024-02-16 05:00:00","54704012","40849712","13854300","51527.44867723482"
"2024-02-16 06:00:00","53563505","37526789","16036716","51649.91511045417"
"2024-02-16 07:00:00","33133077","33330640","-197563","51960.82102303261"
"2024-02-16 08:00:00","34039135","40765573","-6726438","52007.98500092972"
"2024-02-16 09:00:00","47009346","50481120","-3471774","52001.22966929107"
"2024-02-16 10:00:00","47115198","49380990","-2265792","52180.30509074344"
"2024-02-16 11:00:00","42005779","54244873","-12239094","52288.116487531275"
"2024-02-16 12:00:00","44599971","59034282","-14434311","52185.53969043215"
"2024-02-16 13:00:00","44900205","51951911","-7051706","52100.47768237336"
"2024-02-16 14:00:00","47704373","49703007","-1998634","51936.608014241916"
"2024-02-16 15:00:00","44235317","58034735","-13799418","51826.461401856235"
"2024-02-16 16:00:00","44013244","46417259","-2404015","51928.47693806141"
"2024-02-16 17:00:00","41820346","55697248","-13876902","51905.7767703574"
"2024-02-16 18:00:00","41337364","56002691","-14665327","52199.959194213356"
"2024-02-16 19:00:00","39311635","61983050","-22671415","52263.19183693061"
"2024-02-16 20:00:00","38587463","53924383","-15336920","52366.8949550215"
"2024-02-16 21:00:00","41086255","70375246","-29288991","52295.23921761462"
"2024-02-16 22:00:00","38562118","81220753","-42658635","51968.21412292371"
"2024-02-16 23:00:00","41543502","38497085","3046417","51769.9862679533"
"2024-02-17 00:00:00","44667100","40906650","3760450","52067.63033818946"
"2024-02-17 01:00:00","45928512","65759298","-19830786","51981.91602944209"
"2024-02-17 02:00:00","46557038","71950828","-25393790","51985.776497648076"
"2024-02-17 03:00:00","54685891","60491962","-5806071","51797.87083234194"
"2024-02-17 04:00:00","53841995","47749783","6092212","51900.54244511169"
"2024-02-17 05:00:00","52651442","59226667","-6575225","51991.858428921136"
"2024-02-17 06:00:00","48169809","78881455","-30711646","51997.99668082858"
"2024-02-17 07:00:00","52468851","73581959","-21113108","52207.9653521333"
"2024-02-17 08:00:00","44354219","81684049","-37329830","52102.37946120117"
"2024-02-17 09:00:00","51957871","76498699","-24540828","51938.18120956858"
"2024-02-17 10:00:00","49761191","78169601","-28408410","51957.69078174804"
"2024-02-17 11:00:00","50239272","78886272","-28647000","51975.941265160116"
"2024-02-17 12:00:00","52463294","80355563","-27892269","52033.70669273714"
"2024-02-17 13:00:00","50131249","84742415","-34611166","51926.27928907231"
"2024-02-17 14:00:00","54780969","74107546","-19326577","51938.379403048144"
"2024-02-17 15:00:00","53219991","76229132","-23009141","51943.73508814827"
"2024-02-17 16:00:00","51166184","76999806","-25833622","51786.95264606846"
"2024-02-17 17:00:00","55419941","64915309","-9495368","51751.47509882613"
"2024-02-17 18:00:00","54688023","53820792","867231","51679.67015386867"
"2024-02-17 19:00:00","49046360","50767592","-1721232","51746.12953746269"
"2024-02-17 20:00:00","51676039","52944575","-1268536","51664.0357262666"
"2024-02-17 21:00:00","51116395","55098688","-3982293","51228.42511661328"
"2024-02-17 22:00:00","68910673","40155407","28755266","50810.37403413465"
"2024-02-17 23:00:00","46779893","43738687","3041206","51038.159081130376"
"2024-02-18 00:00:00","48618328","41281351","7336977","50940.74080803384"
"2024-02-18 01:00:00","49941458","38126262","11815196","51219.71348437689"
"2024-02-18 02:00:00","35747532","38188288","-2440756","51272.92724393364"
"2024-02-18 03:00:00","42442109","48245429","-5803320","51423.22397268217"
"2024-02-18 04:00:00","41978263","51301905","-9323642","51491.68803649477"
"2024-02-18 05:00:00","38759108","51103118","-12344010","51860.173943984075"
"2024-02-18 06:00:00","34773708","51522555","-16748847","51710.97020223245"
"2024-02-18 07:00:00","28933497","42711355","-13777858","51686.850479786226"
"2024-02-18 08:00:00","39109408","44630845","-5521437","51636.891907107885"
"2024-02-18 09:00:00","41247641","44259377","-3011736","51596.22627522427"
"2024-02-18 10:00:00","42023502","43722850","-1699348","51348.232791241055"
"2024-02-18 11:00:00","40624369","31463786","9160583","51479.50225161875"
"2024-02-18 12:00:00","40559047","42509341","-1950294","51556.10391996977"
"2024-02-18 13:00:00","40541190","47318025","-6776835","51651.14702320746"
"2024-02-18 14:00:00","38528615","48097259","-9568644","51514.391464125074"
"2024-02-18 15:00:00","43209608","42866930","342678","51689.654001542214"
"2024-02-18 16:00:00","40259021","48171095","-7912074","51759.90300991501"
"2024-02-18 17:00:00","39930061","51227045","-11296984","51908.61839136572"
"2024-02-18 18:00:00","39385820","57860171","-18474351","51864.652811659565"
"2024-02-18 19:00:00","39647489","51447253","-11799764","51784.560961567484"
"2024-02-18 20:00:00","42372099","48471126","-6099027","51652.23690959609"
"2024-02-18 21:00:00","46949455","41321789","5627666","51627.245610488775"
"2024-02-18 22:00:00","48262801","44684260","3578541","51878.1890150158"
"2024-02-18 23:00:00","39149259","51932531","-12783272","51797.89693752168"
"2024-02-19 00:00:00","47015237","52784184","-5768947","51821.55330148853"
"2024-02-19 01:00:00","43571577","58111521","-14539944","51942.907792343365"
"2024-02-19 02:00:00","46189140","52975572","-6786432","51743.46991659101"
"2024-02-19 03:00:00","48341195","50344426","-2003231","51828.06370044929"
"2024-02-19 04:00:00","44770684","48318908","-3548224","51724.0125439605"
"2024-02-19 05:00:00","50062122","50305583","-243461","51876.82988040847"
"2024-02-19 06:00:00","46522227","52548351","-6026124","52308.3084647223"
"2024-02-19 07:00:00","24748663","49618901","-24870238","52087.17875871139"
"2024-02-19 08:00:00","40626375","58702515","-18076140","52227.8177437393"
"2024-02-19 09:00:00","48439846","56033039","-7593193","52014.193657752796"
"2024-02-19 10:00:00","50167462","56550248","-6382786","52145.80202797467"
"2024-02-19 11:00:00","49159427","59282325","-10122898","52049.39103339531"
"2024-02-19 12:00:00","49994575","58872949","-8878374","52148.64338057118"
"2024-02-19 13:00:00","53020928","54425204","-1404276","52069.96606865034"
"2024-02-19 14:00:00","51437751","64977326","-13539575","52386.18331203286"
"2024-02-19 15:00:00","49790821","68935220","-19144399","52418.77067854363"
"2024-02-19 16:00:00","51282873","65540345","-14257472","52226.85941679251"
"2024-02-19 17:00:00","53906645","56731827","-2825182","52277.02803150965"
"2024-02-19 18:00:00","54047888","62684069","-8636181","52344.26659927054"
"2024-02-19 19:00:00","53347888","69872535","-16524647","52368.46511751183"
"2024-02-19 20:00:00","55284324","61079968","-5795644","52369.989583402836"
"2024-02-19 21:00:00","58893805","58780778","113027","52219.74438464819"
"2024-02-19 22:00:00","58473208","56186696","2286512","52151.72185078592"
"2024-02-19 23:00:00","58300204","60407303","-2107099","52186.2553848563"
"2024-02-20 00:00:00","55605734","63905098","-8299364","51948.33843703344"
"2024-02-20 01:00:00","56578678","45547146","11031532","52069.1380318326"
"2024-02-20 02:00:00","41319210","66470761","-25151551","52014.05849402577"
"2024-02-20 03:00:00","48878309","60569434","-11691125","51852.021653420394"
"2024-02-20 04:00:00","55269573","51035238","4234335","51873.86413041035"
"2024-02-20 05:00:00","56288811","50775622","5513189","51851.77268259724"
"2024-02-20 06:00:00","58051371","56920125","1131246","51943.463809526605"
"2024-02-20 07:00:00","53801942","52968942","833000","51797.66976049788"
"2024-02-20 08:00:00","62334472","51649493","10684979","51785.34004143022"
"2024-02-20 09:00:00","53321458","43765838","9555620","51533.95598805123"
"2024-02-20 10:00:00","50547871","42609135","7938736","51657.190714484066"
"2024-02-20 11:00:00","49702403","43124284","6578119","51635.37681684718"
"2024-02-20 12:00:00","56160615","41057632","15102983","51759.15450807891"
"2024-02-20 13:00:00","57098040","48893902","8204138","51899.80477660995"
"2024-02-20 14:00:00","52920341","63320071","-10399730","51935.85223146502"
"2024-02-20 15:00:00","54945015","73211976","-18266961","51901.354205369826"
"2024-02-20 16:00:00","56869446","61074293","-4204847","51765.886520775144"
"2024-02-20 17:00:00","62776382","59508399","3267983","51661.91873584919"
"2024-02-20 18:00:00","59491103","56608717","2882386","52037.73898416963"
"2024-02-20 19:00:00","43947218","77906463","-33959245","52349.80324293799"
"2024-02-20 20:00:00","38367334","64196439","-25829105","52239.57144594268"
"2024-02-20 21:00:00","47935789","65551685","-17615896","52815.439174621344"
"2024-02-20 22:00:00","41435890","77322428","-35886538","52125.8743812572"
"2024-02-20 23:00:00","44922533","39596758","5325775","51681.587162597614"
"2024-02-21 00:00:00","48333991","36240497","12093494","51629.930257528475"
"2024-02-21 01:00:00","64347598","38329089","26018509","51214.37029970462"
"2024-02-21 02:00:00","41319670","34296408","7023262","51419.32114487893"
"2024-02-21 03:00:00","43594723","43507468","87255","51917.23156321726"
"2024-02-21 04:00:00","42094933","64871142","-22776209","52100.10357241532"
"2024-02-21 05:00:00","44240451","61266339","-17025888","52113.8754035358"
"2024-02-21 06:00:00","43484994","55526512","-12041518","52217.67605988812"
"2024-02-21 07:00:00","39529992","47369269","-7839277","52300.0252498568"
"2024-02-21 08:00:00","44322079","57853020","-13530941","52217.39873169033"
"2024-02-21 09:00:00","57896696","55886040","2010656","52135.058536430566"
"2024-02-21 10:00:00","51193970","57947060","-6753090","52100.47147990994"
"2024-02-21 11:00:00","50202353","59192486","-8990133","52015.05561631174"
"2024-02-21 12:00:00","57632900","56065252","1567648","51916.77184828813"
"2024-02-21 13:00:00","50971229","51386668","-415439","51883.129867237796"
"2024-02-21 14:00:00","58792660","43784407","15008253","51800.54603822354"
"2024-02-21 15:00:00","61294460","41387889","19906571","51661.81574310804"
"2024-02-21 16:00:00","52852037","34783177","18068860","51688.49028951731"
"2024-02-21 17:00:00","58299444","40888831","17410613","51315.907937523756"
"2024-02-21 18:00:00","65411114","37479835","27931279","51262.272299766424"
"2024-02-21 19:00:00","50193208","42588264","7604944","50956.21816784586"
"2024-02-21 20:00:00","48498310","37105689","11392621","51237.095733175825"
"2024-02-21 21:00:00","41603899","44294286","-2690387","51057.926551481214"
"2024-02-21 22:00:00","37718303","38607456","-889153","50842.226386022194"
"2024-02-21 23:00:00","56633805","42007054","14626751","51220.92222437872"
"2024-02-22 00:00:00","43479337","51678703","-8199366","51218.43134064354"
"2024-02-22 01:00:00","27163297","44929645","-17766348","51065.434886017785"
"2024-02-22 02:00:00","56433339","45342624","11090715","50871.17440097472"
"2024-02-22 03:00:00","37331928","27063276","10268652","50962.903329035595"
"2024-02-22 04:00:00","48023925","53276004","-5252079","51022.59847392783"
"2024-02-22 05:00:00","53982891","47086005","6896886","51329.972100203726"
"2024-02-22 06:00:00","36984922","56623461","-19638539","51439.217731644436"
"2024-02-22 07:00:00","27701550","40213296","-12511746","51738.089938943165"
"2024-02-22 08:00:00","38802235","58218074","-19415839","51609.87075084784"
"2024-02-22 09:00:00","39205341","50870631","-11665290","51345.68630014879"
"2024-02-22 10:00:00","48848944","38903804","9945140","51442.78021738414"
"2024-02-22 11:00:00","47654910","40341926","7312984","51526.02762461947"
"2024-02-22 12:00:00","39872128","49410087","-9537959","51486.959799592056"
"2024-02-22 13:00:00","46386399","41538132","4848267","51532.615611220324"
"2024-02-22 14:00:00","48509913","45580665","2929248","51732.00269091844"
"2024-02-22 15:00:00","40530205","52003418","-11473213","51811.88814320917"
"2024-02-22 16:00:00","38400620","50571051","-12170431","51796.44265703564"
"2024-02-22 17:00:00","35609715","52174421","-16564706","51817.50870202947"
"2024-02-22 18:00:00","36472862","54526697","-18053835","51716.26468218433"
"2024-02-22 19:00:00","47615858","51833576","-4217718","51635.48946581655"
"2024-02-22 20:00:00","45847568","45854315","-6747","51536.87726504659"
"2024-02-22 21:00:00","49958813","44037293","5921520","51212.19384343119"
"2024-02-22 22:00:00","49301403","39809250","9492153","51283.359587257255"
"2024-02-22 23:00:00","31927228","37025350","-5098122","51594.790134225026"
"2024-02-23 00:00:00","40926220","61353739","-20427519","51509.096848519664"
"2024-02-23 01:00:00","53023100","60395619","-7372519","51657.332757150805"
"2024-02-23 02:00:00","46686702","72249138","-25562436","51600.262660163404"
"2024-02-23 03:00:00","45075257","69051505","-23976248","51494.20326191274"
"2024-02-23 04:00:00","61888485","69552210","-7663725","51922.90281842253"
"2024-02-23 05:00:00","35979202","58930478","-22951276","51590.80358167013"
"2024-02-23 06:00:00","32278725","34163253","-1884528","51439.90671426225"
"2024-02-23 07:00:00","45743491","30669175","15074316","51320.801777204295"
"2024-02-23 08:00:00","64453638","39786828","24666810","51380.38716534304"
"2024-02-23 09:00:00","57943309","44244656","13698653","51404.191570413"
"2024-02-23 10:00:00","62928625","35701758","27226867","51234.09282433131"
"2024-02-23 11:00:00","73080699","34879801","38200898","51038.22518976424"
"2024-02-23 12:00:00","58176282","40634032","17542250","51196.6549520733"
"2024-02-23 13:00:00","52410321","45105756","7304565","51193.19874640593"
"2024-02-23 14:00:00","55287944","43714823","11573121","51259.862510245504"
"2024-02-23 15:00:00","51335585","44155130","7180455","51005.22736598815"
"2024-02-23 16:00:00","56336764","38273293","18063471","50961.78827937105"
"2024-02-23 17:00:00","53948250","37799075","16149175","50997.993839587274"
"2024-02-23 18:00:00","62143096","45937253","16205843","51127.76430413325"
"2024-02-23 19:00:00","48866553","44092846","4773707","51196.53947620378"
"2024-02-23 20:00:00","49905546","51995221","-2089675","50966.60712803549"
"2024-02-23 21:00:00","64318166","45378522","18939644","51018.02592249288"
"2024-02-23 22:00:00","57227243","49223352","8003891","50981.98968226107"
"2024-02-23 23:00:00","53386800","50886203","2500597","50968.78389332033"
"2024-02-24 00:00:00","59665091","41884355","17780736","50958.45382575712"
"2024-02-24 01:00:00","42774510","54105651","-11331141","51133.15167855058"
"2024-02-24 02:00:00","41154306","55542562","-14388256","51101.91622562696"
"2024-02-24 03:00:00","46247103","53217881","-6970778","51125.92493223508"
"2024-02-24 04:00:00","42531553","48374345","-5842792","51047.43984701932"
"2024-02-24 05:00:00","42181692","51026017","-8844325","51016.91460092196"
"2024-02-24 06:00:00","43639721","46181181","-2541460","50816.09691113369"
"2024-02-24 07:00:00","48435158","42089244","6345914","50820.15328451695"
"2024-02-24 08:00:00","42285830","44450256","-2164426","50874.92712759448"
"2024-02-24 09:00:00","43710307","47720295","-4009988","50674.87984417101"
"2024-02-24 10:00:00","54388669","42199505","12189164","50780.7806883868"
"2024-02-24 11:00:00","42764499","50890907","-8126408","50833.261189914294"
"2024-02-24 12:00:00","44826098","53468801","-8642703","50970.12815606229"
"2024-02-24 13:00:00","46513378","48238298","-1724920","51032.50373421534"
"2024-02-24 14:00:00","41639738","53225396","-11585658","50970.175736667545"
"2024-02-24 15:00:00","44721437","44264633","456804","51058.297036746495"
"2024-02-24 16:00:00","39031029","45846548","-6815519","51010.17135695399"
"2024-02-24 17:00:00","48484868","50693602","-2208734","51086.176139976276"
"2024-02-24 18:00:00","41802527","54398861","-12596334","51096.95026682443"
"2024-02-24 19:00:00","43950296","62466672","-18516376","51109.54883883909"
"2024-02-24 20:00:00","45847496","63264224","-17416728","51066.018201463165"
"2024-02-24 21:00:00","47283954","67196802","-19912848","51130.54388262341"
"2024-02-24 22:00:00","50205675","57491554","-7285879","51106.833022601226"
"2024-02-24 23:00:00","48213798","63974747","-15760949","51138.98690420675"
"2024-02-25 00:00:00","47734035","61166846","-13432811","51190.32538310006"
"2024-02-25 01:00:00","47293543","59388702","-12095159","51567.25759030641"
"2024-02-25 02:00:00","40750465","80977431","-40226966","51507.72668841251"
"2024-02-25 03:00:00","45698079","56047438","-10349359","51583.304750167736"
"2024-02-25 04:00:00","48412135","79368027","-30955892","51525.57324516567"
"2024-02-25 05:00:00","48230272","80018756","-31788484","51549.03151148671"
"2024-02-25 06:00:00","46806309","75042098","-28235789","51604.63515797667"
"2024-02-25 07:00:00","35844095","66095116","-30251021","51565.469177628736"
"2024-02-25 08:00:00","44230931","71036262","-26805331","51467.790028048934"
"2024-02-25 09:00:00","50960826","71023361","-20062535","51641.87559224661"
"2024-02-25 10:00:00","44352299","77293913","-32941614","51623.23160238272"
"2024-02-25 11:00:00","44528598","71206585","-26677987","51596.90616037728"
"2024-02-25 12:00:00","42004965","70803764","-28798799","51585.41116334967"
"2024-02-25 13:00:00","41307776","72891828","-31584052","51682.37710143072"
"2024-02-25 14:00:00","40335832","73622813","-33286981","51776.53689118872"
"2024-02-25 15:00:00","42957204","73544434","-30587230","51738.364985593675"
"2024-02-25 16:00:00","43682430","69310727","-25628297","51637.8510379218"
"2024-02-25 17:00:00","43279565","86286853","-43007288","51638.79020039466"
"2024-02-25 18:00:00","47756538","95506065","-47749527","51583.475674072164"
"2024-02-25 19:00:00","45301472","90509580","-45208108","51667.578692937954"
"2024-02-25 20:00:00","41467397","93118191","-51650794","51642.04123982778"
"2024-02-25 21:00:00","45840170","93955891","-48115721","51648.926801733054"
"2024-02-25 22:00:00","43792277","93291527","-49499250","51740.46205035068"
"2024-02-25 23:00:00","42940700","85615440","-42674740","51517.842361066934"
"2024-02-26 00:00:00","50505377","76663135","-26157758","51394.09475982132"
"2024-02-26 01:00:00","50764361","58554592","-7790231","51553.25657656038"
"2024-02-26 02:00:00","46921554","76950670","-30029116","51557.11392204019"
"2024-02-26 03:00:00","51243724","63519536","-12275812","51676.70847982556"
"2024-02-26 04:00:00","49257945","73481957","-24224012","51755.65025056691"
"2024-02-26 05:00:00","45939745","68535283","-22595538","51732.87540489396"
"2024-02-26 06:00:00","48183176","72413236","-24230060","51751.29787155985"
"2024-02-26 07:00:00","45056915","58216669","-13159754","51735.22921957438"
"2024-02-26 08:00:00","53761020","70052630","-16291610","51697.198840620826"
"2024-02-26 09:00:00","56596526","69259567","-12663041","51495.11306105978"
"2024-02-26 10:00:00","56809400","48661636","8147764","51447.6433541021"
"2024-02-26 11:00:00","58744121","47828508","10915613","51510.04486203536"
"2024-02-26 12:00:00","57840201","66228217","-8388016","51514.7603243777"
"2024-02-26 13:00:00","59460978","66087860","-6626882","51579.20072164574"
"2024-02-26 14:00:00","58167363","66418355","-8250992","51507.05237320359"
"2024-02-26 15:00:00","57980869","66626112","-8645243","51309.58583344092"
"2024-02-26 16:00:00","51804147","44744066","7060081","51262.48801095827"
"2024-02-26 17:00:00","49743165","40998762","8744403","50939.33505688858"
"2024-02-26 18:00:00","60577842","40288643","20289199","51183.50297708441"
"2024-02-26 19:00:00","53466759","41885462","11581297","51084.280475725005"
"2024-02-26 20:00:00","62689441","44533921","18155520","51191.427404354705"
"2024-02-26 21:00:00","44249475","37808889","6440586","51249.00371104875"
"2024-02-26 22:00:00","64150258","47022462","17127796","51503.07992555184"
"2024-02-26 23:00:00","44243738","77638642","-33394904","52758.20349062889"
"2024-02-27 00:00:00","36899185","99961675","-63062490","53317.7250938268"
"2024-02-27 01:00:00","45659362","101738888","-56079526","53393.2355860882"
"2024-02-27 02:00:00","46719847","118336390","-71616543","53601.723652769666"
"2024-02-27 03:00:00","55239867","132525584","-77285717","54394.13559010295"
"2024-02-27 04:00:00","49285868","113774420","-64488552","54488.7198588431"
"2024-02-27 05:00:00","40487420","73154591","-32667171","54568.732409084114"
"2024-02-27 06:00:00","41540299","94713818","-53173519","54645.51614374149"
"2024-02-27 07:00:00","31949174","82769067","-50819893","54490.71190534977"
"2024-02-27 08:00:00","43434147","80311189","-36877042","54523.783907629106"
"2024-02-27 09:00:00","39666510","89772682","-50106172","55535.299790701545"
"2024-02-27 10:00:00","32509722","63025996","-30516274","56157.63218690978"
"2024-02-27 11:00:00","39954423","53558102","-13603679","55794.91089068092"
"2024-02-27 12:00:00","36386417","45081792","-8695375","55662.37112207449"
"2024-02-27 13:00:00","43375854","48793423","-5417569","56097.55923348352"
"2024-02-27 14:00:00","42461651","56756185","-14294534","56385.48509589688"
"2024-02-27 15:00:00","45597139","66787442","-21190303","56062.69373114412"
"2024-02-27 16:00:00","44848780","55446969","-10598189","56264.7193144582"
"2024-02-27 17:00:00","39850564","52548190","-12697626","56627.806255269694"
"2024-02-27 18:00:00","45433946","83868714","-38434768","56532.04769439947"
"2024-02-27 19:00:00","45418179","75488367","-30070188","56490.30481141675"
"2024-02-27 20:00:00","50031780","73932960","-23901180","56980.56501604459"
"2024-02-27 21:00:00","45669140","41505143","4163997","57097.733070952345"
"2024-02-27 22:00:00","30788058","47866546","-17078488","56993.27714848329"
"2024-02-27 23:00:00","33701547","51663468","-17961921","57043.09506266233"
"2024-02-28 00:00:00","44245750","50239846","-5994096","57018.58805663549"
"2024-02-28 01:00:00","45666886","80742859","-35075973","56980.30496375058"
"2024-02-28 02:00:00","49960363","52887769","-2927406","57043.377168246996"
"2024-02-28 03:00:00","41370532","72135688","-30765156","57207.12068273503"
"2024-02-28 04:00:00","44495943","55415390","-10919447","57031.69824829742"
"2024-02-28 05:00:00","52205556","44125088","8080468","56743.617248295785"
"2024-02-28 06:00:00","57576046","42616466","14959580","56926.06961969344"
"2024-02-28 07:00:00","41356941","44506866","-3149925","57061.23549792714"
"2024-02-28 08:00:00","41596179","54096730","-12500551","57071.625729205385"
"2024-02-28 09:00:00","49873497","66084707","-16211210","56892.651145617405"
"2024-02-28 10:00:00","55737316","47602344","8134972","56916.99872034997"
"2024-02-28 11:00:00","55491324","58349623","-2858299","56938.66666743219"
"2024-02-28 12:00:00","54768530","57223916","-2455386","57147.96417108615"
"2024-02-28 13:00:00","47135779","65287236","-18151457","57186.380456880135"
"2024-02-28 14:00:00","51316944","62648598","-11331654","57145.69857112675"
"2024-02-28 15:00:00","50023639","66756900","-16733261","57804.31452556279"
"2024-02-28 16:00:00","54511631","46872945","7638686","58945.74619189336"
"2024-02-28 17:00:00","39766669","109514447","-69747778","59231.93096950987"
"2024-02-28 18:00:00","47868948","68041797","-20172849","59189.50875921938"
"2024-02-28 19:00:00","48519448","69481040","-20961592","59156.23768079618"
"2024-02-28 20:00:00","40112300","48236529","-8124229","59391.0212907038"
"2024-02-28 21:00:00","56656160","72114167","-15458007","60503.472798974406"
"2024-02-28 22:00:00","49368917","62735585","-13366668","60373.5147135777"
"2024-02-28 23:00:00","30942386","39895655","-8953269","61089.12829960233"
"2024-02-29 00:00:00","48675764","54302769","-5627005","61937.8911180672"
"2024-02-29 01:00:00","35510898","62320106","-26809208","60971.68814472424"
"2024-02-29 02:00:00","32744724","42239729","-9495005","60757.71248619601"
"2024-02-29 03:00:00","42528223","48127102","-5598879","60960.09314003371"
"2024-02-29 04:00:00","41394713","52024150","-10629437","60234.35663920009"
"2024-02-29 05:00:00","39883934","48061253","-8177319","60468.44004276353"
"2024-02-29 06:00:00","41695535","59232278","-17536743","61285.18051702981"
"2024-02-29 07:00:00","25823208","39280160","-13456952","62520.39547114914"
"2024-02-29 08:00:00","35399171","58314531","-22915360","61638.4922693819"
"2024-02-29 09:00:00","46754963","41104919","5650044","61403.37775925135"
"2024-02-29 10:00:00","48509144","45696613","2812531","61541.258819276474"
"2024-02-29 11:00:00","40614734","46784267","-6169533","61385.61556041653"
"2024-02-29 12:00:00","41799936","46192682","-4392746","62131.97437787996"
"2024-02-29 13:00:00","35695637","67497632","-31801995","62277.391967760705"
"2024-02-29 14:00:00","32163012","63000354","-30837342","63139.928398227414"
"2024-02-29 15:00:00","46251027","42725956","3525071","62678.97669798978"
"2024-02-29 16:00:00","48742651","43926273","4816378","62706.35122581243"
"2024-02-29 17:00:00","44995047","48791662","-3796615","62667.53903001576"
"2024-02-29 18:00:00","46712535","54881314","-8168779","62596.0719075902"
"2024-02-29 19:00:00","40589617","57381023","-16791406","63009.97266585504"
"2024-02-29 20:00:00","49364929","55956800","-6591871","62629.65040349727"
"2024-02-29 21:00:00","48844301","51468550","-2624249","62855.71520510048"
"2024-02-29 22:00:00","30448911","54059909","-23610998","62977.79620734331"
"2024-02-29 23:00:00","45685043","45610160","74883","62945.21203274903"
"2024-03-01 00:00:00","53409240","52375125","1034115","62058.39184089216"
"2024-03-01 01:00:00","42998560","59660437","-16661877","61098.82518574875"
"2024-03-01 02:00:00","38212145","43794466","-5582321","60660.62576995881"
"2024-03-01 03:00:00","36608242","44905440","-8297198","61409.81325413433"
"2024-03-01 04:00:00","51246547","51372536","-125989","62117.607386742755"
"2024-03-01 05:00:00","37864513","44380603","-6516090","61166.37554879974"
"2024-03-01 06:00:00","26390557","34930498","-8539941","61055.91415925112"
"2024-03-01 07:00:00","26188342","31113108","-4924766","61370.51588422323"
"2024-03-01 08:00:00","33907207","30843536","3063671","61525.446063096635"
"2024-03-01 09:00:00","41162497","49066801","-7904304","61205.53868957542"
"2024-03-01 10:00:00","45026810","50914169","-5887359","60938.545569639864"
"2024-03-01 11:00:00","52393893","47040913","5352980","61152.98267413021"
"2024-03-01 12:00:00","43163677","46316941","-3153264","61422.21230065509"
"2024-03-01 13:00:00","37940629","45489539","-7548910","61339.18860363634"
"2024-03-01 14:00:00","45072155","48711761","-3639606","61520.20199206777"
"2024-03-01 15:00:00","45994547","50046196","-4051649","61429.74159347323"
"2024-03-01 16:00:00","48319057","43292198","5026859","62032.55357114941"
"2024-03-01 17:00:00","43717109","63455499","-19738390","62207.297461525166"
"2024-03-01 18:00:00","52620640","66598671","-13978031","62023.187588862085"
"2024-03-01 19:00:00","45554727","67930921","-22376194","61919.107778284764"
"2024-03-01 20:00:00","48835484","63504926","-14669442","62339.64352354269"
"2024-03-01 21:00:00","35705629","45177443","-9471814","62468.3938612543"
"2024-03-01 22:00:00","42165139","67338528","-25173389","62001.15069951518"
"2024-03-01 23:00:00","25825644","31511207","-5685563","61208.555408979424"
"2024-03-02 00:00:00","50131150","48756317","1374833","61458.66218492187"
"2024-03-02 01:00:00","53040949","52873124","167825","61852.23762948881"
"2024-03-02 02:00:00","45866272","64213165","-18346893","62286.04851289948"
"2024-03-02 03:00:00","45058604","74634131","-29575527","62114.16703422176"
"2024-03-02 04:00:00","47386310","71041626","-23655316","62740.65440658776"
"2024-03-02 05:00:00","36461146","52848135","-16386989","62691.20190343809"
"2024-03-02 06:00:00","46043986","46516413","-472427","62431.862010349214"
"2024-03-02 07:00:00","83794152","46729176","37064976","62541.104916729586"
"2024-03-02 08:00:00","87622125","45008091","42614034","62298.26618649956"
"2024-03-02 09:00:00","72137553","50137170","22000383","62133.68672915296"
"2024-03-02 10:00:00","57311700","46699712","10611988","62166.329653239496"
"2024-03-02 11:00:00","56260999","47074871","9186128","62365.37723328092"
"2024-03-02 12:00:00","47736447","49372058","-1635611","62202.23351408883"
"2024-03-02 13:00:00","57520650","56587342","933308","61978.83444045077"
"2024-03-02 14:00:00","51921918","47785292","4136626","62168.81956189637"
"2024-03-02 15:00:00","53651503","43115604","10535899","61996.22281103929"
"2024-03-02 16:00:00","52037282","49017731","3019551","62040.40978361224"
"2024-03-02 17:00:00","55745501","56580955","-835454","61879.20345405564"
"2024-03-02 18:00:00","67016285","52547805","14468480","62003.51268682619"
"2024-03-02 19:00:00","57277966","54853742","2424224","61990.83456099504"
"2024-03-02 20:00:00","67537276","51270332","16266944","62159.9832104483"
"2024-03-02 21:00:00","66108289","59798646","6309643","61982.64561758906"
"2024-03-02 22:00:00","65574306","53199792","12374514","61825.98780094889"
"2024-03-02 23:00:00","64848886","51930169","12918717","61890.35801483917"
"2024-03-03 00:00:00","68317641","50381014","17936627","61807.715664493226"
"2024-03-03 01:00:00","65551191","58397933","7153258","61924.354637416436"
"2024-03-03 02:00:00","64342569","50130946","14211623","62045.09949068694"
"2024-03-03 03:00:00","60939695","49951571","10988124","62121.03933783523"
"2024-03-03 04:00:00","53646187","55957429","-2311242","61942.871489344674"
"2024-03-03 05:00:00","68240240","49985319","18254921","61922.00217255407"
"2024-03-03 06:00:00","66287670","54094355","12193315","61857.451897136656"
"2024-03-03 07:00:00","60080071","38232568","21847503","62051.78752095148"
"2024-03-03 08:00:00","57937301","53472489","4464812","61800.317765848056"
"2024-03-03 09:00:00","74053392","52325499","21727893","61829.0038582321"
"2024-03-03 10:00:00","74989028","66190040","8798988","61820.92098867812"
"2024-03-03 11:00:00","71210479","64128042","7082437","61951.131868481025"
"2024-03-03 12:00:00","61389336","64058622","-2669286","62045.57140976186"
"2024-03-03 13:00:00","60177683","65443574","-5265891","61944.85335687242"
"2024-03-03 14:00:00","68446585","65319352","3127233","61904.62673449834"
"2024-03-03 15:00:00","67271726","61433561","5838165","61737.406633056475"
"2024-03-03 16:00:00","62786522","49366476","13420046","61632.97393754468"
"2024-03-03 17:00:00","67005078","55376594","11628484","61807.8483196604"
"2024-03-03 18:00:00","59300565","66659252","-7358687","61788.81472158892"
"2024-03-03 19:00:00","61280306","57933280","3347026","61787.98247193487"
"2024-03-03 20:00:00","50551696","66428104","-15876408","62428.45696933153"
"2024-03-03 21:00:00","40429326","44982586","-4553260","62230.019772592255"
"2024-03-03 22:00:00","39367294","60988017","-21620723","62230.87751682008"
"2024-03-03 23:00:00","47100605","49050741","-1950136","62196.51202052671"
"2024-03-04 00:00:00","47491150","49413024","-1921874","62643.68555762054"
"2024-03-04 01:00:00","40912038","69718607","-28806569","62646.12807360502"
"2024-03-04 02:00:00","46451476","62530643","-16079167","62784.03183659897"
"2024-03-04 03:00:00","42225835","64499423","-22273588","62758.346939928124"
"2024-03-04 04:00:00","42396266","66563098","-24166832","62811.82597876157"
"2024-03-04 05:00:00","43155245","65879137","-22723892","62794.24798230503"
"2024-03-04 06:00:00","40262748","66437158","-26174410","63041.317294993096"
"2024-03-04 07:00:00","28813176","43386461","-14573285","62950.97535045596"
"2024-03-04 08:00:00","31848590","53205837","-21357247","63778.08380800871"
"2024-03-04 09:00:00","35413540","45800723","-10387183","63679.393945620024"
"2024-03-04 10:00:00","46516043","61197895","-14681852","63798.552054665546"
"2024-03-04 11:00:00","40052776","65554050","-25501274","63501.36451581041"
"2024-03-04 12:00:00","48516117","61267085","-12750968","63669.573102827206"
"2024-03-04 13:00:00","50181697","70628655","-20446958","63391.31804522413"
"2024-03-04 14:00:00","53409674","51301497","2108177","63597.1198014988"
"2024-03-04 15:00:00","50278121","75055593","-24777472","64164.31090680925"
"2024-03-04 16:00:00","44602517","62042324","-17439807","65404.078986050765"
"2024-03-04 17:00:00","55805633","63941166","-8135533","65341.472924469985"
"2024-03-04 18:00:00","55097441","68700176","-13602735","65023.20501116099"
"2024-03-04 19:00:00","57642315","69409375","-11767060","65080.15033362027"
"2024-03-04 20:00:00","56434344","75677869","-19243525","65161.78986206949"
"2024-03-04 21:00:00","59680213","73951813","-14271600","65402.71069734146"
"2024-03-04 22:00:00","58609897","52951961","5657936","66242.8204771812"
"2024-03-04 23:00:00","50179503","68325731","-18146228","66506.3249181028"
"2024-03-05 00:00:00","49724192","83665607","-33941415","66460.1118856376"
"2024-03-05 01:00:00","45495247","87782617","-42287370","67127.75273011345"
"2024-03-05 02:00:00","42587857","44942870","-2355013","66600.73524113462"
"2024-03-05 03:00:00","49354234","51330822","-1976588","67451.70929416976"
"2024-03-05 04:00:00","33975073","103160861","-69185788","67682.85299970488"
"2024-03-05 05:00:00","49314789","89031764","-39716975","67400.90390918459"
"2024-03-05 06:00:00","45430483","89360942","-43930459","67917.31841238098"
"2024-03-05 07:00:00","26993262","90864372","-63871110","68306.35679210228"
"2024-03-05 08:00:00","40211633","88631478","-48419845","68156.49007629711"
"2024-03-05 09:00:00","59434643","106742257","-47307614","68652.07428479473"
"2024-03-05 10:00:00","49058783","149660025","-100601242","68235.43509122898"
"2024-03-05 11:00:00","52624522","77685721","-25061199","68117.44892677318"
"2024-03-05 12:00:00","49970934","73274512","-23303578","67692.52125837447"
"2024-03-05 13:00:00","48765469","50743434","-1977965","66741.9935393627"
"2024-03-05 14:00:00","37070060","56329183","-19259123","67385.30424929703"
"2024-03-05 15:00:00","44680348","50532575","-5852227","66657.27324201012"
"2024-03-05 16:00:00","40047388","35080108","4967280","66610.65043504472"
"2024-03-05 17:00:00","43420568","60172777","-16752209","66416.0720315686"
"2024-03-05 18:00:00","48782306","52600546","-3818240","67047.77394970837"
"2024-03-05 19:00:00","43632793","54999662","-11366869","66690.51436088247"
"2024-03-05 20:00:00","47561724","51649595","-4087871","67245.57292402996"
"2024-03-05 21:00:00","41297329","55037183","-13739854","67859.09696837004"
"2024-03-05 22:00:00","43311089","67063081","-23751992","68283.07797252244"
"2024-03-05 23:00:00","26584957","125293793","-98708836","67110.23642820554"
"2024-03-06 00:00:00","35106023","33380385","1725638","65431.619541426066"
"2024-03-06 01:00:00","41326207","53985066","-12658859","65149.88201880536"
"2024-03-06 02:00:00","34139358","44550621","-10411263","64398.54796544486"
"2024-03-06 03:00:00","41877176","37035273","4841903","61718.38854087153"
"2024-03-06 04:00:00","31592696","29608428","1984268","62370.037137373845"
"2024-03-06 05:00:00","41885157","42049074","-163917","63432.99063625387"
"2024-03-06 06:00:00","36464168","38772175","-2308007","63109.70294228394"
"2024-03-06 07:00:00","27689327","35435809","-7746482","64150.083933519076"
"2024-03-06 08:00:00","43673110","36487514","7185596","63645.36503088384"
"2024-03-06 09:00:00","47664070","41042229","6621841","63381.90435193412"
"2024-03-06 10:00:00","48999846","45032930","3966916","63004.71123633785"
"2024-03-06 11:00:00","44872213","42840973","2031240","63314.619761545335"
"2024-03-06 12:00:00","44456842","49291317","-4834475","64353.26531222183"
"2024-03-06 13:00:00","40596112","54583069","-13986957","66066.17397494012"
"2024-03-06 14:00:00","38145793","58625474","-20479681","65883.85540152606"
"2024-03-06 15:00:00","53218728","45493813","7724915","66509.58824970749"
"2024-03-06 16:00:00","40006533","59016996","-19010463","66888.14006448237"
"2024-03-06 17:00:00","42832551","44236259","-1403708","66303.64100176976"
"2024-03-06 18:00:00","46301336","41767162","4534174","66579.04922577883"
"2024-03-06 19:00:00","42602102","47867433","-5265331","67002.33526346981"
"2024-03-06 20:00:00","41664224","52844786","-11180562","66237.06820211463"
"2024-03-06 21:00:00","35715556","33735236","1980320","66149.18005385358"
"2024-03-06 22:00:00","44669546","50494687","-5825141","66625.98055253593"
"2024-03-06 23:00:00","30041983","21725366","8316617","66507.33306995059"
"2024-03-07 00:00:00","44594852","53742876","-9148024","66823.54072213743"
"2024-03-07 01:00:00","41066397","83654777","-42588380","67066.07356279483"
"2024-03-07 02:00:00","37961424","82471241","-44509817","67059.41280526108"
"2024-03-07 03:00:00","48001625","66610732","-18609107","66790.04692384374"
"2024-03-07 04:00:00","52905805","51463508","1442297","67227.89468126724"
"2024-03-07 05:00:00","55609494","55562658","46836","66527.87769134466"
"2024-03-07 06:00:00","55361387","41422902","13938485","66143.86802703139"
"2024-03-07 07:00:00","46988555","33178372","13810183","66119.34328846191"
"2024-03-07 08:00:00","56647923","45724356","10923567","66227.91812608567"
"2024-03-07 09:00:00","50753750","49576480","1177270","66129.71680660131"
"2024-03-07 10:00:00","35730256","48052038","-12321782","66173.80150980937"
"2024-03-07 11:00:00","53343827","55554516","-2210689","65959.30655352697"
"2024-03-07 12:00:00","58078681","52413717","5664964","65868.70672538593"
"2024-03-07 13:00:00","49239908","46573279","2666629","65788.88926164873"
"2024-03-07 14:00:00","57040786","42797703","14243083","65869.11591571925"
"2024-03-07 15:00:00","58570991","52842420","5728571","66348.28034098216"
"2024-03-07 16:00:00","42584830","63260604","-20675774","66717.98005118153"
"2024-03-07 17:00:00","52149705","66243317","-14093612","66766.07362688081"
"2024-03-07 18:00:00","50360612","68829610","-18468998","66890.73737250072"
"2024-03-07 19:00:00","48943457","76165079","-27221622","66806.48388513792"
"2024-03-07 20:00:00","48606421","79278458","-30672037","66655.22818794988"
"2024-03-07 21:00:00","47031811","65582806","-18550995","67071.52203791273"
"2024-03-07 22:00:00","45016186","83967407","-38951221","67562.11088176932"
"2024-03-07 23:00:00","35840510","35992448","-151938","67332.38030497823"
"2024-03-08 00:00:00","47224474","44774030","2450444","67196.91392565474"
"2024-03-08 01:00:00","55469174","66205661","-10736487","67768.01422455475"
"2024-03-08 02:00:00","41380869","69661382","-28280513","67633.56619282173"
"2024-03-08 03:00:00","49637805","82423528","-32785723","67577.4312537573"
"2024-03-08 04:00:00","46013855","75660495","-29646640","67916.03030447559"
"2024-03-08 05:00:00","57153741","70918112","-13764371","67355.91843190866"
"2024-03-08 06:00:00","48351775","42113290","6238485","67217.10514816461"
"2024-03-08 07:00:00","48148904","37821488","10327416","67039.98841955487"
"2024-03-08 08:00:00","61576635","47059245","14517390","67036.54298390339"
"2024-03-08 09:00:00","63738942","54007031","9731911","67104.97751114458"
"2024-03-08 10:00:00","62805635","52385943","10419692","67105.77999516195"
"2024-03-08 11:00:00","60767209","59263713","1503496","67172.82574073566"
"2024-03-08 12:00:00","60706795","64320854","-3614059","67129.71585921648"
"2024-03-08 13:00:00","64193170","59177965","5015205","66989.61952156916"
"2024-03-08 14:00:00","57187329","53872409","3314920","67494.35168491867"
"2024-03-08 15:00:00","45472413","95364163","-49891750","67439.93799232895"
"2024-03-08 16:00:00","53722768","60905872","-7183104","67407.46746220974"
"2024-03-08 17:00:00","58897703","64028604","-5130901","67288.79562910691"
"2024-03-08 18:00:00","57710966","55090724","2620242","67410.39915297234"
"2024-03-08 19:00:00","63342758","71295625","-7952867","67697.24392164775"
"2024-03-08 20:00:00","41281101","106632299","-65351198","67647.27430741316"
"2024-03-08 21:00:00","59705481","90370596","-30665115","67899.83254924364"
"2024-03-08 22:00:00","47305446","115865388","-68559942","68522.4289800456"
"2024-03-08 23:00:00","46894175","158535492","-111641317","67758.98513994395"
"2024-03-09 00:00:00","51291177","49672781","1618396","67509.95180029715"
"2024-03-09 01:00:00","56385835","54991238","1394597","68504.27815464215"
"2024-03-09 02:00:00","49247476","58065241","-8817765","68603.07828595495"
"2024-03-09 03:00:00","52413168","66528104","-14114936","68774.19599661221"
"2024-03-09 04:00:00","47056589","74994158","-27937569","69285.91434556137"
"2024-03-09 05:00:00","46016087","74119113","-28103026","68676.7634221457"
"2024-03-09 06:00:00","58177365","48600644","9576721","68487.92310961179"
"2024-03-09 07:00:00","64990619","41679378","23311241","68328.0963935974"
"2024-03-09 08:00:00","63007422","43119090","19888332","68287.78033007383"
"2024-03-09 09:00:00","64500387","48673412","15826975","68148.42242046697"
"2024-03-09 10:00:00","69808570","47350820","22457750","68377.85025108015"
"2024-03-09 11:00:00","59701509","49621056","10080453","68420.9179766722"
"2024-03-09 12:00:00","56452335","51618264","4834071","68450.46636554804"
"2024-03-09 13:00:00","56700410","51087702","5612708","68361.06429698443"
"2024-03-09 14:00:00","62360991","49963378","12397613","68555.04229160315"
"2024-03-09 15:00:00","54066292","53703188","363104","68550.95504710288"
"2024-03-09 16:00:00","63217921","48051689","15166232","68506.474297889"
"2024-03-09 17:00:00","68917405","53253738","15663667","68407.07174015952"
"2024-03-09 18:00:00","82441552","56089621","26351931","68281.66630925678"
"2024-03-09 19:00:00","79701544","57934507","21767037","68422.00354096071"
"2024-03-09 20:00:00","77340604","59212168","18128436","68521.88675399037"
"2024-03-09 21:00:00","66629846","67229163","-599317","68576.20811389272"
"2024-03-09 22:00:00","71609332","65630423","5978909","68415.26125607964"
"2024-03-09 23:00:00","80376109","55114375","25261734","68484.38526985752"
"2024-03-10 00:00:00","77457644","56321438","21136206","68210.86175304338"
"2024-03-10 01:00:00","73429166","61522774","11906392","68352.64456431732"
"2024-03-10 02:00:00","63179090","59478141","3700949","68449.32562501454"
"2024-03-10 03:00:00","71676240","63396834","8279406","68386.2626943488"
"2024-03-10 04:00:00","71072639","66277494","4795145","68497.85951255224"
"2024-03-10 05:00:00","65614682","67022322","-1407640","68564.25043612688"
"2024-03-10 06:00:00","68101853","69450115","-1348262","68505.29042805902"
"2024-03-10 07:00:00","54153788","60890451","-6736663","68506.63542644562"
"2024-03-10 08:00:00","64078165","63697035","381130","68504.13466386637"
"2024-03-10 09:00:00","69493010","68630752","862258","69120.9664492827"
"2024-03-10 10:00:00","46102928","69229876","-23126948","68982.73394035384"
"2024-03-10 11:00:00","49117778","69034614","-19916836","69224.50055321556"
"2024-03-10 12:00:00","53546239","77454428","-23908189","69528.17436353063"
"2024-03-10 13:00:00","50725656","150709427","-99983771","69455.60427813236"
"2024-03-10 14:00:00","52427312","101198623","-48771311","69458.85161927325"
"2024-03-10 15:00:00","58015584","95362653","-37347069","69523.52552556539"
"2024-03-10 16:00:00","57699278","110019724","-52320446","69760.65810121603"
"2024-03-10 17:00:00","59499018","172902523","-113403505","69917.03375211709"
"2024-03-10 18:00:00","51027816","155443709","-104415893","69925.17413690455"
"2024-03-10 19:00:00","54290872","144893271","-90602399","69740.23594876422"
"2024-03-10 20:00:00","59113201","141264181","-82150980","69762.37195504279"
"2024-03-10 21:00:00","55239803","147438366","-92198563","69671.65558754317"
"2024-03-10 22:00:00","59547368","74935501","-15388133","69188.28069839723"
"2024-03-10 23:00:00","50494267","76256991","-25762724","69369.1322474349"
"2024-03-11 00:00:00","59244291","76051373","-16807082","69675.47563627557"
"2024-03-11 01:00:00","57976452","141438977","-83462525","69657.27282272383"
"2024-03-11 02:00:00","58426305","138531382","-80105077","69503.61009322047"
"2024-03-11 03:00:00","58969194","83099398","-24130204","69493.50044234394"
"2024-03-11 04:00:00","55714338","101433333","-45718995","69423.2905153151"
"2024-03-11 05:00:00","61361227","94585994","-33224767","69292.61916304321"
"2024-03-11 06:00:00","54241787","42937023","11304764","68730.09053318796"
"2024-03-11 07:00:00","84580236","47423548","37156688","69023.13775054687"
"2024-03-11 08:00:00","45537168","50872365","-5335197","67633.43091488186"
"2024-03-11 09:00:00","50896023","51475980","-579957","68237.86330509742"
"2024-03-11 10:00:00","42778576","48633628","-5855052","68367.50283094577"
"2024-03-11 11:00:00","42838614","55747596","-12908982","68644.72044510827"
"2024-03-11 12:00:00","42344395","54292255","-11947860","68599.1097619408"
"2024-03-11 13:00:00","46898529","59056172","-12157643","68586.32052329017"
"2024-03-11 14:00:00","50479654","53748022","-3268368","69083.36489065734"
"2024-03-11 15:00:00","40625624","90477621","-49851997","70966.6974643859"
"2024-03-11 16:00:00","44079202","93796184","-49716982","71186.02950463834"
"2024-03-11 17:00:00","51110915","69913401","-18802486","71751.21995402392"
"2024-03-11 18:00:00","47711293","100142597","-52431304","71650.18080706803"
"2024-03-11 19:00:00","58597483","90359693","-31762210","71758.15750024196"
"2024-03-11 20:00:00","49661850","48869457","792393","72094.5047924143"
"2024-03-11 21:00:00","51329508","91145598","-39816090","71978.9836022794"
"2024-03-11 22:00:00","48668857","50704743","-2035886","72033.74441165784"
"2024-03-11 23:00:00","50054540","83067495","-33012955","72286.56255790856"
"2024-03-12 00:00:00","55184449","60321572","-5137123","72589.85566777452"
"2024-03-12 01:00:00","50635361","118334470","-67699109","72509.01678381038"
"2024-03-12 02:00:00","56384980","116664487","-60279507","72410.3558847886"
"2024-03-12 03:00:00","53401812","148963619","-95561807","72100.9091814634"
"2024-03-12 04:00:00","59866620","51709941","8156679","72094.20205677512"
"2024-03-12 05:00:00","50512185","59320169","-8807984","72400.18931122634"
"2024-03-12 06:00:00","33016628","121912053","-88895425","72505.94804604714"
"2024-03-12 07:00:00","43470231","122358145","-78887914","72154.12249586405"
"2024-03-12 08:00:00","50486608","63389518","-12902910","72112.35065499887"
"2024-03-12 09:00:00","56601124","56012002","589122","72422.57513926426"
"2024-03-12 10:00:00","45857653","127784286","-81926633","72185.27727200913"
"2024-03-12 11:00:00","57179587","81368964","-24189377","71573.89701693224"
"2024-03-12 12:00:00","65349023","56878136","8470887","71867.21362239521"
"2024-03-12 13:00:00","51709364","63498258","-11788894","71993.772481093"
"2024-03-12 14:00:00","32395116","57209522","-24814406","72178.95071619978"
"2024-03-12 15:00:00","37335841","88705039","-51369198","72169.71110396064"
"2024-03-12 16:00:00","50194245","79349628","-29155383","71739.66469678588"
"2024-03-12 17:00:00","72055353","54588232","17467121","71921.94094682808"
"2024-03-12 18:00:00","51248799","64193776","-12944977","71835.90344243732"
"2024-03-12 19:00:00","63870314","66438429","-2568115","72157.81144806475"
"2024-03-12 20:00:00","56102786","72044969","-15942183","72111.42075611721"
"2024-03-12 21:00:00","47700453","95359954","-47659501","72015.36923139631"
"2024-03-12 22:00:00","48501457","112433896","-63932439","71849.92165688699"
"2024-03-12 23:00:00","81097179","56879729","24217450","71843.47116833935"
"2024-03-13 00:00:00","62592142","57823663","4768479","70644.48249404399"
"2024-03-13 01:00:00","69037333","47422713","21614620","70553.2598327628"
"2024-03-13 02:00:00","37099531","45500992","-8401461","71292.62450067424"
"2024-03-13 03:00:00","50252208","59761649","-9509441","71420.95680998279"
"2024-03-13 04:00:00","56259750","54411856","1847894","71006.07054460412"
"2024-03-13 05:00:00","46244372","45741957","502415","71026.78659095986"
"2024-03-13 06:00:00","32762735","34210943","-1448208","71205.94748441961"
"2024-03-13 07:00:00","42518850","52916094","-10397244","71455.93488103758"
"2024-03-13 08:00:00","46629718","61702457","-15072739","71530.17413080714"
"2024-03-13 09:00:00","52766280","66616844","-13850564","71979.73666958344"
"2024-03-13 10:00:00","41319256","69237424","-27918168","72004.24875038832"
"2024-03-13 11:00:00","48168969","74576541","-26407572","72049.21627086676"
"2024-03-13 12:00:00","46853266","71231097","-24377831","72216.02368204006"
"2024-03-13 13:00:00","52197191","81484387","-29287196","72141.35849592306"
"2024-03-13 14:00:00","55124447","79654765","-24530318","72679.18135534597"
"2024-03-13 15:00:00","41070740","121968063","-80897323","72947.92154377112"
"2024-03-13 16:00:00","47884935","79172431","-31287496","73403.51931715831"
"2024-03-13 17:00:00","66996121","95465438","-28469317","73393.2913910495"
"2024-03-13 18:00:00","60097156","99827471","-39730315","73214.90648852437"
"2024-03-13 19:00:00","59659243","92135609","-32476366","73262.97441669456"
"2024-03-13 20:00:00","66686641","65342251","1344390","73013.07816055628"
"2024-03-13 21:00:00","54265793","49812545","4453248","72144.57843545967"
"2024-03-13 22:00:00","54365932","43609021","10756911","72503.20080451839"
"2024-03-13 23:00:00","57930149","51786722","6143427","72632.67419991705"
"2024-03-14 00:00:00","56299147","60835815","-4536668","72938.96824063757"
"2024-03-14 01:00:00","47999521","75521071","-27521550","72937.95299795335"
"2024-03-14 02:00:00","57931308","69569157","-11637849","73209.18931989375"
"2024-03-14 03:00:00","59879612","84439123","-24559511","73162.96427429101"
"2024-03-14 04:00:00","48786235","100338169","-51551934","73236.62210307465"
"2024-03-14 05:00:00","53356035","73751737","-20395702","73278.31517308511"
"2024-03-14 06:00:00","30556385","85406358","-54849973","73009.30538651643"
"2024-03-14 07:00:00","62420044","65773073","-3353029","73068.26491750685"
"2024-03-14 08:00:00","60920424","74210487","-13290063","72887.26135987288"
"2024-03-14 09:00:00","66721104","65730831","990273","72748.20347690306"
"2024-03-14 10:00:00","57695368","72297068","-14601700","73157.84470715126"
"2024-03-14 11:00:00","57276370","77279705","-20003335","73281.58139603029"
"2024-03-14 12:00:00","52960936","94824866","-41863930","73020.7487520806"
"2024-03-14 13:00:00","66390754","58356805","8033949","73142.0694695346"
"2024-03-14 14:00:00","60300688","76376961","-16076273","73498.04749995212"
"2024-03-14 15:00:00","42789043","107666393","-64877350","73312.07016794034"
"2024-03-14 16:00:00","60590771","72793195","-12202424","73400.77851313823"
"2024-03-14 17:00:00","61845033","90574872","-28729839","73306.41471700645"
"2024-03-14 18:00:00","60613766","86197281","-25583515","72923.49430807694"
"2024-03-14 19:00:00","74186774","58271281","15915493","72888.11718515542"
"2024-03-14 20:00:00","73837810","64903765","8934045","72827.46525280773"
"2024-03-14 21:00:00","58000602","64227882","-6227280","71697.1915768034"
"2024-03-14 22:00:00","44834986","47812215","-2977229","71614.86218041847"
"2024-03-14 23:00:00","57151081","52984306","4166775","71130.46004925163"
"2024-03-15 00:00:00","51211360","46040305","5171055","70959.54713579321"
"2024-03-15 01:00:00","50492819","58016894","-7524075","71002.10883280111"
"2024-03-15 02:00:00","45656012","55936660","-10280648","70329.41352270138"
"2024-03-15 03:00:00","41265900","47733326","-6467426","68941.94180917359"
"2024-03-15 04:00:00","44753339","49118641","-4365302","70831.70597222712"
"2024-03-15 05:00:00","45736576","48156289","-2419713","70888.12850109434"
"2024-03-15 06:00:00","40154124","36662057","3492067","71540.4964618131"
"2024-03-15 07:00:00","43510727","62356426","-18845699","71450.40608119006"
"2024-03-15 08:00:00","42279364","58104067","-15824703","71866.47037325175"
"2024-03-15 09:00:00","43906239","59457607","-15551368","71618.44857389115"
"2024-03-15 10:00:00","41928418","51882808","-9954390","68314.93098632037"
"2024-03-15 11:00:00","28099359","31940485","-3841126","68212.27476226905"
"2024-03-15 12:00:00","45656950","37001520","8655430","67519.06627624822"
"2024-03-15 13:00:00","44065273","38329742","5735531","67484.27077014059"
"2024-03-15 14:00:00","47267483","41583940","5683543","68454.26111904158"
"2024-03-15 15:00:00","38592284","44807632","-6215348","68447.45697564344"
"2024-03-15 16:00:00","42738810","45578784","-2839974","67546.03549592811"
"2024-03-15 17:00:00","60269585","34885891","25383694","67614.18066266701"
"2024-03-15 18:00:00","37429676","43971966","-6542290","67420.51102741096"
"2024-03-15 19:00:00","48027113","44619100","3408013","67545.29947521149"
"2024-03-15 20:00:00","36978092","48957031","-11978939","67681.01233529791"
"2024-03-15 21:00:00","49387814","52280806","-2892992","68224.9946398619"
"2024-03-15 22:00:00","34791967","44710908","-9918941","68346.04467442754"
"2024-03-15 23:00:00","43097253","58569860","-15472607","68257.36742021622"
"2024-03-16 00:00:00","48570289","52867737","-4297448","68093.07920967744"
"2024-03-16 01:00:00","49424329","51623340","-2199011","68190.50292532914"
"2024-03-16 02:00:00","41216586","57010711","-15794125","70293.64782388129"
"2024-03-16 03:00:00","43034484","47186175","-4151691","68671.81560833355"
"2024-03-16 04:00:00","45592087","45367261","224826","67900.79778934056"
"2024-03-16 05:00:00","41643616","42090811","-447195","68193.61336302457"
"2024-03-16 06:00:00","39304216","43229286","-3925070","69098.41650925248"
"2024-03-16 07:00:00","35573418","38263651","-2690233","69536.36358138872"
"2024-03-16 08:00:00","38037937","47847347","-9809410","69751.31434275805"
"2024-03-16 09:00:00","38530282","44838231","-6307949","69285.4634433225"
"2024-03-16 10:00:00","45800988","42219659","3581329","69100.92873364204"
"2024-03-16 11:00:00","44309661","41759512","2550149","69219.1190007214"
"2024-03-16 12:00:00","44514995","43160308","1354687","68960.24741560506"
"2024-03-16 13:00:00","44700531","44407800","292731","69034.57614826279"
"2024-03-16 14:00:00","43749449","46928085","-3178636","69197.98038934189"
"2024-03-16 15:00:00","41788181","49244059","-7455878","69385.72300785649"
"2024-03-16 16:00:00","39219898","44557298","-5337400","69066.14631986499"
"2024-03-16 17:00:00","40130199","46745113","-6614914","68975.57591502133"
"2024-03-16 18:00:00","52111808","50039526","2072282","68442.77051534115"
"2024-03-16 19:00:00","56470387","49344906","7125481","68357.5666030225"
"2024-03-16 20:00:00","44562571","42736212","1826359","67922.7372048038"
"2024-03-16 21:00:00","48836191","38515213","10320978","67788.39007642925"
"2024-03-16 22:00:00","52547984","43557706","8990278","68096.96461699881"
"2024-03-16 23:00:00","39135887","48554748","-9418861","68190.0388177951"
"2024-03-17 00:00:00","45196636","50880538","-5683902","68238.80350860686"
"2024-03-17 01:00:00","47237407","45595601","1641806","67718.58377366867"
"2024-03-17 02:00:00","50394569","36343750","14050819","66796.71965549399"
"2024-03-17 03:00:00","49208858","38229828","10979030","67243.17729544503"
"2024-03-17 04:00:00","51619338","42739086","8880252","67379.09584944048"
"2024-03-17 05:00:00","55122482","41560549","13561933","66322.33391374606"
"2024-03-17 06:00:00","50438890","31105289","19333601","66467.06828671963"
"2024-03-17 07:00:00","50849916","41015239","9834677","65403.31089951672"
"2024-03-17 08:00:00","39446988","39816605","-369617","65432.82540817464"
"2024-03-17 09:00:00","42442686","45700661","-3257975","66023.96029762019"
"2024-03-17 10:00:00","37760968","45174666","-7413698","66310.51730906492"
"2024-03-17 11:00:00","45858085","49244247","-3386162","66480.5999867045"
"2024-03-17 12:00:00","43972653","51302949","-7330296","66320.94671913612"
"2024-03-17 13:00:00","43495390","49470808","-5975418","66173.79726310691"
"2024-03-17 14:00:00","38217503","38463312","-245809","65475.276728456825"
"2024-03-17 15:00:00","44548582","29107826","15440756","65228.217678467445"
"2024-03-17 16:00:00","35483251","39519571","-4036320","66230.02324283669"
"2024-03-17 17:00:00","39074028","46196787","-7122759","66325.7721239069"
"2024-03-17 18:00:00","41201390","47909642","-6708252","66887.24985376517"
"2024-03-17 19:00:00","45167407","58593996","-13426589","66869.58471287547"
"2024-03-17 20:00:00","50157411","49864521","292890","66541.0413537042"
"2024-03-17 21:00:00","47548825","45427707","2121118","67047.20943569996"
"2024-03-17 22:00:00","43532313","56820618","-13288305","67290.48801483211"
"2024-03-17 23:00:00","41799183","64071019","-22271836","67982.34838386593"
"2024-03-18 00:00:00","43301822","56940234","-13638412","68007.99209880596"
"2024-03-18 01:00:00","44891573","54535499","-9643926","68427.06208609395"
"2024-03-18 02:00:00","46000057","65108256","-19108199","68136.1426776797"
"2024-03-18 03:00:00","46839267","50354600","-3515333","68479.25113669451"
"2024-03-18 04:00:00","46672525","64903941","-18231416","68324.97534990276"
"2024-03-18 05:00:00","45524841","53665198","-8140357","68200.03111456678"
"2024-03-18 06:00:00","31819520","40285935","-8466415","68576.14717947115"
"2024-03-18 07:00:00","44385941","44086623","299318","68278.84724087422"
"2024-03-18 08:00:00","40036829","52656622","-12619793","67469.05261802269"
"2024-03-18 09:00:00","46683448","45494767","1188681","67485.58229941437"
"2024-03-18 10:00:00","40222698","45147134","-4924436","67623.95959247382"
"2024-03-18 11:00:00","44032561","48282439","-4249878","68022.91531392788"
"2024-03-18 12:00:00","47553118","49926902","-2373784","68332.66873048485"
"2024-03-18 13:00:00","42577365","61910896","-19333531","68700.35842298444"
"2024-03-18 14:00:00","43383438","65681295","-22297857","68465.36576770822"
"2024-03-18 15:00:00","46208973","55713163","-9504190","68216.71709848738"
"2024-03-18 16:00:00","43098585","40780020","2318565","67984.78442420205"
"2024-03-18 17:00:00","43622395","50538147","-6915752","67824.11076375376"
"2024-03-18 18:00:00","40008267","43663564","-3655297","68036.76450255966"
"2024-03-18 19:00:00","46691620","51554781","-4863161","68290.89026186313"
"2024-03-18 20:00:00","46295525","51868363","-5572838","68460.02632737382"
"2024-03-18 21:00:00","44433690","60832446","-16398756","68016.32748546681"
"2024-03-18 22:00:00","56416341","46804150","9612191","66884.72063346942"
"2024-03-18 23:00:00","53274110","48369786","4904324","67349.52867663285"
"2024-03-19 00:00:00","46494151","94049097","-47554946","67442.7898057964"
"2024-03-19 01:00:00","54357770","46602335","7755435","67236.69712081706"
"2024-03-19 02:00:00","46103067","53270303","-7167236","67101.51321457737"
"2024-03-19 03:00:00","62892341","51755648","11136693","67042.20601456243"
"2024-03-19 04:00:00","62919601","58286237","4633364","67261.78940250073"
"2024-03-19 05:00:00","48821588","51917694","-3096106","67577.3011663327"
"2024-03-19 06:00:00","37454739","38868009","-1413270","67556.54882819741"
"2024-03-19 07:00:00","46007951","53806080","-7798129","67679.81326828031"
"2024-03-19 08:00:00","34618301","36545515","-1927214","67012.1972781298"
"2024-03-19 09:00:00","48967578","47159929","1807649","65919.48901887152"
"2024-03-19 10:00:00","55780679","40953167","14827512","66119.50993140535"
"2024-03-19 11:00:00","61304218","45136705","16167513","65400.76608225009"
"2024-03-19 12:00:00","44766959","47538312","-2771353","65369.108018135645"
"2024-03-19 13:00:00","50323516","50537175","-213659","64903.42507344185"
"2024-03-19 14:00:00","43789489","46295506","-2506017","64786.91263436982"
"2024-03-19 15:00:00","55521832","49141624","6380208","64476.69389036937"
"2024-03-19 16:00:00","42582160","49550926","-6968766","63448.78507690534"
"2024-03-19 17:00:00","65066622","43517009","21549613","63903.07835007043"
"2024-03-19 18:00:00","41708992","47099764","-5390772","63287.01231034658"
"2024-03-19 19:00:00","47640050","45615902","2024148","63118.381574383005"
"2024-03-19 20:00:00","50564527","48496922","2067605","63620.030220232955"
"2024-03-19 21:00:00","55559710","55292444","267266","63232.913818521185"
"2024-03-19 22:00:00","49123986","47296379","1827607","62850.03946787738"
"2024-03-19 23:00:00","56573277","97858016","-41284739","63919.84740607266"
"2024-03-20 00:00:00","43277967","51741044","-8463077","64546.10368350259"
"2024-03-20 01:00:00","47433461","51391611","-3958150","64923.09391968995"
"2024-03-20 02:00:00","67598084","46503888","21094196","64798.11015267749"
"2024-03-20 03:00:00","57045208","48825527","8219681","64629.49462468896"
"2024-03-20 04:00:00","53449729","41019024","12430705","63758.633660080915"
"2024-03-20 05:00:00","50201378","43250443","6950935","63959.777033811806"
"2024-03-20 06:00:00","36605412","27311571","9293841","62674.48850889627"
"2024-03-20 07:00:00","64586125","39478601","25107524","62074.97475140688"
"2024-03-20 08:00:00","62947269","40327956","22619313","62790.463376229825"
"2024-03-20 09:00:00","44916221","50831560","-5915339","62419.09841041504"
"2024-03-20 10:00:00","46455271","42984118","3471153","62748.67746884227"
"2024-03-20 11:00:00","45199765","55769784","-10570019","62165.92518860994"
"2024-03-20 12:00:00","60999681","40065625","20934056","61594.26149134326"
"2024-03-20 13:00:00","43432002","47573354","-4141352","61580.169239034636"
"2024-03-20 14:00:00","42747337","44555640","-1808303","61831.855913807834"
"2024-03-20 15:00:00","40788505","48506141","-7717636","62695.92395041211"
"2024-03-20 16:00:00","45060299","49744429","-4684130","62872.71225409774"
"2024-03-20 17:00:00","54473065","46608551","7864514","63173.016795162126"
"2024-03-20 18:00:00","50100170","54859290","-4759120","62887.92780810953"
"2024-03-20 19:00:00","44986223","59322879","-14336656","63204.27795754619"
"2024-03-20 20:00:00","42265383","49485108","-7219725","63917.590080985305"
"2024-03-20 21:00:00","45982767","57943056","-11960289","63497.05466881974"
"2024-03-20 22:00:00","50767038","49958939","808099","64244.688299769645"
"2024-03-20 23:00:00","44124942","63356686","-19231744","63569.53940096492"
"2024-03-21 00:00:00","45952532","49505894","-3553362","63128.76341539421"
"2024-03-21 01:00:00","46280060","45625780","654280","64049.08485487579"
"2024-03-21 02:00:00","26133274","27977228","-1843954","65238.504370335315"
"2024-03-21 03:00:00","38277701","51775633","-13497932","65860.44445827304"
"2024-03-21 04:00:00","47089468","51481772","-4392304","67365.99701246864"
"2024-03-21 05:00:00","47152194","48335084","-1182890","67588.98743853607"
"2024-03-21 06:00:00","31457758","50856083","-19398325","67616.43673460215"
"2024-03-21 07:00:00","43723395","63575895","-19852500","67951.70842351623"
"2024-03-21 08:00:00","43773889","61031477","-17257588","68032.63767415672"
"2024-03-21 09:00:00","48334650","55368387","-7033737","67782.5506634279"
"2024-03-21 10:00:00","49329856","65469286","-16139430","67685.26919798597"
"2024-03-21 11:00:00","49174870","61070426","-11895556","66735.03127307935"
"2024-03-21 12:00:00","52319723","50939221","1380502","66746.08571737164"
"2024-03-21 13:00:00","51483839","49910877","1572962","66847.88308791399"
"2024-03-21 14:00:00","46932872","47678171","-745299","67107.0527832217"
"2024-03-21 15:00:00","49810607","50646384","-835777","67023.46654209755"
"2024-03-21 16:00:00","49619449","47470161","2149288","67503.61335047332"
"2024-03-21 17:00:00","48589657","49120528","-530871","66855.3968818696"
"2024-03-21 18:00:00","50230986","48027284","2203702","66901.04496658672"
"2024-03-21 19:00:00","49908906","47978307","1930599","67086.0825587995"
"2024-03-21 20:00:00","43346903","44195041","-848138","67261.05280095522"
"2024-03-21 21:00:00","45339387","54423594","-9084207","67061.68168197374"
"2024-03-21 22:00:00","39232034","29348395","9883639","67014.61508915294"
"2024-03-21 23:00:00","47119655","54050754","-6931099","66439.97299095827"
"2024-03-22 00:00:00","48376960","47280439","1096521","66608.14785797658"
"2024-03-22 01:00:00","41767776","54824784","-13057008","65851.69668106448"
"2024-03-22 02:00:00","75242862","42127715","33115147","65137.904719863946"
"2024-03-22 03:00:00","55264164","49069007","6195157","65463.55176106489"
"2024-03-22 04:00:00","51007215","38795363","12211852","65210.39805560876"
"2024-03-22 05:00:00","40545115","44374617","-3829502","65581.70120990243"
"2024-03-22 06:00:00","29830162","34669992","-4839830","65396.488882910286"
"2024-03-22 07:00:00","45017486","45207621","-190135","65485.93692175186"
"2024-03-22 08:00:00","47710173","42282025","5428148","65551.5095010433"
"2024-03-22 09:00:00","47909000","49208596","-1299596","65540.35961097763"
"2024-03-22 10:00:00","48675226","43344512","5330714","65577.28794771546"
"2024-03-22 11:00:00","43647615","48954364","-5306749","65883.85335234394"
"2024-03-22 12:00:00","46448563","46525609","-77046","66066.89355406423"
"2024-03-22 13:00:00","47727775","49267798","-1540023","66274.15617742168"
"2024-03-22 14:00:00","45476950","50247037","-4770087","66441.97544832516"
"2024-03-22 15:00:00","43344655","44775696","-1431041","66185.09368696634"
"2024-03-22 16:00:00","44413988","45134169","-720181","65917.49082445186"
"2024-03-22 17:00:00","45512183","40553190","4958993","65468.28224999516"
"2024-03-22 18:00:00","54124689","49181111","4943578","64938.032439451454"
"2024-03-22 19:00:00","53987215","41154212","12833003","64186.61074687412"
"2024-03-22 20:00:00","58645451","44401797","14243654","64281.75692403964"
"2024-03-22 21:00:00","47788148","42233631","5554517","63366.48166474044"
"2024-03-22 22:00:00","58490557","39419090","19071467","63069.879896368875"
"2024-03-22 23:00:00","65816147","45025877","20790270","63879.536499114256"
"2024-03-23 00:00:00","46216956","42738902","3478054","63222.437658916686"
"2024-03-23 01:00:00","46380190","43462089","2918101","63646.066904124105"
"2024-03-23 02:00:00","47574268","53553723","-5979455","63755.19119550369"
"2024-03-23 03:00:00","46594088","48990319","-2396231","64042.521422636724"
"2024-03-23 04:00:00","39642134","43527817","-3885683","63515.11619354433"
"2024-03-23 05:00:00","47608571","41931737","5676834","62880.5266070441"
"2024-03-23 06:00:00","40213726","38874493","1339233","63118.88200210548"
"2024-03-23 07:00:00","40056555","40996175","-939620","63667.102709690924"
"2024-03-23 08:00:00","39525595","47955155","-8429560","63746.078380615"
"2024-03-23 09:00:00","43331762","44085366","-753604","64234.838480200924"
"2024-03-23 10:00:00","42897979","43996958","-1098979","63948.02375997549"
"2024-03-23 11:00:00","42742200","40122719","2619481","63432.06816914454"
"2024-03-23 12:00:00","43967395","38075972","5891423","64068.49388615882"
"2024-03-23 13:00:00","45157263","42232631","2924632","64190.005390152284"
"2024-03-23 14:00:00","43195331","43785613","-590282","64313.84308456143"
"2024-03-23 15:00:00","44253956","43810136","443820","64687.20162305796"
"2024-03-23 16:00:00","46254161","52911802","-6657641","64521.28482333748"
"2024-03-23 17:00:00","44026255","50904253","-6877998","64524.72012905293"
"2024-03-23 18:00:00","45105769","52906822","-7801053","64402.188406427624"
"2024-03-23 19:00:00","45470715","40305976","5164739","64682.01116635688"
"2024-03-23 20:00:00","44897703","53810572","-8912869","64911.594594961745"
"2024-03-23 21:00:00","46605782","56141353","-9535571","64704.79516336825"
"2024-03-23 22:00:00","45270342","53113289","-7842947","65367.98901762373"
"2024-03-23 23:00:00","44259986","49539376","-5279390","65080.13943407197"
"2024-03-24 00:00:00","45107104","50260426","-5153322","65650.86949144084"
"2024-03-24 01:00:00","43399782","54363648","-10963866","65796.49817552527"
"2024-03-24 02:00:00","43116199","49241468","-6125269","65485.81882967572"
"2024-03-24 03:00:00","44610871","46267122","-1656251","65002.19534200264"
"2024-03-24 04:00:00","45436873","40884103","4552770","65064.18544744748"
"2024-03-24 05:00:00","44821229","44173771","647458","65052.90440485276"
"2024-03-24 06:00:00","32018619","32812545","-793926","64918.23904692722"
"2024-03-24 07:00:00","42487069","42592903","-105834","64125.13752602246"
"2024-03-24 08:00:00","52926099","37234977","15691122","64647.18383074405"
"2024-03-24 09:00:00","41193303","43512662","-2319359","64621.583709724764"
"2024-03-24 10:00:00","41586395","43243358","-1656963","64344.41062129731"
"2024-03-24 11:00:00","48044400","41896109","6148291","64157.16685196842"
"2024-03-24 12:00:00","59787161","39167910","20619251","64142.47199362871"
"2024-03-24 13:00:00","46123763","43472143","2651620","64413.882880082376"
"2024-03-24 14:00:00","43279868","46526675","-3246807","64309.15927728679"
"2024-03-24 15:00:00","47806690","45224377","2582313","64555.791398707916"
"2024-03-24 16:00:00","39769002","51643297","-11874295","65089.40963668848"
"2024-03-24 17:00:00","45229997","56217654","-10987657","65050.39302680446"
"2024-03-24 18:00:00","43350895","48457166","-5106271","65260.595752455665"
"2024-03-24 19:00:00","47599447","57775248","-10175801","65359.38488905051"
"2024-03-24 20:00:00","44895291","53870029","-8974738","65807.12807963455"
"2024-03-24 21:00:00","44395975","53633701","-9237726","65466.299002885346"
"2024-03-24 22:00:00","45291730","51622974","-6331244","65689.77570661569"
"2024-03-24 23:00:00","48754478","59960328","-11205850","65753.47554596611"
"2024-03-25 00:00:00","46550961","62873925","-16322964","65585.01216269053"
"2024-03-25 01:00:00","50955142","48577331","2377811","65336.15924656808"
"2024-03-25 02:00:00","45770009","55508145","-9738136","65723.18844483478"
"2024-03-25 03:00:00","43352930","49823106","-6470176","65853.12329109276"
"2024-03-25 04:00:00","42942520","51820745","-8878225","66189.46923139236"
"2024-03-25 05:00:00","45289109","57818422","-12529313","66360.57870518377"
"2024-03-25 06:00:00","31844115","58755010","-26910895","66933.71022429758"
"2024-03-25 07:00:00","43351242","61490489","-18139247","67305.69890799698"
"2024-03-25 08:00:00","45123094","56785430","-11662336","66614.68112654971"
"2024-03-25 09:00:00","44631327","50854790","-6223463","66531.3737187701"
"2024-03-25 10:00:00","52292220","48539727","3752493","66694.66078546121"
"2024-03-25 11:00:00","50354751","55705890","-5351139","67097.50348885817"
"2024-03-25 12:00:00","49034348","60824158","-11789810","67530.86836900385"
"2024-03-25 13:00:00","45051143","80071625","-35020482","67579.18865531978"
"2024-03-25 14:00:00","46114693","68122766","-22008073","67094.05530803619"
"2024-03-25 15:00:00","46051230","64881196","-18829966","66960.11274950273"
"2024-03-25 16:00:00","46225072","52385268","-6160196","67095.08979971429"
"2024-03-25 17:00:00","54726987","56733292","-2006305","66962.40575883146"
"2024-03-25 18:00:00","59353538","61895036","-2541498","66992.92008161602"
"2024-03-25 19:00:00","52352225","57946057","-5593832","66828.53651776238"
"2024-03-25 20:00:00","59896300","51232997","8663303","67098.96579120228"
"2024-03-25 21:00:00","52821071","56257082","-3436011","67600.75500512234"
"2024-03-25 22:00:00","41032277","70656978","-29624701","69240.16295951308"
"2024-03-25 23:00:00","44959500","100901254","-55941754","69823.63117770755"
"2024-03-26 00:00:00","46593710","87159936","-40566226","70195.29731339247"
"2024-03-26 01:00:00","49319068","79924716","-30605648","70476.60438363467"
"2024-03-26 02:00:00","51577560","82015168","-30437608","70871.94437494547"
"2024-03-26 03:00:00","45586629","84126973","-38540344","70782.3356186036"
"2024-03-26 04:00:00","43390839","60005228","-16614389","70846.25335191957"
"2024-03-26 05:00:00","51058510","79126766","-28068256","69970.50495001506"
"2024-03-26 06:00:00","37101947","32365643","4736304","70475.14417307837"
"2024-03-26 07:00:00","43303335","57867944","-14564609","69859.57658883897"
"2024-03-26 08:00:00","52010537","47925004","4085533","69960.15529432037"
"2024-03-26 09:00:00","50379290","47205298","3173992","70229.08410246304"
"2024-03-26 10:00:00","45411877","53844809","-8432932","70468.16589918776"
"2024-03-26 11:00:00","44986363","71132775","-26146412","70462.5478047207"
"2024-03-26 12:00:00","51814993","67100185","-15285192","70595.51168931958"
"2024-03-26 13:00:00","46684259","77773531","-31089272","70372.87218379577"
"2024-03-26 14:00:00","55121714","60020656","-4898942","70549.69342451367"
"2024-03-26 15:00:00","49048411","78188014","-29139603","70589.92031992154"
"2024-03-26 16:00:00","49394638","46605211","2789427","70573.12299303246"
"2024-03-26 17:00:00","63147168","53119419","10027749","71075.50281672904"
"2024-03-26 18:00:00","56028217","74945040","-18916823","70951.96273975322"
"2024-03-26 19:00:00","48741427","69829348","-21087921","70649.01824193803"
"2024-03-26 20:00:00","51759173","59266721","-7507548","70953.20663789222"
"2024-03-26 21:00:00","40517817","71572004","-31054187","70638.67828785545"
"2024-03-26 22:00:00","35994409","34004466","1989943","70218.54667265079"
"2024-03-26 23:00:00","44030450","53364681","-9334231","70273.83096580408"
"2024-03-27 00:00:00","46920472","65171973","-18251501","69663.55357679325"
"2024-03-27 01:00:00","58499950","53625227","4874723","70096.06009709515"
"2024-03-27 02:00:00","48615855","54299580","-5683725","70252.27099851343"
"2024-03-27 03:00:00","50098186","53216584","-3118398","69672.98573531599"
"2024-03-27 04:00:00","57374256","43380827","13993429","69794.61948057874"
"2024-03-27 05:00:00","52249494","50133371","2116123","70099.51441437211"
"2024-03-27 06:00:00","33390678","40714561","-7323883","70056.60781792313"
"2024-03-27 07:00:00","45943058","56157516","-10214458","70015.17258048245"
"2024-03-27 08:00:00","53049466","56539662","-3490196","70544.62220160625"
"2024-03-27 09:00:00","51924911","67528478","-15603567","70336.01378353774"
"2024-03-27 10:00:00","53395602","63419012","-10023410","70460.98750735256"
"2024-03-27 11:00:00","47553183","65174464","-17621281","70379.7665246116"
"2024-03-27 12:00:00","56277743","69136506","-12858763","70104.0453529125"
"2024-03-27 13:00:00","66251353","53899181","12352172","70445.62729807272"
"2024-03-27 14:00:00","52488093","74119525","-21631432","70211.14211620917"
"2024-03-27 15:00:00","60873832","60041889","831943","69728.5713403671"
"2024-03-27 16:00:00","63706986","47632196","16074790","69559.0505947617"
"2024-03-27 17:00:00","63656081","46003523","17652558","69847.9894351789"
"2024-03-27 18:00:00","48403861","54910050","-6506189","70135.67638239726"
"2024-03-27 19:00:00","46589706","54928449","-8338743","70266.7742314817"
"2024-03-27 20:00:00","51004085","55259075","-4254990","70094.97815114849"
"2024-03-27 21:00:00","50683243","54115109","-3431866","70292.27737362568"
"2024-03-27 22:00:00","49251726","40815892","8435834","69793.38728488745"
"2024-03-27 23:00:00","41895761","47882018","-5986257","69026.8341277985"
"2024-03-28 00:00:00","48710251","42487279","6222972","69077.67787518683"
"2024-03-28 01:00:00","50312270","55591358","-5279088","68810.78665248406"
"2024-03-28 02:00:00","65314337","51850060","13464277","68529.26819675903"
"2024-03-28 03:00:00","69649748","46568958","23080790","68711.1350534315"
"2024-03-28 04:00:00","63356264","43640780","19715484","68857.16425580565"
"2024-03-28 05:00:00","61118475","57789039","3329436","69061.19471391787"
"2024-03-28 06:00:00","44820301","40595158","4225143","69387.44036436862"
"2024-03-28 07:00:00","46067151","59542504","-13475353","69233.44935223376"
"2024-03-28 08:00:00","45779598","54603277","-8823679","69575.84745433573"
"2024-03-28 09:00:00","43546630","61513509","-17966879","69418.13072783884"
"2024-03-28 10:00:00","49409547","56469224","-7059677","69056.38134023215"
"2024-03-28 11:00:00","59129685","47290404","11839281","69213.10512861362"
"2024-03-28 12:00:00","48860226","52362321","-3502095","69680.92894850032"
"2024-03-28 13:00:00","49750859","60746109","-10995250","69686.88453077152"
"2024-03-28 14:00:00","50834134","58377037","-7542903","70260.82049864643"
"2024-03-28 15:00:00","40947762","59778547","-18830785","70326.3470649711"
"2024-03-28 16:00:00","55052352","73382918","-18330566","70648.11696277549"
"2024-03-28 17:00:00","53179364","72016314","-18836950","70555.16756365614"
"2024-03-28 18:00:00","58414502","77011795","-18597293","70512.40483569416"
"2024-03-28 19:00:00","54475500","85043294","-30567794","70625.00246942377"
"2024-03-28 20:00:00","90729552","68443300","22286252","70505.8351730197"
"2024-03-28 21:00:00","49283588","76421167","-27137579","70882.39132891831"
"2024-03-28 22:00:00","39393003","52104472","-12711469","71400.63739243388"
"2024-03-28 23:00:00","49026828","109338245","-60311417","71313.86139991111"
"2024-03-29 00:00:00","63005084","105186421","-42181337","70706.30440362799"
"2024-03-29 01:00:00","58261582","65426078","-7164496","70815.20992028758"
"2024-03-29 02:00:00","57022082","73454794","-16432712","70574.62639379571"
"2024-03-29 03:00:00","61235358","52129799","9105559","70812.32661293232"
"2024-03-29 04:00:00","63232350","66163220","-2930870","70708.41886208233"
"2024-03-29 05:00:00","55357258","70760866","-15403608","70850.7606934941"
"2024-03-29 06:00:00","45268742","60632460","-15363718","70843.84669122822"
"2024-03-29 07:00:00","55733546","78151576","-22418030","70784.36073986137"
"2024-03-29 08:00:00","48511684","68776855","-20265171","70709.37678027674"
"2024-03-29 09:00:00","52949696","68640104","-15690408","70886.90480106465"
"2024-03-29 10:00:00","56819487","74820278","-18000791","70625.01899485699"
"2024-03-29 11:00:00","54689966","71090898","-16400932","70448.30871186533"
"2024-03-29 12:00:00","60116695","59964446","152249","70362.75233825651"
"2024-03-29 13:00:00","57133116","63581369","-6448253","70251.97463676521"
"2024-03-29 14:00:00","58625367","58658147","-32780","70451.31578677984"
"2024-03-29 15:00:00","57724955","56729771","995184","69830.63218144486"
"2024-03-29 16:00:00","54661295","45819985","8841310","69981.71013400792"
"2024-03-29 17:00:00","52967247","52329883","637364","69733.31881884785"
"2024-03-29 18:00:00","54798764","53454545","1344219","70006.68355168335"
"2024-03-29 19:00:00","52103298","51247526","855772","70201.78743378406"
"2024-03-29 20:00:00","50332992","52680143","-2347151","70066.57807281087"
"2024-03-29 21:00:00","48630554","55749660","-7119106","70468.38335234374"
"2024-03-29 22:00:00","49664786","58043643","-8378857","70282.26032838538"
"2024-03-29 23:00:00","52454219","46983807","5470412","69352.22348697938"
"2024-03-30 00:00:00","60249735","37984248","22265487","69257.98125830502"
"2024-03-30 01:00:00","59350490","46462118","12888372","69363.97463512508"
"2024-03-30 02:00:00","62494930","53688538","8806392","69498.57412749052"
"2024-03-30 03:00:00","60043412","57840256","2203156","69642.34493621123"
"2024-03-30 04:00:00","60341312","48428778","11912534","69625.75904678754"
"2024-03-30 05:00:00","61343928","50518021","10825907","69462.00912132258"
"2024-03-30 06:00:00","62309842","51721623","10588219","69838.23361001986"
"2024-03-30 07:00:00","47957885","53420548","-5462663","69943.38635334256"
"2024-03-30 08:00:00","52666493","49129536","3536957","69921.74597898709"
"2024-03-30 09:00:00","50189352","49139789","1049563","70100.62687783873"
"2024-03-30 10:00:00","51291915","50076987","1214928","69985.48668364417"
"2024-03-30 11:00:00","44140040","45833269","-1693229","69853.08500878577"
"2024-03-30 12:00:00","51448674","48203652","3245022","70072.42317146165"
"2024-03-30 13:00:00","50831340","55591365","-4760025","70080.66855758245"
"2024-03-30 14:00:00","54118542","53961463","157079","70063.59524215509"
"2024-03-30 15:00:00","56363857","51528124","4835733","69957.89232565773"
"2024-03-30 16:00:00","54803583","49680109","5123474","70010.54791661777"
"2024-03-30 17:00:00","60253009","58789305","1463704","70075.04735732403"
"2024-03-30 18:00:00","64319238","60910157","3409081","70084.38535242643"
"2024-03-30 19:00:00","62239146","60012314","2226832","70231.47306940609"
"2024-03-30 20:00:00","62228428","56080508","6147920","70213.32828246553"
"2024-03-30 21:00:00","60760773","57066021","3694752","70198.13392602689"
"2024-03-30 22:00:00","64372139","58115216","6256923","70108.66709458598"
"2024-03-30 23:00:00","64782515","57531933","7250582","70021.25403263097"
"2024-03-31 00:00:00","63037722","60560781","2476941","70248.752614234"
"2024-03-31 01:00:00","58425026","61437662","-3012636","70111.65176959653"
"2024-03-31 02:00:00","66020868","59104701","6916167","70016.6603439262"
"2024-03-31 03:00:00","69693870","56572013","13121857","69913.41445170116"
"2024-03-31 04:00:00","56641070","56597673","43397","69888.59072004235"
"2024-03-31 05:00:00","61096152","57058740","4037412","69792.56514896722"
"2024-03-31 06:00:00","53203854","37173367","16030487","69737.75156337052"
"2024-03-31 07:00:00","62403716","46437483","15966233","69680.95375975005"
"2024-03-31 08:00:00","65394787","50592630","14802157","69920.27358990387"
"2024-03-31 09:00:00","56052302","49570946","6481356","70052.63098707763"
"2024-03-31 10:00:00","54398539","56487364","-2088825","69994.61469498934"
"2024-03-31 11:00:00","50492866","61152494","-10659628","69933.3807005826"
"2024-03-31 12:00:00","53153583","56810147","-3656564","70118.05643297565"
"2024-03-31 13:00:00","48322149","59623726","-11301577","70356.59141353109"
"2024-03-31 14:00:00","44080224","62702009","-18621785","70303.55358731779"
"2024-03-31 15:00:00","47296565","61490188","-14193623","70336.19521996459"
"2024-03-31 16:00:00","46677665","60400778","-13723113","70269.87796468932"
"2024-03-31 17:00:00","52642903","64658916","-12016013","70265.69159411732"
"2024-03-31 18:00:00","48753598","61312427","-12558829","70255.95896974255"
"2024-03-31 19:00:00","52435557","64987839","-12552282","70404.22677007318"
"2024-03-31 20:00:00","53021201","75039332","-22018131","70470.87032878787"
"2024-03-31 21:00:00","52580917","75933778","-23352861","70673.7190308212"
"2024-03-31 22:00:00","46691558","65593863","-18902305","70595.22064863663"
"2024-03-31 23:00:00","49620713","66573612","-16952899","70389.6154448635"
"2024-04-01 00:00:00","51121264","67858215","-16736951","70505.16820060142"
"2024-04-01 01:00:00","51358887","65092684","-13733797","70502.84920918738"
"2024-04-01 02:00:00","71207615","67599912","3607703","71146.78373011366"
"2024-04-01 03:00:00","57447917","81048074","-23600157","71061.59754139498"
"2024-04-01 04:00:00","56795045","82417633","-25622588","70892.1543332055"
"2024-04-01 05:00:00","55844100","75541600","-19697500","70747.73579972821"
"2024-04-01 06:00:00","56657578","57911451","-1253873","70993.40607369224"
"2024-04-01 07:00:00","68371080","83523047","-15151967","71306.58621900939"
"2024-04-01 08:00:00","51426541","95802540","-44375999","71007.33735232982"
"2024-04-01 09:00:00","67477069","86247114","-18770045","70890.45630484141"
"2024-04-01 10:00:00","73087977","70358247","2729730","70901.63711943726"
"2024-04-01 11:00:00","64118870","80086069","-15967199","70632.07426546919"
"2024-04-01 12:00:00","73044954","59871020","13173934","70499.57903371884"
"2024-04-01 13:00:00","71842949","60494799","11348150","69265.81217325882"
"2024-04-01 14:00:00","53349542","39198567","14150975","69645.56961846925"
"2024-04-01 15:00:00","49798565","60170733","-10372168","69680.2316422506"
"2024-04-01 16:00:00","52328819","51620805","708014","69440.80889631645"
"2024-04-01 17:00:00","58605856","54468860","4136996","69454.89178156291"
"2024-04-01 18:00:00","55972722","47802655","8170067","69511.95868015973"
"2024-04-01 19:00:00","49870795","53536297","-3665502","69504.05752748458"
"2024-04-01 20:00:00","50969542","52876294","-1906752","69797.33020179934"
"2024-04-01 21:00:00","58058109","56479393","1578716","70001.22550605983"
"2024-04-01 22:00:00","43575794","44793494","-1217700","69187.565244475"
"2024-04-01 23:00:00","69188699","48807548","20381151","68547.60615266423"
"2024-04-02 00:00:00","70144864","45091443","25053421","68729.47072032507"
"2024-04-02 01:00:00","71370306","55095252","16275054","68612.60450087384"
"2024-04-02 02:00:00","50309816","50708967","-399151","68926.19672042821"
"2024-04-02 03:00:00","48746630","49735537","-988907","69500.1918894095"
"2024-04-02 04:00:00","46259147","56286826","-10027679","69746.9223713792"
"2024-04-02 05:00:00","43653557","63921790","-20268233","69622.53348276869"
"2024-04-02 06:00:00","41030566","59007344","-17976778","69766.80068439581"
"2024-04-02 07:00:00","49983112","69810134","-19827022","69774.60068902884"
"2024-04-02 08:00:00","48553712","71671653","-23117941","69224.87319692383"
"2024-04-02 09:00:00","54691429","55387665","-696236","69498.77306075033"
"2024-04-02 10:00:00","55881500","61560506","-5679006","67131.0377384028"
"2024-04-02 11:00:00","35601098","40725319","-5124221","66720.23834663445"
"2024-04-02 12:00:00","58164776","51361813","6802963","66648.1943990761"
"2024-04-02 13:00:00","54958342","54255753","702589","66786.36603751798"
"2024-04-02 14:00:00","49116945","49709856","-592911","66921.5649561368"
"2024-04-02 15:00:00","48664360","54323189","-5658829","66536.65246904547"
"2024-04-02 16:00:00","50116744","41786447","8330297","66335.81878898838"
"2024-04-02 17:00:00","61577877","48602803","12975074","66120.75115564495"
"2024-04-02 18:00:00","58124064","49326782","8797282","66035.4489258343"
"2024-04-02 19:00:00","45426902","48630181","-3203279","65262.189247742404"
"2024-04-02 20:00:00","61287830","47725215","13562615","65500.01883367953"
"2024-04-02 21:00:00","72123903","52550003","19573900","65115.95193361648"
"2024-04-02 22:00:00","42303134","50846875","-8543741","65773.83384019646"
"2024-04-02 23:00:00","51482184","49006245","2475939","65106.24637406473"
"2024-04-03 00:00:00","53508668","40900520","12608148","65676.21438762886"
"2024-04-03 01:00:00","51053037","74790539","-23737502","65533.59729396393"
"2024-04-03 02:00:00","48752871","60811708","-12058837","65966.71434946136"
"2024-04-03 03:00:00","48256988","67234906","-18977918","66122.80964479432"
"2024-04-03 04:00:00","41157300","46852271","-5694971","65727.46295577193"
"2024-04-03 05:00:00","48383450","46790810","1592640","65603.27291483658"
"2024-04-03 06:00:00","38646075","42433383","-3787308","65800.73543101165"
"2024-04-03 07:00:00","45224933","56014460","-10789527","65512.19287157671"
"2024-04-03 08:00:00","52058403","45759248","6299155","65275.69919999818"
"2024-04-03 09:00:00","42518540","52655517","-10136977","65731.69080160541"
"2024-04-03 10:00:00","46493114","54272954","-7779840","65915.95575866498"
"2024-04-03 11:00:00","49337010","63780893","-14443883","66235.8882888729"
"2024-04-03 12:00:00","43935491","54686539","-10751048","66374.63349719034"
"2024-04-03 13:00:00","48778002","62794383","-14016381","66065.06831725282"
"2024-04-03 14:00:00","45603503","61438781","-15835278","66386.78422440686"
"2024-04-03 15:00:00","42199005","72526735","-30327730","66238.32789866214"
"2024-04-03 16:00:00","40595489","56664305","-16068816","66486.8388134596"
"2024-04-03 17:00:00","45251941","57574078","-12322137","66544.51295462128"
"2024-04-03 18:00:00","51089994","62824869","-11734875","66159.10147219276"
"2024-04-03 19:00:00","41801912","48840293","-7038381","65988.95535246187"
"2024-04-03 20:00:00","47315720","56545733","-9230013","65931.69828743675"
"2024-04-03 21:00:00","52671474","54566468","-1894994","65846.5975916062"
"2024-04-03 22:00:00","36690864","34448001","2242863","66528.70560288952"
"2024-04-03 23:00:00","48565849","67159598","-18593749","65922.53361962087"
"2024-04-04 00:00:00","57647834","52566140","5081694","66308.35606425682"
"2024-04-04 01:00:00","56409109","56093914","315195","66030.66136267145"
"2024-04-04 02:00:00","60170365","54243710","5926655","65827.57856309653"
"2024-04-04 03:00:00","49416745","59328701","-9911956","65914.14493177095"
"2024-04-04 04:00:00","53886414","50167584","3718830","65715.21334641956"
"2024-04-04 05:00:00","45027458","48885856","-3858398","65865.37753312287"
"2024-04-04 06:00:00","40061628","39853300","208328","66205.69410673252"
"2024-04-04 07:00:00","50796594","56531199","-5734605","66128.22041747406"
"2024-04-04 08:00:00","51286651","55194042","-3907391","66306.75384479237"
"2024-04-04 09:00:00","51134286","63599805","-12465519","66218.28172746648"
"2024-04-04 10:00:00","54622120","65315173","-10693053","65860.86495789138"
"2024-04-04 11:00:00","54875818","52303589","2572229","65684.92186061546"
"2024-04-04 12:00:00","60348277","54659548","5688729","65515.7487868591"
"2024-04-04 13:00:00","55551118","51218811","4332307","65559.36974549641"
"2024-04-04 14:00:00","55917238","43387352","12529886","65785.13286157286"
"2024-04-04 15:00:00","49786887","56793534","-7006647","66076.13905192648"
"2024-04-04 16:00:00","44363128","60448537","-16085409","66192.90618803001"
"2024-04-04 17:00:00","51749806","66657430","-14907624","66288.52410261348"
"2024-04-04 18:00:00","49934923","61168819","-11233896","66345.76179307402"
"2024-04-04 19:00:00","51123269","61823884","-10700615","66356.2446956024"
"2024-04-04 20:00:00","41204372","54625780","-13421408","66707.24196745131"
"2024-04-04 21:00:00","47860630","67414380","-19553750","67377.34499312488"
"2024-04-04 22:00:00","50241814","58403447","-8161633","67767.0524152298"
"2024-04-04 23:00:00","45089480","61137705","-16048225","67589.28274159745"
"2024-04-05 00:00:00","54291479","70776412","-16484933","67973.37695948368"
"2024-04-05 01:00:00","50349113","52324751","-1975638","68410.14988547201"
"2024-04-05 02:00:00","41774346","51340735","-9566389","68935.07872080329"
"2024-04-05 03:00:00","44547527","56563217","-12015690","68733.37870498354"
"2024-04-05 04:00:00","39121967","48306257","-9184290","67942.55892717394"
"2024-04-05 05:00:00","47384903","45023056","2361847","67806.20407718078"
"2024-04-05 06:00:00","43898114","43506079","392035","67946.67173167683"
"2024-04-05 07:00:00","53744172","55173153","-1428981","68532.34411935598"
"2024-04-05 08:00:00","56286418","65505153","-9218735","68637.03416679252"
"2024-04-05 09:00:00","58911923","67230489","-8318566","68077.1009023468"
"2024-04-05 10:00:00","57742096","61277437","-3535341","67629.36426661604"
"2024-04-05 11:00:00","66531325","58637597","7893728","67875.36021305987"
"2024-04-05 12:00:00","59621232","59843443","-222211","67682.93239491685"
"2024-04-05 13:00:00","65486662","58227187","7259475","66939.5254602684"
"2024-04-05 14:00:00","55623051","61850643","-6227592","67080.34475803853"
"2024-04-05 15:00:00","53763111","60463625","-6700514","66905.79287395276"
"2024-04-05 16:00:00","55684146","55761222","-77076","67144.14368035998"
"2024-04-05 17:00:00","55269483","54570976","698507","66743.91513837635"
"2024-04-05 18:00:00","62048309","53521341","8526968","67039.77248089992"
"2024-04-05 19:00:00","59491806","56589234","2902572","66551.46710191929"
"2024-04-05 20:00:00","65076373","54662265","10414108","66502.84898010718"
"2024-04-05 21:00:00","47109668","69341259","-22231591","67373.480372401"
"2024-04-05 22:00:00","61846926","66337185","-4490259","68197.23059259186"
"2024-04-05 23:00:00","56716432","62365596","-5649164","67965.81145482157"
"2024-04-06 00:00:00","52025982","55780790","-3754808","67883.83173753956"
"2024-04-06 01:00:00","60933768","63015845","-2082077","67550.1693427073"
"2024-04-06 02:00:00","66005280","60717612","5287668","67591.05901764693"
"2024-04-06 03:00:00","61994456","62950701","-956245","67577.10178837851"
"2024-04-06 04:00:00","56632498","54468971","2163527","67693.79058726647"
"2024-04-06 05:00:00","53788618","57790740","-4002122","67683.2099674458"
"2024-04-06 06:00:00","57352724","50132340","7220384","67732.16808857731"
"2024-04-06 07:00:00","57944691","55443419","2501272","67930.82862287544"
"2024-04-06 08:00:00","52849926","56080906","-3230980","67992.18856258775"
"2024-04-06 09:00:00","48089145","60131143","-12041998","67787.0021774829"
"2024-04-06 10:00:00","48785218","52480604","-3695386","67641.25304766529"
"2024-04-06 11:00:00","56047342","51400810","4646532","67809.21529359926"
"2024-04-06 12:00:00","45894133","52781886","-6887753","67760.16153939383"
"2024-04-06 13:00:00","49676693","59303712","-9627019","68060.92434356191"
"2024-04-06 14:00:00","45605182","62124010","-16518828","68152.93928619349"
"2024-04-06 15:00:00","49127761","61645956","-12518195","68051.91341650445"
"2024-04-06 16:00:00","49418696","58678965","-9260269","68044.0185017218"
"2024-04-06 17:00:00","52379485","62284270","-9904785","67915.03165985027"
"2024-04-06 18:00:00","50154561","56258420","-6103859","67868.93267693583"
"2024-04-06 19:00:00","51270290","63580680","-12310390","67747.67914629319"
"2024-04-06 20:00:00","56914283","56916965","-2682","67772.63466115683"
"2024-04-06 21:00:00","63867794","58307386","5560408","67715.64807007402"
"2024-04-06 22:00:00","75451074","58932610","16518464","68009.3198378648"
"2024-04-06 23:00:00","60955559","59939636","1015923","68140.35451773161"
"2024-04-07 00:00:00","58189796","70316141","-12126345","68117.49986212417"
"2024-04-07 01:00:00","57534559","73570823","-16036264","68268.26868141936"
"2024-04-07 02:00:00","58186179","62841219","-4655040","68316.41741875758"
"2024-04-07 03:00:00","60608395","81810603","-21202208","68375.58000403698"
"2024-04-07 04:00:00","55889548","74453162","-18563614","68358.10104644446"
"2024-04-07 05:00:00","61909172","65015927","-3106755","68356.03747611285"
"2024-04-07 06:00:00","46003400","53387942","-7384542","69019.6817875627"
"2024-04-07 07:00:00","57874046","67936872","-10062826","68937.12239962883"
"2024-04-07 08:00:00","52670524","50956587","1713937","69036.75374678211"
"2024-04-07 09:00:00","66018775","59666715","6352060","69583.34492332423"
"2024-04-07 10:00:00","65550997","88849765","-23298768","69352.13238679984"
"2024-04-07 11:00:00","59655936","69675656","-10019720","69411.2427756845"
"2024-04-07 12:00:00","73656117","78493700","-4837583","69324.97344529921"
"2024-04-07 13:00:00","61564162","83858328","-22294166","69426.32785105926"
"2024-04-07 14:00:00","70445042","92438943","-21993901","69297.70372883511"
"2024-04-07 15:00:00","68140234","63318286","4821948","69435.85816509539"
"2024-04-07 16:00:00","71083355","96070705","-24987350","69542.41556281054"
"2024-04-07 17:00:00","73929550","80368589","-6439039","69330.62826792296"
"2024-04-07 18:00:00","69664994","70392547","-727553","69407.42992320558"
"2024-04-07 19:00:00","74167722","76501477","-2333755","69401.88917550338"
"2024-04-07 20:00:00","71298774","78474399","-7175625","69359.99617125506"
"2024-04-07 21:00:00","71939053","80517693","-8578640","69431.16945939534"
"2024-04-07 22:00:00","79434835","87064100","-7629265","69528.01214870586"
"2024-04-07 23:00:00","65830723","86045998","-20215275","69643.45785799906"
"2024-04-08 00:00:00","70567826","87259739","-16691913","70211.25749569191"
"2024-04-08 01:00:00","58992027","70951447","-11959420","69768.32099710441"
"2024-04-08 02:00:00","56426912","65902037","-9475125","69436.38124813787"
"2024-04-08 03:00:00","68463353","60984275","7479078","69126.547198408"
"2024-04-08 04:00:00","60478884","54166592","6312292","69340.43171321493"
"2024-04-08 05:00:00","60153482","57289105","2864377","69068.3362095611"
"2024-04-08 06:00:00","47932281","44992205","2940076","69250.37159046561"
"2024-04-08 07:00:00","60412239","61407524","-995285","69396.71294395102"
"2024-04-08 08:00:00","62385087","63047644","-662557","69296.43235193568"
"2024-04-08 09:00:00","66457375","60250799","6206576","69576.66824290156"
"2024-04-08 10:00:00","61160071","63237867","-2077796","69198.29175723903"
"2024-04-08 11:00:00","66595268","58317595","8277673","69438.51245397392"
"2024-04-08 12:00:00","65747652","67971666","-2224014","69386.2350295249"
"2024-04-08 13:00:00","73022211","62559706","10462505","69703.23837538985"
"2024-04-08 14:00:00","59774966","72208686","-12433720","69713.79597323056"
"2024-04-08 15:00:00","53373390","72891544","-19518154","70627.9914320909"
"2024-04-08 16:00:00","50359633","86861934","-36502301","71527.59540902423"
"2024-04-08 17:00:00","49582357","73573528","-23991171","72175.89205368234"
"2024-04-08 18:00:00","55141211","83760604","-28619393","72161.8843545995"
"2024-04-08 19:00:00","55917096","101408559","-45491463","72283.11808032579"
"2024-04-08 20:00:00","58770274","105763877","-46993603","72235.04834579634"
"2024-04-08 21:00:00","54315816","79455812","-25139996","71856.04972629441"
"2024-04-08 22:00:00","52244209","64154020","-11909811","71666.47682615898"
"2024-04-08 23:00:00","50192663","56787687","-6595024","71827.9788061896"
"2024-04-09 00:00:00","52333211","66883610","-14550399","71761.70374463522"
"2024-04-09 01:00:00","54221106","84848152","-30627046","71655.46497940831"
"2024-04-09 02:00:00","60347963","73488903","-13140940","71934.72819318275"
"2024-04-09 03:00:00","62428480","76510780","-14082300","71751.84490754601"
"2024-04-09 04:00:00","45349779","55455072","-10105293","71687.70615780249"
"2024-04-09 05:00:00","57025211","56412429","612782","71662.16849340193"
"2024-04-09 06:00:00","43836171","58324750","-14488579","71752.59007521534"
"2024-04-09 07:00:00","56135707","70109952","-13974245","71641.96317347861"
"2024-04-09 08:00:00","55580591","60911672","-5331081","71439.54736902619"
"2024-04-09 09:00:00","57825311","62172924","-4347613","71256.3012470058"
"2024-04-09 10:00:00","54841432","59436830","-4595398","71496.92669875079"
"2024-04-09 11:00:00","58140164","63358809","-5218645","71279.19348605258"
"2024-04-09 12:00:00","54405485","56248038","-1842553","71217.73854979755"
"2024-04-09 13:00:00","58830923","59537366","-706443","71003.3503221103"
"2024-04-09 14:00:00","62840879","58105401","4735478","70760.17316960469"
"2024-04-09 15:00:00","68066260","51792859","16273401","70336.40421084044"
"2024-04-09 16:00:00","71864460","55248310","16616150","70348.61439404509"
"2024-04-09 17:00:00","52068194","50037425","2030769","70329.43969097966"
"2024-04-09 18:00:00","64920183","54684772","10235411","70567.48385473392"
"2024-04-09 19:00:00","58949635","53514039","5435596","70735.81271911072"
"2024-04-09 20:00:00","61162900","59378276","1784624","70792.12066536974"
"2024-04-09 21:00:00","58562418","55378726","3183692","70367.92301532552"
"2024-04-09 22:00:00","73545413","55297871","18247542","69312.36400108917"
"2024-04-09 23:00:00","51633911","49332735","2301176","69037.2856664673"
"2024-04-10 00:00:00","68347220","57421354","10925866","68724.28980264347"
"2024-04-10 01:00:00","74740166","57553151","17187015","68887.49043029088"
"2024-04-10 02:00:00","66574143","59030843","7543300","68854.14190266884"
"2024-04-10 03:00:00","68150504","60142626","8007878","69027.98986608932"
"2024-04-10 04:00:00","59402151","51714720","7687431","69076.68956633189"
"2024-04-10 05:00:00","62680353","53244149","9436204","69200.99720087263"
"2024-04-10 06:00:00","57195469","45793407","11402062","69353.86340536783"
"2024-04-10 07:00:00","65173447","60624528","4548919","69055.67747869605"
"2024-04-10 08:00:00","64273810","59660186","4613624","69151.14398703651"
"2024-04-10 09:00:00","67542803","63971556","3571247","69015.2584457801"
"2024-04-10 10:00:00","54028907","60196322","-6167415","68765.46650331271"
"2024-04-10 11:00:00","71444041","51481499","19962542","69132.38580158907"
"2024-04-10 12:00:00","55163293","59357052","-4193759","69162.67651999815"
"2024-04-10 13:00:00","60394137","57854928","2539209","69310.69658181707"
"2024-04-10 14:00:00","61164199","62854387","-1690188","69371.45630619307"
"2024-04-10 15:00:00","55953034","70812386","-14859352","69386.05939023994"
"2024-04-10 16:00:00","55714256","65285473","-9571217","69014.47971484638"
"2024-04-10 17:00:00","61422601","56239789","5182812","69055.18206623872"
"2024-04-10 18:00:00","62142583","57905981","4236602","68825.85256868217"
"2024-04-10 19:00:00","64188525","56001385","8187140","69003.67887636746"
"2024-04-10 20:00:00","65517956","66772920","-1254964","68104.32055838751"
"2024-04-10 21:00:00","71700042","51724178","19975864","68159.69605775886"
"2024-04-10 22:00:00","67491864","53001866","14489998","68679.0126461306"
"2024-04-10 23:00:00","65165927","67445004","-2279077","68688.19170856547"
"2024-04-11 00:00:00","65945363","79423216","-13477853","69340.53759319868"
"2024-04-11 01:00:00","64436796","67149068","-2712272","69330.85257500621"
"2024-04-11 02:00:00","49669582","58396927","-8727345","69348.99861348516"
"2024-04-11 03:00:00","63079540","67026854","-3947314","69851.09941093472"
"2024-04-11 04:00:00","47948571","56231674","-8283103","69791.89089352451"
"2024-04-11 05:00:00","59724469","65757371","-6032902","69970.84738471443"
"2024-04-11 06:00:00","49171938","48333883","838055","70539.04197243875"
"2024-04-11 07:00:00","61775697","58570994","3204703","70519.63744350213"
"2024-04-11 08:00:00","60725802","63880701","-3154899","70419.12078538265"
"2024-04-11 09:00:00","56601487","68496209","-11894722","70632.70197517611"
"2024-04-11 10:00:00","63599130","70331842","-6732712","70888.5553976562"
"2024-04-11 11:00:00","58774266","80267772","-21493506","70874.87207453286"
"2024-04-11 12:00:00","62309317","74797544","-12488227","70546.04921745739"
"2024-04-11 13:00:00","61979251","68888715","-6909464","70553.69512548475"
"2024-04-11 14:00:00","62041664","67004926","-4963262","70715.75570440861"
"2024-04-11 15:00:00","61605456","62987859","-1382403","70752.2051524831"
"2024-04-11 16:00:00","55591556","65590601","-9999045","71128.77512929052"
"2024-04-11 17:00:00","59934486","82548217","-22613731","70690.16979388412"
"2024-04-11 18:00:00","59584016","71167614","-11583598","70548.18402439152"
"2024-04-11 19:00:00","55025988","64023969","-8997981","70071.97097244578"
"2024-04-11 20:00:00","71260558","57292417","13968141","70844.91102215077"
"2024-04-11 21:00:00","60383231","70269227","-9885996","70073.95709935205"
"2024-04-11 22:00:00","56331784","60148149","-3816365","69963.89376303174"
"2024-04-11 23:00:00","63474751","60652052","2822699","69855.77951963666"
"2024-04-12 00:00:00","63254374","60590159","2664215","69912.59832344257"
"2024-04-12 01:00:00","77052778","61884937","15167841","70189.27016010466"
"2024-04-12 02:00:00","69953178","67271328","2681850","70086.80192120385"
"2024-04-12 03:00:00","67110676","68930433","-1819757","70355.9181099806"
"2024-04-12 04:00:00","60833324","59732039","1101285","70539.56111915631"
"2024-04-12 05:00:00","59419451","68631915","-9212464","70209.07053399053"
"2024-04-12 06:00:00","51564406","46729168","4835238","70214.516190417"
"2024-04-12 07:00:00","67277336","67002128","275208","70093.98404213322"
"2024-04-12 08:00:00","66143354","59326980","6816374","70301.0935342161"
"2024-04-12 09:00:00","63614258","67269092","-3654834","70310.78517512682"
"2024-04-12 10:00:00","62553625","65067165","-2513540","70701.59856155008"
"2024-04-12 11:00:00","64064640","75021583","-10956943","70949.57545338564"
"2024-04-12 12:00:00","59615636","81557444","-21941808","71048.42845362515"
"2024-04-12 13:00:00","58197716","81969888","-23772172","70950.10131228168"
"2024-04-12 14:00:00","57301821","77522761","-20220940","70933.17437076298"
"2024-04-12 15:00:00","64355452","76725625","-12370173","70659.97187193605"
"2024-04-12 16:00:00","55003848","65504775","-10500927","70806.32808472253"
"2024-04-12 17:00:00","58895749","70933678","-12037929","70629.20099695046"
"2024-04-12 18:00:00","64324269","74823125","-10498856","70805.36079703031"
"2024-04-12 19:00:00","65009012","73640519","-8631507","70873.48724252696"
"2024-04-12 20:00:00","60700098","81751277","-21051179","70500.0683715993"
"2024-04-12 21:00:00","64385372","72865284","-8479912","69829.63249622536"
"2024-04-12 22:00:00","73381323","51411930","21969393","69467.94125803528"
"2024-04-12 23:00:00","73150381","61968642","11181739","69330.14579642439"
"2024-04-13 00:00:00","72511028","64894415","7616613","68879.6098269844"
"2024-04-13 01:00:00","69803991","66006675","3797316","68114.52682865328"
"2024-04-13 02:00:00","56434502","62395349","-5960847","66712.99076293324"
"2024-04-13 03:00:00","49967845","48525485","1442360","67050.64526906551"
"2024-04-13 04:00:00","61565006","58334171","3230835","67162.93445628833"
"2024-04-13 05:00:00","57653372","52305890","5347482","66912.12900052466"
"2024-04-13 06:00:00","55232958","55420185","-187227","67133.15661034905"
"2024-04-13 07:00:00","60024755","53520917","6503838","67297.32530484532"
"2024-04-13 08:00:00","54692566","57013398","-2320832","67043.73072652007"
"2024-04-13 09:00:00","56525486","60625810","-4100324","65967.65181359682"
"2024-04-13 10:00:00","62478890","50102856","12376034","66653.42487770153"
"2024-04-13 11:00:00","51058400","63803765","-12745365","67186.99209450425"
"2024-04-13 12:00:00","54818425","59589216","-4770791","67588.50196034514"
"2024-04-13 13:00:00","53927786","51486023","2441763","67568.38294556188"
"2024-04-13 14:00:00","61737798","54855012","6882786","67563.94021897225"
"2024-04-13 15:00:00","55760005","58126847","-2366842","67524.36246761437"
"2024-04-13 16:00:00","58504091","57979207","524884","67269.76315264744"
"2024-04-13 17:00:00","61733179","56764460","4968719","67525.34243134744"
"2024-04-13 18:00:00","67981886","61191533","6790353","67560.39724538033"
"2024-04-13 19:00:00","63033930","63316099","-282169","67460.91112553384"
"2024-04-13 20:00:00","59238806","61684053","-2445247","67685.31179425861"
"2024-04-13 21:00:00","61778999","67784165","-6005166","67692.09525169092"
"2024-04-13 22:00:00","58862566","69042538","-10179972","67637.36132826644"
"2024-04-13 23:00:00","62377884","72206810","-9828926","67851.292237098"
"2024-04-14 00:00:00","53729785","69125801","-15396016","67551.83887451817"
"2024-04-14 01:00:00","56931418","56740940","190478","66933.46732272719"
"2024-04-14 02:00:00","55358518","63581893","-8223375","67217.7678931224"
"2024-04-14 03:00:00","57451314","56836860","614454","65269.47026655488"
"2024-04-14 04:00:00","30170420","40404547","-10234127","62144.370200038546"
"2024-04-14 05:00:00","38871291","43335413","-4464122","62684.97753316801"
"2024-04-14 06:00:00","34099665","34223453","-123788","64624.09166853184"
"2024-04-14 07:00:00","45877810","43971339","1906471","64544.50331298857"
"2024-04-14 08:00:00","39060795","43159944","-4099149","64073.337637508404"
"2024-04-14 09:00:00","51215345","47855178","3360167","64175.62952041403"
"2024-04-14 10:00:00","49972358","53300489","-3328131","63337.54285712682"
"2024-04-14 11:00:00","58690563","48293766","10396797","63525.35544647195"
"2024-04-14 12:00:00","41287428","45110408","-3822980","64275.629073874494"
"2024-04-14 13:00:00","52490815","47918686","4572129","64698.08044526579"
"2024-04-14 14:00:00","49642797","43611650","6031147","64966.456781489636"
"2024-04-14 15:00:00","40914713","43761696","-2846983","64732.591329973075"
"2024-04-14 16:00:00","51570270","44243377","7326893","64777.25957728001"
"2024-04-14 17:00:00","46875687","44866011","2009676","64271.75235910224"
"2024-04-14 18:00:00","50190064","49153530","1036534","64772.21202337573"
"2024-04-14 19:00:00","56649199","51566420","5082779","64403.90151887911"
"2024-04-14 20:00:00","52078544","51334746","743798","64821.83743894947"
"2024-04-14 21:00:00","53613091","51984935","1628156","64719.133492191235"
"2024-04-14 22:00:00","49914243","55522660","-5608417","64201.17854403625"
"2024-04-14 23:00:00","49535470","51193429","-1657959","64391.72697437794"
"2024-04-15 00:00:00","45565552","52545502","-6979950","64654.55030721505"
"2024-04-15 01:00:00","54853071","58325787","-3472716","64109.14048674996"
"2024-04-15 02:00:00","46561882","51039779","-4477897","64715.395075024535"
"2024-04-15 03:00:00","51932335","54738746","-2806411","64494.1209811251"
"2024-04-15 04:00:00","46335433","53289408","-6953975","63934.06565786275"
"2024-04-15 05:00:00","50578945","57227842","-6648897","63746.427019319366"
"2024-04-15 06:00:00","38894038","38247331","646707","65417.91935662264"
"2024-04-15 07:00:00","47478302","52796911","-5318609","65728.43083871999"
"2024-04-15 08:00:00","41746904","69007008","-27260104","65672.03483751988"
"2024-04-15 09:00:00","49146209","59964196","-10817987","65332.10156602218"
"2024-04-15 10:00:00","48858957","50537277","-1678320","65229.93768551475"
"2024-04-15 11:00:00","49551543","54540136","-4988593","65218.68698152306"
"2024-04-15 12:00:00","54128739","53732044","396695","64941.04052801705"
"2024-04-15 13:00:00","49819820","48266265","1553555","65478.22899024174"
"2024-04-15 14:00:00","50740793","56631804","-5891011","66362.45751291212"
"2024-04-15 15:00:00","50798797","60768559","-9969762","66433.15499790544"
"2024-04-15 16:00:00","56187308","76772013","-20584705","66369.0315437002"
"2024-04-15 17:00:00","60478729","86239785","-25761056","66771.27172198423"
"2024-04-15 18:00:00","55528345","61331585","-5803240","66599.16227221026"
"2024-04-15 19:00:00","56354711","67288520","-10933809","66014.83090110056"
"2024-04-15 20:00:00","54872786","52271184","2601602","66121.3378705002"
"2024-04-15 21:00:00","54141137","59128388","-4987251","66107.00836599505"
"2024-04-15 22:00:00","57462315","50301143","7161172","64398.8258720055"
"2024-04-15 23:00:00","53203041","46575918","6627123","64535.3067314548"
"2024-04-16 00:00:00","50420098","53649783","-3229685","64212.78620480459"
"2024-04-16 01:00:00","64590055","59418437","5171618","63742.879062698106"
"2024-04-16 02:00:00","49542503","49939529","-397026","63472.58927165248"
"2024-04-16 03:00:00","66092631","47689782","18402849","63511.74290717941"
"2024-04-16 04:00:00","48943431","37542615","11400816","63184.341823311726"
"2024-04-16 05:00:00","53141293","43690955","9450338","63184.85540002932"
"2024-04-16 06:00:00","39479352","42577873","-3098521","63438.55917722462"
"2024-04-16 07:00:00","51616056","50520360","1095696","63397.28550005976"
"2024-04-16 08:00:00","54028277","47969643","6058634","63199.634023817285"
"2024-04-16 09:00:00","55542604","50092614","5449990","63319.908177902566"
"2024-04-16 10:00:00","57117701","44225613","12892088","63464.47290991865"
"2024-04-16 11:00:00","57946286","50807593","7138693","62961.3355145009"
"2024-04-16 12:00:00","59639042","47367914","12271128","62383.45571251491"
"2024-04-16 13:00:00","51585999","48528495","3057504","62749.38382861888"
"2024-04-16 14:00:00","63648592","55530597","8117995","63260.73116926452"
"2024-04-16 15:00:00","60066683","53182478","6884205","63649.010727879"
"2024-04-16 16:00:00","53373937","56352765","-2978828","63312.01772277777"
"2024-04-16 17:00:00","56680504","57911125","-1230621","63298.56591759146"
"2024-04-16 18:00:00","63283868","57515860","5768008","62542.285902986725"
"2024-04-16 19:00:00","56482132","52136688","4345444","63008.83863997929"
"2024-04-16 20:00:00","53202583","50039999","3162584","63091.60529136655"
"2024-04-16 21:00:00","55338819","51908922","3429897","62466.59476559009"
"2024-04-16 22:00:00","49963139","47096330","2866809","62294.28214315275"
"2024-04-16 23:00:00","66273617","45712027","20561590","61888.235730378765"
"2024-04-17 00:00:00","70368118","49210850","21157268","62172.036184153534"
"2024-04-17 01:00:00","43888940","52361950","-8473010","62692.905452170475"
"2024-04-17 02:00:00","52650525","50372297","2278228","62867.406510012195"
"2024-04-17 03:00:00","62982616","53679966","9302650","62795.246385897815"
"2024-04-17 04:00:00","57059386","49270889","7788497","62963.61826027804"
"2024-04-17 05:00:00","55730128","56025216","-295088","64119.098838558995"
"2024-04-17 06:00:00","40912671","42765389","-1852718","63774.150407940135"
"2024-04-17 07:00:00","53400272","70376957","-16976685","63748.78505942368"
"2024-04-17 08:00:00","48339087","68865421","-20526334","63831.46469374462"
"2024-04-17 09:00:00","54162722","81607306","-27444584","63904.9854758388"
"2024-04-17 10:00:00","52326724","84908113","-32581389","63866.70595065514"
"2024-04-17 11:00:00","54162521","75718507","-21555986","63829.81697366286"
"2024-04-17 12:00:00","49968549","70896589","-20928040","64210.80303575615"
"2024-04-17 13:00:00","59531498","58587875","943623","63983.75192186004"
"2024-04-17 14:00:00","52065552","51327046","738506","63844.378665252174"
"2024-04-17 15:00:00","56379472","51688489","4690983","63596.898686662265"
"2024-04-17 16:00:00","49468680","48919235","549445","63338.33815531525"
"2024-04-17 17:00:00","54474520","45772666","8701854","63412.48279928273"
"2024-04-17 18:00:00","59956429","51522140","8434289","62978.4707842406"
"2024-04-17 19:00:00","55848735","44591627","11257108","62885.34401449564"
"2024-04-17 20:00:00","55738639","47963567","7775072","62393.6109884557"
"2024-04-17 21:00:00","63144010","50843257","12300753","62678.52419031708"
"2024-04-17 22:00:00","60979841","52273508","8706333","61476.88174000837"
"2024-04-17 23:00:00","53474355","47139762","6334593","60409.54607464031"
"2024-04-18 00:00:00","63846024","48018655","15827369","60337.78958205901"
"2024-04-18 01:00:00","60034653","48935649","11099004","61053.663436408264"
"2024-04-18 02:00:00","55666330","52924544","2741786","61641.62014084292"
"2024-04-18 03:00:00","61344566","56465064","4879502","61184.36870679401"
"2024-04-18 04:00:00","53599404","40742019","12857385","60848.790764151985"
"2024-04-18 05:00:00","60967797","50055480","10912317","61311.79548750131"
"2024-04-18 06:00:00","41133617","43734562","-2600945","61584.64655807743"
"2024-04-18 07:00:00","55562057","53407344","2154713","61281.17367486656"
"2024-04-18 08:00:00","57201100","48749715","8451385","61282.45913018376"
"2024-04-18 09:00:00","55418217","54762277","655940","61553.821761586936"
"2024-04-18 10:00:00","53398331","56092229","-2693898","61664.34246435136"
"2024-04-18 11:00:00","62794935","57994937","4799998","61975.86700372515"
"2024-04-18 12:00:00","60246805","59064903","1181902","61626.05092088633"
"2024-04-18 13:00:00","59631982","56055404","3576578","61301.52302908452"
"2024-04-18 14:00:00","56987044","48393449","8593595","61097.996695725975"
"2024-04-18 15:00:00","56424922","55262761","1162161","61147.50333711099"
"2024-04-18 16:00:00","58378809","51608140","6770669","61459.61973327516"
"2024-04-18 17:00:00","56908388","52404238","4504150","61547.857561585944"
"2024-04-18 18:00:00","59865451","55331776","4533675","61770.224884552634"
"2024-04-18 19:00:00","55502131","74701775","-19199644","62722.46419050586"
"2024-04-18 20:00:00","54838324","53182511","1655813","62266.84471259476"
"2024-04-18 21:00:00","55052737","50867274","4185463","62556.569564641504"
"2024-04-18 22:00:00","48474522","45601957","2872565","63668.342270320536"
"2024-04-18 23:00:00","52963929","65390337","-12426408","63648.25154164868"
"2024-04-19 00:00:00","59394936","56159234","3235702","63603.899504475536"
"2024-04-19 01:00:00","61753721","57776003","3977718","63076.344294457725"
"2024-04-19 02:00:00","58508859","50735812","7773047","63126.597890474324"
"2024-04-19 03:00:00","62714883","55072732","7642151","63457.918521926134"
"2024-04-19 04:00:00","49524048","57640348","-8116300","63483.28942112077"
"2024-04-19 05:00:00","55418040","55133417","284623","63646.73657570307"
"2024-04-19 06:00:00","47088476","45867799","1220677","63542.834974551435"
"2024-04-19 07:00:00","60524409","59154488","1369921","63481.53748869561"
"2024-04-19 08:00:00","57725746","60205521","-2479775","62964.10612687448"
"2024-04-19 09:00:00","59583147","49369537","10213610","61186.169294330495"
"2024-04-19 10:00:00","59060109","50944834","8115275","60743.83547717715"
"2024-04-19 11:00:00","40346636","49979247","-9632611","61852.47437355292"
"2024-04-19 12:00:00","60001707","52282534","7719173","62443.80581748477"
"2024-04-19 13:00:00","60724834","53592017","7132817","62059.30612454033"
"2024-04-19 14:00:00","52858982","48413805","4445177","63676.23844541826"
"2024-04-19 15:00:00","43225828","55636799","-12410971","64542.79125936622"
"2024-04-19 16:00:00","55151662","57219273","-2067611","64531.76049225838"
"2024-04-19 17:00:00","51808813","63783712","-11974899","64883.078328281204"
"2024-04-19 18:00:00","59315502","64279282","-4963780","64794.46113306102"
"2024-04-19 19:00:00","56527003","65236080","-8709077","65095.42290207593"
"2024-04-19 20:00:00","60144522","60117160","27362","65157.11042761475"
"2024-04-19 21:00:00","61949715","61096800","852915","64903.910788570836"
"2024-04-19 22:00:00","56363660","64865737","-8502077","64363.732198586644"
"2024-04-19 23:00:00","60557099","62777850","-2220751","64558.31166569703"
"2024-04-20 00:00:00","52657121","64598225","-11941104","64102.98150789187"
"2024-04-20 01:00:00","55354127","55141039","213088","64665.90178125772"
"2024-04-20 02:00:00","54573007","66462622","-11889615","64238.62083562328"
"2024-04-20 03:00:00","58779306","57272413","1506893","64276.54721763769"
"2024-04-20 04:00:00","56558763","68340050","-11781287","63952.90463722311"
"2024-04-20 05:00:00","49439213","49380125","59088","64378.09423538466"
"2024-04-20 06:00:00","53774675","53819114","-44439","64190.47025493882"
"2024-04-20 07:00:00","55849299","50170652","5678647","63954.318696024064"
"2024-04-20 08:00:00","51030014","45443425","5586589","63605.722177331"
"2024-04-20 09:00:00","53935413","46933539","7001874","63756.36859994305"
"2024-04-20 10:00:00","51499973","50722908","777065","64027.217596761606"
"2024-04-20 11:00:00","52285830","49205622","3080208","63974.96844926665"
"2024-04-20 12:00:00","54252864","51735275","2517589","64246.638399061594"
"2024-04-20 13:00:00","53568294","53701308","-133014","64270.589375964126"
"2024-04-20 14:00:00","55092970","52740825","2352145","64217.67715617284"
"2024-04-20 15:00:00","56328936","56491246","-162310","64036.99472900699"
"2024-04-20 16:00:00","52584964","51319300","1265664","63802.86606416388"
"2024-04-20 17:00:00","58811966","58628548","183418","63539.80242628406"
"2024-04-20 18:00:00","59204085","54842323","4361762","63656.75610870009"
"2024-04-20 19:00:00","57743406","51707545","6035861","63753.47540117136"
"2024-04-20 20:00:00","59032365","61923676","-2891311","63832.04015017798"
"2024-04-20 21:00:00","59702307","63096061","-3393754","63923.12879100818"
"2024-04-20 22:00:00","54446001","58408259","-3962258","63990.80487136393"
"2024-04-20 23:00:00","59438413","62294027","-2855614","64810.5630122178"
"2024-04-21 00:00:00","56061349","70318787","-14257438","64799.56274827049"
"2024-04-21 01:00:00","57997454","63905841","-5908387","65309.42284967089"
"2024-04-21 02:00:00","56218503","64953455","-8734952","65024.18223523481"
"2024-04-21 03:00:00","60980814","57141778","3839036","64894.792906403"
"2024-04-21 04:00:00","58624677","59015484","-390807","64813.73231967709"
"2024-04-21 05:00:00","59755934","54200836","5555098","64789.04384731544"
"2024-04-21 06:00:00","39311096","47969563","-8658467","64696.22745523612"
"2024-04-21 07:00:00","58587967","57981916","606051","64979.56910235481"
"2024-04-21 08:00:00","53840030","61629034","-7789004","64740.223775146274"
"2024-04-21 09:00:00","55369537","61204601","-5835064","64985.29394444298"
"2024-04-21 10:00:00","60186419","57429869","2756550","65346.572966533"
"2024-04-21 11:00:00","61408269","65027371","-3619102","65266.773200411175"
"2024-04-21 12:00:00","59846200","55448992","4397208","65117.770795156386"
"2024-04-21 13:00:00","60119318","48872084","11247234","65088.04105157815"
"2024-04-21 14:00:00","60745224","56327113","4418111","65126.16263279669"
"2024-04-21 15:00:00","60670551","55083565","5586986","65132.24602259287"
"2024-04-21 16:00:00","63077317","59551020","3526297","65022.25418034682"
"2024-04-21 17:00:00","63728376","66501945","-2773569","64960.42114553753"
"2024-04-21 18:00:00","66922470","65064799","1857671","64980.176678134194"
"2024-04-21 19:00:00","62486385","68823676","-6337291","65307.50783532045"
"2024-04-21 20:00:00","62951029","69342505","-6391476","65161.59488141086"
"2024-04-21 21:00:00","67352457","61858509","5493948","64936.6826752825"
"2024-04-21 22:00:00","61585538","62962482","-1376944","64934.256437257776"
"2024-04-21 23:00:00","65952487","66138189","-185702","65098.7882524907"
"2024-04-22 00:00:00","62868101","84075210","-21207109","64602.43849504537"
"2024-04-22 01:00:00","57691953","52863357","4828596","64829.067309347396"
"2024-04-22 02:00:00","59176643","59645784","-469141","64821.91023453396"
"2024-04-22 03:00:00","55781221","56733722","-952501","64718.688203888945"
"2024-04-22 04:00:00","57827339","50969764","6857575","64629.084872926105"
"2024-04-22 05:00:00","58636640","60099132","-1462492","64809.987118745434"
"2024-04-22 06:00:00","40569883","48773246","-8203363","65033.13919983284"
"2024-04-22 07:00:00","61705633","78022208","-16316575","64956.85736824888"
"2024-04-22 08:00:00","58919863","79132211","-20212348","64878.55731928619"
"2024-04-22 09:00:00","60961769","78879379","-17917610","64781.227947025225"
"2024-04-22 10:00:00","61442299","51900088","9542211","64787.93351898222"
"2024-04-22 11:00:00","63479955","69336863","-5856908","65961.17419022984"
"2024-04-22 12:00:00","49184880","54871462","-5686582","65762.71368766767"
"2024-04-22 13:00:00","60547962","66535499","-5987537","66220.21015928501"
"2024-04-22 14:00:00","58178438","67808787","-9630349","66358.49542591581"
"2024-04-22 15:00:00","59240887","73742151","-14501264","66097.9436037269"
"2024-04-22 16:00:00","59076223","60841870","-1765647","66084.7278093986"
"2024-04-22 17:00:00","64673836","60804630","3869206","65963.47787670829"
"2024-04-22 18:00:00","69117488","62570472","6547016","66073.30800719354"
"2024-04-22 19:00:00","68926926","67860115","1066811","65948.1347021885"
"2024-04-22 20:00:00","64870763","70078659","-5207896","65919.85372552177"
"2024-04-22 21:00:00","65014787","63226633","1788154","66104.12829529238"
"2024-04-22 22:00:00","66866853","70193154","-3326301","66095.45626932"
"2024-04-22 23:00:00","67207345","63694839","3512506","66007.39680319735"
"2024-04-23 00:00:00","66227554","58534581","7692973","66112.34500727222"
"2024-04-23 01:00:00","69396375","68087666","1308709","66696.51860109065"
"2024-04-23 02:00:00","53786311","76702876","-22916565","66344.02998060817"
"2024-04-23 03:00:00","64624973","69737788","-5112815","66540.71242426231"
"2024-04-23 04:00:00","60454617","69362856","-8908239","66466.34652248309"
"2024-04-23 05:00:00","62962868","78184076","-15221208","66560.793463477"
"2024-04-23 06:00:00","46268215","60757425","-14489210","66829.97416926565"
"2024-04-23 07:00:00","56260303","67111355","-10851052","66878.2820440824"
"2024-04-23 08:00:00","64239484","59227332","5012152","66923.29016650624"
"2024-04-23 09:00:00","65590203","63978092","1612111","66863.33524678035"
"2024-04-23 10:00:00","68910592","56795299","12115293","66667.47388286116"
"2024-04-23 11:00:00","73867184","54065091","19802093","66566.4804432797"
"2024-04-23 12:00:00","62044222","57356808","4687414","66265.5982500274"
"2024-04-23 13:00:00","68901771","53494657","15407114","66541.60795576728"
"2024-04-23 14:00:00","66498522","53220640","13277882","66481.27024305785"
"2024-04-23 15:00:00","70809065","51967094","18841971","66124.00066657466"
"2024-04-23 16:00:00","65544762","47729706","17815056","66199.10323689257"
"2024-04-23 17:00:00","67950261","60950084","7000177","66139.38282363384"
"2024-04-23 18:00:00","71900499","60902509","10997990","66278.91638750525"
"2024-04-23 19:00:00","61728905","56564411","5164494","66004.94912398064"
"2024-04-23 20:00:00","73115266","58378350","14736916","66120.77353895626"
"2024-04-23 21:00:00","66623814","68190579","-1566765","66332.74451123811"
"2024-04-23 22:00:00","68284842","60028439","8256403","66836.52823209717"
"2024-04-23 23:00:00","72968268","72970078","-1810","66496.42947543426"
"2024-04-24 00:00:00","70979355","62048612","8930743","66752.63817153673"
"2024-04-24 01:00:00","70941960","73822615","-2880655","66759.16384284732"
"2024-04-24 02:00:00","69155295","71479868","-2324573","66732.1506566888"
"2024-04-24 03:00:00","59114864","68567198","-9452334","66487.43634932878"
"2024-04-24 04:00:00","65740872","61743874","3996998","66278.46773581405"
"2024-04-24 05:00:00","64691298","60573288","4118010","66335.99614761157"
"2024-04-24 06:00:00","57330383","55324406","2005977","66406.53259039021"
"2024-04-24 07:00:00","72798547","61220397","11578150","66391.10089892386"
"2024-04-24 08:00:00","68832508","58734822","10097686","66694.53559016436"
"2024-04-24 09:00:00","60891879","70454479","-9562600","66776.57065568367"
"2024-04-24 10:00:00","65067411","76776478","-11709067","66573.39138933002"
"2024-04-24 11:00:00","66537108","69791481","-3254373","66588.94953753793"
"2024-04-24 12:00:00","73269967","74700441","-1430474","66824.1409164233"
"2024-04-24 13:00:00","60689207","83150206","-22460999","66736.70672209225"
"2024-04-24 14:00:00","68117170","75708345","-7591175","66747.00544740965"
"2024-04-24 15:00:00","66814328","74879057","-8064729","66672.22257585406"
"2024-04-24 16:00:00","65594582","73410598","-7816016","66569.10801306495"
"2024-04-24 17:00:00","69601424","69356766","244658","66347.65971452594"
"2024-04-24 18:00:00","71740606","68530627","3209979","66410.22468938954"
"2024-04-24 19:00:00","73404503","67438823","5965680","66572.81504520541"
"2024-04-24 20:00:00","73042561","75863886","-2821325","66414.56056402689"
"2024-04-24 21:00:00","60861824","68056145","-7194321","66137.09741867158"
"2024-04-24 22:00:00","64112861","60848307","3264554","65076.91224666404"
"2024-04-24 23:00:00","58348061","56314122","2033939","64572.97341573113"
"2024-04-25 00:00:00","63949329","49936105","14013224","64697.28816585169"
"2024-04-25 01:00:00","64207197","59877963","4329234","64856.816762829294"
"2024-04-25 02:00:00","67446837","61544163","5902674","64508.725830389485"
"2024-04-25 03:00:00","66749141","59968414","6780727","64312.21529665769"
"2024-04-25 04:00:00","55976225","51884307","4091918","64061.105563255274"
"2024-04-25 05:00:00","65601267","58644735","6956532","64304.81184917134"
"2024-04-25 06:00:00","49464517","46028051","3436466","64149.56291753321"
"2024-04-25 07:00:00","59087451","58467807","619644","64226.61403633169"
"2024-04-25 08:00:00","60498265","55526310","4971955","64539.30944857184"
"2024-04-25 09:00:00","62463360","58801573","3661787","64108.370854764114"
"2024-04-25 10:00:00","64101886","61934744","2167142","64226.711859113464"
"2024-04-25 11:00:00","60554642","57112650","3441992","64311.6490494554"
"2024-04-25 12:00:00","56676471","60437851","-3761380","64316.20144502395"
"2024-04-25 13:00:00","59079953","60037052","-957099","64258.72688291761"
"2024-04-25 14:00:00","58794268","58921244","-126976","64238.955686080044"
"2024-04-25 15:00:00","57614035","59961657","-2347622","64006.02905404024"
"2024-04-25 16:00:00","63959912","58813237","5146675","63854.36372294674"
"2024-04-25 17:00:00","67249618","60452807","6796811","63903.93335105552"
"2024-04-25 18:00:00","66462794","61200446","5262348","63567.98705771199"
"2024-04-25 19:00:00","72925934","56532590","16393344","63851.83755340702"
"2024-04-25 20:00:00","56432911","61892270","-5459359","63702.84365021392"
"2024-04-25 21:00:00","69632775","54812115","14820660","63347.400933207784"
"2024-04-25 22:00:00","45217524","46120289","-902765","63303.15253545461"
"2024-04-25 23:00:00","62827597","57463223","5364374","63996.0639624881"
"2024-04-26 00:00:00","56979468","60885931","-3906463","64263.78188802499"
"2024-04-26 01:00:00","54796810","54706069","90741","64609.40716431576"
"2024-04-26 02:00:00","61912605","63267900","-1355295","64620.80649130183"
"2024-04-26 03:00:00","62115828","64451952","-2336124","64591.285694625454"
"2024-04-26 04:00:00","54756734","64373677","-9616943","64778.88437030258"
"2024-04-26 05:00:00","60810118","66946231","-6136113","64781.9636370942"
"2024-04-26 06:00:00","50102781","46915137","3187644","64582.53862076856"
"2024-04-26 07:00:00","63768173","57689227","6078946","64485.80128352446"
"2024-04-26 08:00:00","60805332","54064220","6741112","64254.051498683606"
"2024-04-26 09:00:00","63025284","62795905","229379","64470.167050202166"
"2024-04-26 10:00:00","64010192","57158589","6851603","64541.458696668284"
"2024-04-26 11:00:00","60887941","60315102","572839","64381.6100196197"
"2024-04-26 12:00:00","72399264","56760405","15638859","64269.06532527016"
"2024-04-26 13:00:00","65638273","59266437","6371836","64521.53570580245"
"2024-04-26 14:00:00","67893080","55062621","12830459","64325.1854673964"
"2024-04-26 15:00:00","68757524","62325107","6432417","64333.26075782114"
"2024-04-26 16:00:00","68002219","51025324","16976895","64313.74561673189"
"2024-04-26 17:00:00","63696042","58309798","5386244","64457.154917004606"
"2024-04-26 18:00:00","68588657","61359572","7229085","64177.85327310064"
"2024-04-26 19:00:00","65885159","60528034","5357125","64228.15738140141"
"2024-04-26 20:00:00","59647822","53708926","5938896","64049.47867170951"
"2024-04-26 21:00:00","65141002","61876237","3264765","64188.61186507482"
"2024-04-26 22:00:00","59028313","60857099","-1828786","63992.27816740285"
"2024-04-26 23:00:00","66519640","53280554","13239086","63459.52261324914"
"2024-04-27 00:00:00","64741203","52103703","12637500","63703.44707736114"
"2024-04-27 01:00:00","61129456","57805682","3323774","64019.79402128109"
"2024-04-27 02:00:00","64269905","58771238","5498667","63965.33551391002"
"2024-04-27 03:00:00","62829027","65678093","-2849066","63885.45611103744"
"2024-04-27 04:00:00","64355604","61175514","3180090","63914.448827813474"
"2024-04-27 05:00:00","63737985","58815241","4922744","63984.23763144919"
"2024-04-27 06:00:00","55889753","58806831","-2917078","63792.171506688836"
"2024-04-27 07:00:00","66790592","52133428","14657164","63774.416100038645"
"2024-04-27 08:00:00","60789756","53125067","7664689","62971.91916771532"
"2024-04-27 09:00:00","62734321","46399657","16334664","62651.64874989203"
"2024-04-27 10:00:00","67923301","50370423","17552878","62968.530781812886"
"2024-04-27 11:00:00","64126606","48904907","15221699","63081.147391398576"
"2024-04-27 12:00:00","55836903","52867010","2969893","63054.3327710644"
"2024-04-27 13:00:00","59824920","49022558","10802362","62996.4580152006"
"2024-04-27 14:00:00","59673234","49781414","9891820","63019.159107299325"
"2024-04-27 15:00:00","65541285","51222893","14318392","62998.76620198158"
"2024-04-27 16:00:00","64260041","53503626","10756415","63001.8049454488"
"2024-04-27 17:00:00","66714886","59600785","7114101","62945.14107775952"
"2024-04-27 18:00:00","64017099","56316750","7700349","62790.465719075866"
"2024-04-27 19:00:00","74810117","56926064","17884053","62879.133478365"
"2024-04-27 20:00:00","70591099","56388088","14203011","63000.72820403395"
"2024-04-27 21:00:00","62406278","58154231","4252047","63201.08731780418"
"2024-04-27 22:00:00","62145358","56839511","5305847","63130.362211532796"
"2024-04-27 23:00:00","63178484","54105963","9072521","62875.56689040094"
"2024-04-28 00:00:00","64014435","58819942","5194493","62852.68514363925"
"2024-04-28 01:00:00","60132138","52820012","7312126","63461.00401675994"
"2024-04-28 02:00:00","52116030","59107499","-6991469","63231.60866722004"
"2024-04-28 03:00:00","55659142","55699835","-40693","63329.42719451857"
"2024-04-28 04:00:00","56572306","56204304","368002","63226.629654537544"
"2024-04-28 05:00:00","61056065","59413048","1643017","63268.46402590912"
"2024-04-28 06:00:00","52893477","47882714","5010763","63241.647925530226"
"2024-04-28 07:00:00","63044171","58244592","4799579","63456.127661980456"
"2024-04-28 08:00:00","59679246","59258370","420876","63579.74596283207"
"2024-04-28 09:00:00","56536011","63521460","-6985449","63597.935864887855"
"2024-04-28 10:00:00","56081074","65019450","-8938376","63823.652266969184"
"2024-04-28 11:00:00","57445346","62029618","-4584272","64012.50349334196"
"2024-04-28 12:00:00","62915644","59747359","3168285","63824.57078972034"
"2024-04-28 13:00:00","56435040","55341496","1093544","63896.9939224521"
"2024-04-28 14:00:00","62990517","57991743","4998774","63954.4402218164"
"2024-04-28 15:00:00","59743773","59484433","259340","63889.583556565405"
"2024-04-28 16:00:00","65124703","59651036","5473667","63676.54005513633"
"2024-04-28 17:00:00","63030858","59529803","3501055","63681.95136681477"
"2024-04-28 18:00:00","65652953","55038466","10614487","63635.915563135604"
"2024-04-28 19:00:00","64689656","53957339","10732317","63459.10316459165"
"2024-04-28 20:00:00","61178786","53169701","8009085","63544.44826541838"
"2024-04-28 21:00:00","61122762","57094393","4028369","63738.19045588157"
"2024-04-28 22:00:00","62654079","57356793","5297286","63546.517669519475"
"2024-04-28 23:00:00","61779338","53458905","8320433","63554.22201429219"
"2024-04-29 00:00:00","67012981","53546839","13466142","63656.907980515505"
"2024-04-29 01:00:00","57887551","57497157","390394","63748.76994724812"
"2024-04-29 02:00:00","54304573","56862799","-2558226","63855.57555891182"
"2024-04-29 03:00:00","57966128","59314367","-1348239","63746.5234992479"
"2024-04-29 04:00:00","51618520","58670390","-7051870","63639.387988175855"
"2024-04-29 05:00:00","60110208","55853800","4256408","63592.693247360585"
"2024-04-29 06:00:00","46189494","44106872","2082622","63123.320933645715"
"2024-04-29 07:00:00","66925047","53354658","13570389","62987.3030420021"
"2024-04-29 08:00:00","66826735","51768645","15058090","63232.89016429139"
"2024-04-29 09:00:00","57352063","55834965","1517098","63193.91331239329"
"2024-04-29 10:00:00","58092326","53621037","4471289","62680.55460382208"
"2024-04-29 11:00:00","70787503","58081317","12706186","62598.27333250687"
"2024-04-29 12:00:00","77703209","53506702","24196507","62525.17570093849"
"2024-04-29 13:00:00","70844236","55552799","15291437","62412.395375033775"
"2024-04-29 14:00:00","71649618","52493893","19155725","62229.90511371714"
"2024-04-29 15:00:00","61338577","51635664","9702913","62371.86118606272"
"2024-04-29 16:00:00","61598384","52498501","9099883","62414.570477784066"
"2024-04-29 17:00:00","62174821","54827528","7347293","62374.459848668426"
"2024-04-29 18:00:00","59469711","52447942","7021769","62419.31057439852"
"2024-04-29 19:00:00","66698597","58416736","8281861","62239.15672448325"
"2024-04-29 20:00:00","63358135","64623651","-1265516","62603.25595416268"
"2024-04-29 21:00:00","56724312","53548212","3176100","61984.83551512117"
"2024-04-29 22:00:00","64241111","51595815","12645296","62710.977994580724"
"2024-04-29 23:00:00","65852195","58338592","7513603","62955.842894985464"
"2024-04-30 00:00:00","63557083","64113512","-556429","62806.181942784555"
"2024-04-30 01:00:00","57856732","54987771","2868961","63002.03702292261"
"2024-04-30 02:00:00","59102437","62232515","-3130078","62796.564387597595"
"2024-04-30 03:00:00","60473176","55860595","4612581","62861.705279706046"
"2024-04-30 04:00:00","56605502","56242833","362669","62949.29751941903"
"2024-04-30 05:00:00","59706538","63114431","-3407893","63021.883281872244"
"2024-04-30 06:00:00","53057884","49214134","3843750","63813.84971183756"
"2024-04-30 07:00:00","52086139","55618129","-3531990","63856.19937507265"
"2024-04-30 08:00:00","59062856","63278003","-4215147","64501.583035411975"
"2024-04-30 09:00:00","56904208","64234762","-7330554","63993.16309771084"
"2024-04-30 10:00:00","60821862","45361875","15459987","63786.081367129555"
"2024-04-30 11:00:00","59142198","59408183","-265985","63605.527138082754"
"2024-04-30 12:00:00","65339394","53521101","11818293","63425.53878417552"
"2024-04-30 13:00:00","66433232","59920509","6512723","63305.315439420614"
"2024-04-30 14:00:00","63202787","63530848","-328061","63369.12433966341"
"2024-04-30 15:00:00","64397828","56220455","8177373","63163.73699131199"
"2024-04-30 16:00:00","59687508","57282865","2404643","61995.90561963973"
"2024-04-30 17:00:00","57103366","47244435","9858931","61695.033167691116"
"2024-04-30 18:00:00","67629262","54104021","13525241","61683.5146887672"
"2024-04-30 19:00:00","66282822","56235714","10047108","61228.764884971526"
"2024-04-30 20:00:00","72342554","52153955","20188599","61270.56402959437"
"2024-04-30 21:00:00","57947737","54137405","3810332","60862.10400682588"
"2024-04-30 22:00:00","62012426","42883296","19129130","61361.423381203764"
"2024-04-30 23:00:00","56450221","55620008","830213","60678.52430985157"
"2024-05-01 00:00:00","69984885","56436679","13548206","60326.64916011304"
"2024-05-01 01:00:00","115394929","56529585","58865344","60194.97150768237"
"2024-05-01 02:00:00","105252926","60345630","44907296","60087.91044383706"
"2024-05-01 03:00:00","85971733","56234129","29737604","59447.28468627472"
"2024-05-01 04:00:00","76850135","39993755","36856380","59878.506191010805"
"2024-05-01 05:00:00","65346844","54545930","10800914","60138.89947334489"
"2024-05-01 06:00:00","56456721","45897526","10559195","60467.56258018063"
"2024-05-01 07:00:00","57856049","56331055","1524994","60710.06375906723"
"2024-05-01 08:00:00","56102697","58181650","-2078953","60232.67364066182"
"2024-05-01 09:00:00","68528029","54136584","14391445","60099.74536499889"
"2024-05-01 10:00:00","74406707","52750449","21656258","59856.68824000928"
"2024-05-01 11:00:00","64295898","55268268","9027630","60226.68064364005"
"2024-05-01 12:00:00","61248761","52914175","8334586","60211.08936686329"
"2024-05-01 13:00:00","57917602","53449413","4468189","59939.010746734384"
"2024-05-01 14:00:00","58813365","47383405","11429960","59567.74151781997"
"2024-05-01 15:00:00","89486339","47379211","42107128","57590.82932210604"
"2024-05-01 16:00:00","83229980","51283933","31946047","56911.98939537457"
"2024-05-01 17:00:00","54334696","55299666","-964970","57144.93611845686"
"2024-05-01 18:00:00","64575767","50686091","13889676","57618.54376051226"
"2024-05-01 19:00:00","46809567","53850106","-7040539","57671.513535304905"
"2024-05-01 20:00:00","53210114","59300832","-6090718","57885.19829687309"
"2024-05-01 21:00:00","51151886","52045602","-893716","57257.3470327054"
"2024-05-01 22:00:00","54710071","38413302","16296769","57291.505005929735"
"2024-05-01 23:00:00","66211484","51384935","14826549","56801.66154713221"
"2024-05-02 00:00:00","65387346","46664537","18722809","56939.56035012978"
"2024-05-02 01:00:00","69072153","50370049","18702104","57436.638445885925"
"2024-05-02 02:00:00","37890677","35341073","2549604","58822.07273565988"
"2024-05-02 03:00:00","55514304","45468319","10045985","57235.17189183396"
"2024-05-02 04:00:00","50846465","42201198","8645267","57385.11742534708"
"2024-05-02 05:00:00","54636728","49801001","4835727","57871.34388967376"
"2024-05-02 06:00:00","37029797","38314855","-1285058","57889.93773940604"
"2024-05-02 07:00:00","52929060","49409043","3520017","58307.05498655436"
"2024-05-02 08:00:00","55541043","51239855","4301188","57659.744467943165"
"2024-05-02 09:00:00","53930486","45793561","8136925","57088.45797407649"
"2024-05-02 10:00:00","64890390","44800037","20090353","57425.92967654347"
"2024-05-02 11:00:00","59790908","50936304","8854604","57479.109620741"
"2024-05-02 12:00:00","58920229","52001221","6919008","57247.68462862084"
"2024-05-02 13:00:00","62404492","48534484","13870008","57384.908537651274"
"2024-05-02 14:00:00","62100943","49588493","12512450","57585.81895093965"
"2024-05-02 15:00:00","62408265","52046169","10362096","57608.7298651512"
"2024-05-02 16:00:00","53301198","47445743","5855455","57841.03780035819"
"2024-05-02 17:00:00","54097567","53855991","241576","57777.381496709066"
"2024-05-02 18:00:00","58753551","55667804","3085747","57773.013783127106"
"2024-05-02 19:00:00","55846383","58145143","-2298760","58501.0137510469"
"2024-05-02 20:00:00","56129610","59084499","-2954889","58717.184046568866"
"2024-05-02 21:00:00","55934379","42921834","13012545","58411.008734963914"
"2024-05-02 22:00:00","63071844","50333813","12738031","59034.05013580093"
"2024-05-02 23:00:00","60321990","57339506","2982484","59275.288546065465"
"2024-05-03 00:00:00","59864273","55384861","4479412","59005.80476603425"
"2024-05-03 01:00:00","63252335","58639896","4612439","59135.46053793065"
"2024-05-03 02:00:00","56583785","59980417","-3396632","59344.222135225464"
"2024-05-03 03:00:00","62110799","60836470","1274329","59224.07310625079"
"2024-05-03 04:00:00","55690772","61950339","-6259567","58851.6979758116"
"2024-05-03 05:00:00","60020913","46428218","13592695","59099.467487421985"
"2024-05-03 06:00:00","43532102","38839325","4692777","59330.88757363875"
"2024-05-03 07:00:00","59369984","63690990","-4321006","59135.27036169111"
"2024-05-03 08:00:00","56005948","59035655","-3029707","59029.152617954904"
"2024-05-03 09:00:00","60058993","54944709","5114284","59301.16314214095"
"2024-05-03 10:00:00","59604220","55957654","3646566","59556.422764733405"
"2024-05-03 11:00:00","59570322","55586878","3983444","59777.202518581245"
"2024-05-03 12:00:00","56728854","60423482","-3694628","59581.61815759257"
"2024-05-03 13:00:00","60064948","60015082","49866","59514.55590990477"
"2024-05-03 14:00:00","67641307","58186782","9454525","59346.0975220465"
"2024-05-03 15:00:00","57233313","50154101","7079212","59156.83341428803"
"2024-05-03 16:00:00","60496035","47950964","12545071","59288.00311133007"
"2024-05-03 17:00:00","62964665","47652893","15311772","59476.69041503158"
"2024-05-03 18:00:00","60264528","58991105","1273423","58941.78408321797"
"2024-05-03 19:00:00","60232486","49543383","10689103","59259.45497689395"
"2024-05-03 20:00:00","56625365","51207445","5417920","60538.69806461251"
"2024-05-03 21:00:00","50927136","56616057","-5688921","61622.897301272766"
"2024-05-03 22:00:00","39992329","43199638","-3207309","61725.64061323181"
"2024-05-03 23:00:00","56385347","60334485","-3949138","61746.8815016191"
"2024-05-04 00:00:00","55808942","58478731","-2669789","61685.779386898656"
"2024-05-04 01:00:00","64456179","58245805","6210374","61876.50517850678"
"2024-05-04 02:00:00","60646036","69502675","-8856639","61813.11636360037"
"2024-05-04 03:00:00","62459468","70038919","-7579451","61985.49973503278"
"2024-05-04 04:00:00","54683694","64951180","-10267486","62914.708663720776"
"2024-05-04 05:00:00","57236662","62435563","-5198901","62607.57211759406"
"2024-05-04 06:00:00","49530362","60489538","-10959176","62908.56906145797"
"2024-05-04 07:00:00","61568720","58716483","2852237","62904.83292433352"
"2024-05-04 08:00:00","63963039","58762885","5200154","63114.573824548665"
"2024-05-04 09:00:00","61894274","66713484","-4819210","62938.991751685244"
"2024-05-04 10:00:00","65684976","51853582","13831394","62724.69329926586"
"2024-05-04 11:00:00","57868267","58546087","-677820","62739.579402020056"
"2024-05-04 12:00:00","60757213","59576499","1180714","63129.926528988144"
"2024-05-04 13:00:00","58830814","64109565","-5278751","63307.19939084335"
"2024-05-04 14:00:00","51672536","71780998","-20108462","62973.39341874572"
"2024-05-04 15:00:00","63082302","57503442","5578860","63038.60823104928"
"2024-05-04 16:00:00","68173092","61531030","6642062","63168.66930475457"
"2024-05-04 17:00:00","62940588","73381484","-10440896","63152.24943761395"
"2024-05-04 18:00:00","65768626","72756645","-6988019","63886.24053387778"
"2024-05-04 19:00:00","53624642","66364359","-12739717","64071.079773529025"
"2024-05-04 20:00:00","62707356","53767885","8939471","63925.16569630448"
"2024-05-04 21:00:00","61174335","61361417","-187082","63700.31708236693"
"2024-05-04 22:00:00","59242395","59522558","-280163","63796.87936890428"
"2024-05-04 23:00:00","62899847","61605757","1294090","63624.704729885714"
"2024-05-05 00:00:00","62073159","56101332","5971827","63661.234349096005"
"2024-05-05 01:00:00","55423416","57866021","-2442605","63522.025343897505"
"2024-05-05 02:00:00","62531767","58279187","4252580","63674.71345561734"
"2024-05-05 03:00:00","55615931","54481343","1134588","63904.38509458893"
"2024-05-05 04:00:00","59040452","63419110","-4378658","63911.73376123749"
"2024-05-05 05:00:00","63135999","59039812","4096187","63821.78674413355"
"2024-05-05 06:00:00","48792565","50927765","-2135200","63664.10075156952"
"2024-05-05 07:00:00","64954201","51494728","13459473","63877.65771523234"
"2024-05-05 08:00:00","58691253","62746938","-4055685","63536.32775304706"
"2024-05-05 09:00:00","70536393","51335681","19200712","63187.713479587954"
"2024-05-05 10:00:00","59095617","53573285","5522332","63249.75784134858"
"2024-05-05 11:00:00","61662578","51765153","9897425","63214.65400771304"
"2024-05-05 12:00:00","61326203","53754446","7571757","63372.54266200977"
"2024-05-05 13:00:00","60550208","55444727","5105481","63285.899759008666"
"2024-05-05 14:00:00","62929702","46703146","16226556","63399.36814502699"
"2024-05-05 15:00:00","64437251","57200692","7236559","63778.76883162628"
"2024-05-05 16:00:00","53954531","62643862","-8689331","63760.54147721317"
"2024-05-05 17:00:00","54474775","62878288","-8403513","63699.13257203522"
"2024-05-05 18:00:00","46342391","66632122","-20289731","63725.58007781605"
"2024-05-05 19:00:00","47428988","65933759","-18504771","63860.323945442"
"2024-05-05 20:00:00","50061316","70163452","-20102136","63724.973157025204"
"2024-05-05 21:00:00","54196753","73095507","-18898754","64144.66024266611"
"2024-05-05 22:00:00","50235171","59496435","-9261264","64125.25960103177"
"2024-05-05 23:00:00","57242990","62477501","-5234511","64464.99869162543"
"2024-05-06 00:00:00","55503134","70077030","-14573896","64325.17946246495"
"2024-05-06 01:00:00","67901855","61122460","6779395","64268.85021873666"
"2024-05-06 02:00:00","67270960","58901002","8369958","63944.29248741914"
"2024-05-06 03:00:00","69783220","53114943","16668277","63906.601725256405"
"2024-05-06 04:00:00","61461853","52874436","8587417","63745.33745476084"
"2024-05-06 05:00:00","65661242","56994595","8666647","63795.4734443767"
"2024-05-06 06:00:00","52392397","45893724","6498673","63828.97484345268"
"2024-05-06 07:00:00","67801743","64003251","3798492","64006.30460798847"
"2024-05-06 08:00:00","65280958","69311478","-4030520","64213.06403449657"
"2024-05-06 09:00:00","67839419","73399667","-5560248","64171.15214216097"
"2024-05-06 10:00:00","68704599","65733986","2970613","63990.787951705155"
"2024-05-06 11:00:00","70203747","58884165","11319582","63851.26561310645"
"2024-05-06 12:00:00","70412285","64381996","6030289","64147.17423472957"
"2024-05-06 13:00:00","65893677","68713273","-2819596","64175.50672795956"
"2024-05-06 14:00:00","70035960","70690483","-654523","64240.07127669544"
"2024-05-06 15:00:00","71116868","67905349","3211519","64446.31805738853"
"2024-05-06 16:00:00","60274044","75269628","-14995584","65138.50631519364"
"2024-05-06 17:00:00","67784302","86401653","-18617351","65165.098713858424"
"2024-05-06 18:00:00","64879024","85724970","-20845946","64065.975468041244"
"2024-05-06 19:00:00","60503905","59727533","776372","64092.175329610014"
"2024-05-06 20:00:00","64882664","60090389","4792275","63490.22437771698"
"2024-05-06 21:00:00","67542628","55648160","11894468","63856.6491422229"
"2024-05-06 22:00:00","77379800","67086739","10293061","63631.39567065519"
"2024-05-06 23:00:00","62623920","52115879","10508041","63609.9973464591"
"2024-05-07 00:00:00","59088510","59940132","-851622","63232.07744505855"
"2024-05-07 01:00:00","85930702","58915856","27014846","63059.14684719642"
"2024-05-07 02:00:00","79636605","59674939","19961666","63359.30204311332"
"2024-05-07 03:00:00","64515373","67046590","-2531217","63163.57604941682"
"2024-05-07 04:00:00","71034329","55750541","15283788","63323.73243187357"
"2024-05-07 05:00:00","67438510","57574992","9863518","63464.63545660376"
"2024-05-07 06:00:00","56508656","57801461","-1292805","63487.061984254935"
"2024-05-07 07:00:00","72586741","72372896","213845","63191.959545053636"
"2024-05-07 08:00:00","71490540","65710815","5779725","63474.2504351349"
"2024-05-07 09:00:00","62369973","65656041","-3286068","63865.91369592516"
"2024-05-07 10:00:00","67237925","79262411","-12024486","63656.424010182636"
"2024-05-07 11:00:00","61466898","72571010","-11104112","63233.217762355234"
"2024-05-07 12:00:00","64858203","53717070","11141133","63415.00858399132"
"2024-05-07 13:00:00","64844739","65877470","-1032731","63566.66572414989"
"2024-05-07 14:00:00","63326746","67454395","-4127649","63624.381944876324"
"2024-05-07 15:00:00","52521365","63037894","-10516529","63683.07782923513"
"2024-05-07 16:00:00","55127054","61897884","-6770830","64188.456207109106"
"2024-05-07 17:00:00","59494757","81389601","-21894844","64198.06885730728"
"2024-05-07 18:00:00","61993784","79187610","-17193826","64099.047323223895"
"2024-05-07 19:00:00","61862962","81850811","-19987849","63529.98539762346"
"2024-05-07 20:00:00","63996162","51741763","12254399","63696.656066516975"
"2024-05-07 21:00:00","63360065","64444635","-1084570","63350.533830136104"
"2024-05-07 22:00:00","78258650","54515247","23743403","63431.15443639797"
"2024-05-07 23:00:00","63146050","78650795","-15504745","63737.41532966233"
"2024-05-08 00:00:00","54308662","54959641","-650979","63513.51713927054"
"2024-05-08 01:00:00","62183164","50145587","12037577","63436.40051456937"
"2024-05-08 02:00:00","80517531","51289568","29227963","63155.09373297367"
"2024-05-08 03:00:00","74711183","50341625","24369558","63058.32574261096"
"2024-05-08 04:00:00","73432863","52157808","21275055","62991.95827403103"
"2024-05-08 05:00:00","79613585","52089221","27524364","63044.2771197768"
"2024-05-08 06:00:00","63367028","44834925","18532103","62983.654026215954"
"2024-05-08 07:00:00","78741253","53329373","25411880","62440.20988000246"
"2024-05-08 08:00:00","81591005","52161853","29429152","62618.36781771483"
"2024-05-08 09:00:00","64562371","53334487","11227884","62540.85881762324"
"2024-05-08 10:00:00","67354898","53505335","13849563","62757.003368474405"
"2024-05-08 11:00:00","56675161","54592196","2082965","62910.3267118218"
"2024-05-08 12:00:00","59930615","56296375","3634240","62526.224605159005"
"2024-05-08 13:00:00","74612939","52650321","21962618","62656.78662145635"
"2024-05-08 14:00:00","72439314","54313766","18125548","62441.173071001744"
"2024-05-08 15:00:00","68102633","56440464","11662169","62234.143474573015"
"2024-05-08 16:00:00","74067902","48154221","25913681","62225.5430910053"
"2024-05-08 17:00:00","69376828","56470696","12906132","62192.59752917535"
"2024-05-08 18:00:00","73330097","48578335","24751762","62450.27345441124"
"2024-05-08 19:00:00","64969133","52415201","12553932","62264.99128278261"
"2024-05-08 20:00:00","74902325","54756000","20146325","62151.281195040596"
"2024-05-08 21:00:00","74480075","51234929","23245146","62095.65939820664"
"2024-05-08 22:00:00","56984895","51009299","5975596","62642.72881564275"
"2024-05-08 23:00:00","59799206","58546718","1252488","62225.01821296643"
"2024-05-09 00:00:00","60775312","53558465","7216847","62362.36198334779"
"2024-05-09 01:00:00","58287391","55639529","2647862","62554.5786562402"
"2024-05-09 02:00:00","58394158","57069086","1325072","62504.02214910631"
"2024-05-09 03:00:00","57676753","55145563","2531190","62285.426370933215"
"2024-05-09 04:00:00","65661044","49522973","16138071","61573.70234346794"
"2024-05-09 05:00:00","72332615","51715469","20617146","61516.569912322295"
"2024-05-09 06:00:00","62963928","43257403","19706525","61214.91492514603"
"2024-05-09 07:00:00","81461875","50124742","31337133","61134.82693444143"
"2024-05-09 08:00:00","66074663","50537790","15536873","61404.43918569705"
"2024-05-09 09:00:00","60429676","57137183","3292493","61497.396663484324"
"2024-05-09 10:00:00","63265236","54860711","8404525","61648.66678358943"
"2024-05-09 11:00:00","55604848","58274590","-2669742","61628.47970008493"
"2024-05-09 12:00:00","58028086","58060474","-32388","61522.84024908063"
"2024-05-09 13:00:00","60388278","57369716","3018562","61607.65423279552"
"2024-05-09 14:00:00","61636891","60650881","986010","61585.87562966053"
"2024-05-09 15:00:00","62735133","58178983","4556150","61262.702838906276"
"2024-05-09 16:00:00","67718843","50075946","17642897","61283.63755916419"
"2024-05-09 17:00:00","69102903","51394875","17708028","61067.57548556626"
"2024-05-09 18:00:00","61177176","46473259","14703917","61005.45406198255"
"2024-05-09 19:00:00","68823292","47296695","21526597","61105.58808613122"
"2024-05-09 20:00:00","64905879","55283545","9622334","61452.43839321859"
"2024-05-09 21:00:00","53668053","51247058","2420995","60944.35947831849"
"2024-05-09 22:00:00","57383085","54368621","3014464","61388.472266926015"
"2024-05-09 23:00:00","60466812","52336977","8129835","62055.30035937698"
"2024-05-10 00:00:00","52308005","59093715","-6785710","62269.24537675666"
"2024-05-10 01:00:00","55514395","48266518","7247877","62046.800986850045"
"2024-05-10 02:00:00","57075186","50777416","6297770","62170.37377127044"
"2024-05-10 03:00:00","61484971","49722093","11762878","62475.33349750298"
"2024-05-10 04:00:00","53938720","57130516","-3191796","62608.5701195905"
"2024-05-10 05:00:00","56154229","55123959","1030270","62533.873251066965"
"2024-05-10 06:00:00","45033456","47849321","-2815865","63336.98535333538"
"2024-05-10 07:00:00","57981832","70777813","-12795981","63047.059642725246"
"2024-05-10 08:00:00","52654530","66731550","-14077020","62810.993595089385"
"2024-05-10 09:00:00","57557351","53706984","3850367","62825.68012147457"
"2024-05-10 10:00:00","57054952","53380233","3674719","62823.93660090345"
"2024-05-10 11:00:00","57440418","63629868","-6189450","62915.67477652001"
"2024-05-10 12:00:00","59235159","68024382","-8789223","62887.639165322"
"2024-05-10 13:00:00","62760470","69472955","-6712485","62765.11840521799"
"2024-05-10 14:00:00","55107829","49258352","5849477","63180.25882754353"
"2024-05-10 15:00:00","55146732","64215054","-9068322","63161.4810419139"
"2024-05-10 16:00:00","61419536","65988681","-4569145","62929.84359613725"
"2024-05-10 17:00:00","64269788","67729336","-3459548","63076.88888402392"
"2024-05-10 18:00:00","63520736","68164607","-4643871","62995.22018503014"
"2024-05-10 19:00:00","62903191","72806348","-9903157","63150.841624115106"
"2024-05-10 20:00:00","57751819","66903163","-9151344","63038.30864698303"
"2024-05-10 21:00:00","52389069","65494048","-13104979","63014.03495571008"
"2024-05-10 22:00:00","45261188","62261919","-17000731","61632.35343995669"
"2024-05-10 23:00:00","55874486","44348090","11526396","60869.61537312416"
"2024-05-11 00:00:00","63582351","46759367","16822984","60973.00366394352"
"2024-05-11 01:00:00","55530238","52516633","3013605","60359.1551466151"
"2024-05-11 02:00:00","78672770","55675664","22997106","60614.42888022341"
"2024-05-11 03:00:00","57825278","54670758","3154520","60680.22745417578"
"2024-05-11 04:00:00","55737946","51279731","4458215","60483.95909030691"
"2024-05-11 05:00:00","80485373","46526084","33959289","60629.4228459999"
"2024-05-11 06:00:00","56992371","44284738","12707633","60860.270922646865"
"2024-05-11 07:00:00","53611867","45546342","8065525","60897.55192454652"
"2024-05-11 08:00:00","54342529","42608386","11734143","60824.62696834741"
"2024-05-11 09:00:00","54530488","46532012","7998476","60930.78488530868"
"2024-05-11 10:00:00","57801092","47456964","10344128","60875.482523004015"
"2024-05-11 11:00:00","53989765","44758185","9231580","60755.97358438129"
"2024-05-11 12:00:00","55875390","47916981","7958409","60819.11689709191"
"2024-05-11 13:00:00","61480114","46805877","14674237","60921.58892504109"
"2024-05-11 14:00:00","60800589","44907795","15892794","60967.87137336679"
"2024-05-11 15:00:00","55707092","41433966","14273126","60999.51317663126"
"2024-05-11 16:00:00","58634009","47074113","11559896","60871.90094681246"
"2024-05-11 17:00:00","62728050","50481820","12246230","60859.67622115319"
"2024-05-11 18:00:00","58854706","50354308","8500398","60788.961650822894"
"2024-05-11 19:00:00","65125671","49344796","15780875","60752.42939047649"
"2024-05-11 20:00:00","63251578","50908097","12343481","60769.35681560049"
"2024-05-11 21:00:00","66374688","51023155","15351533","60979.53298567205"
"2024-05-11 22:00:00","62471960","49440720","13031240","60875.446046364515"
"2024-05-11 23:00:00","64933102","51981144","12951958","61164.252690281064"
"2024-05-12 00:00:00","56512908","51156549","5356359","61160.788644289794"
"2024-05-12 01:00:00","57365924","47215948","10149976","61118.1240243191"
"2024-05-12 02:00:00","55730484","46576771","9153713","61252.5823025398"
"2024-05-12 03:00:00","56213543","52686655","3526888","61127.314541500804"
"2024-05-12 04:00:00","58486384","55884993","2601391","61008.36071439473"
"2024-05-12 05:00:00","55614658","52785160","2829498","60989.429513549716"
"2024-05-12 06:00:00","45894588","42006035","3888553","60953.68707698436"
"2024-05-12 07:00:00","59954482","55236279","4718203","60836.67000891503"
"2024-05-12 08:00:00","57970775","47666178","10304597","61012.409408294196"
"2024-05-12 09:00:00","54451943","50537634","3914309","60930.55051661694"
"2024-05-12 10:00:00","61286239","50028517","11257722","60960.558068459926"
"2024-05-12 11:00:00","59578652","57491792","2086860","60970.76906987026"
"2024-05-12 12:00:00","60619804","54056239","6563565","61103.87224557111"
"2024-05-12 13:00:00","56988523","54190037","2798486","61095.270851335204"
"2024-05-12 14:00:00","57498423","54793806","2704617","60965.468431619396"
"2024-05-12 15:00:00","60684206","54704356","5979850","60792.38348178345"
"2024-05-12 16:00:00","60537321","53006446","7530875","61039.89915740521"
"2024-05-12 17:00:00","61320244","58504962","2815282","61058.9144751679"
"2024-05-12 18:00:00","61617849","58887776","2730073","61146.71274201076"
"2024-05-12 19:00:00","59528772","57139755","2389017","61174.824012655125"
"2024-05-12 20:00:00","58959366","53652518","5306848","61152.159434121844"
"2024-05-12 21:00:00","62482734","58179213","4303521","61181.4881617903"
"2024-05-12 22:00:00","64748099","60328326","4419773","61158.00403499552"
"2024-05-12 23:00:00","64663183","60007479","4655704","61371.37387895965"
"2024-05-13 00:00:00","55924417","52756738","3167679","61589.437969677536"
"2024-05-13 01:00:00","58195008","48663017","9531991","61637.72952765766"
"2024-05-13 02:00:00","56154626","50725535","5429091","61413.849210388216"
"2024-05-13 03:00:00","58968942","50555899","8413043","61405.151408909034"
"2024-05-13 04:00:00","54172061","46192275","7979786","61293.86532381526"
"2024-05-13 05:00:00","56844353","50518581","6325772","61271.88229013143"
"2024-05-13 06:00:00","46801372","35241366","11560006","61311.97393953488"
"2024-05-13 07:00:00","54320472","55390533","-1070061","61467.92941955469"
"2024-05-13 08:00:00","57887680","54555792","3331888","61521.10222676448"
"2024-05-13 09:00:00","56284193","52535447","3748746","61354.422191825215"
"2024-05-13 10:00:00","55804329","48952153","6852176","61053.38439934149"
"2024-05-13 11:00:00","64134682","51760709","12373973","61036.35429762508"
"2024-05-13 12:00:00","57871459","48292974","9578485","60959.12097835221"
"2024-05-13 13:00:00","63926751","48177977","15748774","60840.88435615501"
"2024-05-13 14:00:00","64655266","50347009","14308257","61367.43180853109"
"2024-05-13 15:00:00","54549449","55576864","-1027415","61939.097111317606"
"2024-05-13 16:00:00","51163904","77154701","-25990797","62789.19677957901"
"2024-05-13 17:00:00","56480057","65422099","-8942042","63057.077743504386"
"2024-05-13 18:00:00","57039857","71195005","-14155148","62613.34738157196"
"2024-05-13 19:00:00","57567797","65972628","-8404831","62660.56839721103"
"2024-05-13 20:00:00","60466023","63233481","-2767458","62832.97369845613"
"2024-05-13 21:00:00","48150920","67213402","-19062482","62645.06343859563"
"2024-05-13 22:00:00","65047888","66306976","-1259088","62814.73258050241"
"2024-05-13 23:00:00","57602719","68679883","-11077164","63069.07359878098"
"2024-05-14 00:00:00","56676009","73915624","-17239615","63163.22257645148"
"2024-05-14 01:00:00","64122796","77556074","-13433278","62774.868342154776"
"2024-05-14 02:00:00","70431135","53330315","17100820","62730.214526909294"
"2024-05-14 03:00:00","65245179","54935630","10309549","63087.97222363949"
"2024-05-14 04:00:00","53615018","72866512","-19251494","63090.86531604245"
"2024-05-14 05:00:00","62498262","71029305","-8531043","62875.793189369324"
"2024-05-14 06:00:00","53394169","60134846","-6740677","62802.576997472286"
"2024-05-14 07:00:00","65503889","58462524","7041365","62889.421018821464"
"2024-05-14 08:00:00","66087403","70357224","-4269821","62789.47335918757"
"2024-05-14 09:00:00","64761044","62822490","1938554","62725.52160231661"
"2024-05-14 10:00:00","63734637","58237724","5496913","62583.0666866862"
"2024-05-14 11:00:00","62655644","52051505","10604139","62474.804249646615"
"2024-05-14 12:00:00","67347288","55959114","11388174","62497.32691770812"
"2024-05-14 13:00:00","62164749","55839254","6325495","62667.650811689935"
"2024-05-14 14:00:00","53113809","57550549","-4436740","62002.05842243235"
"2024-05-14 15:00:00","49503881","52962239","-3458358","62006.677560464166"
"2024-05-14 16:00:00","52092890","51142939","949951","61805.059165486084"
"2024-05-14 17:00:00","51070771","54621810","-3551039","61760.58459208107"
"2024-05-14 18:00:00","57634999","52074017","5560982","61666.13089224546"
"2024-05-14 19:00:00","57027655","58088511","-1060856","61752.3616860745"
"2024-05-14 20:00:00","54637750","55038328","-400578","61548.997920660215"
"2024-05-14 21:00:00","50670007","57769009","-7099002","61739.113726203126"
"2024-05-14 22:00:00","48375895","43899738","4476157","61732.306669828446"
"2024-05-14 23:00:00","57952036","56800443","1151593","61729.46817293737"
"2024-05-15 00:00:00","60451582","53775933","6675649","61325.72882916158"
"2024-05-15 01:00:00","72834451","54431072","18403379","61239.64881967336"
"2024-05-15 02:00:00","69181961","54878940","14303021","61350.99419818033"
"2024-05-15 03:00:00","64187859","49050175","15137684","61580.13382377493"
"2024-05-15 04:00:00","54580583","52376669","2203914","61626.102396059934"
"2024-05-15 05:00:00","63365679","55083003","8282676","61631.80648671119"
"2024-05-15 06:00:00","47808700","46507414","1301286","61717.19866210222"
"2024-05-15 07:00:00","59616166","57282075","2334091","61566.43876711647"
"2024-05-15 08:00:00","55029001","52844808","2184193","61412.90660682216"
"2024-05-15 09:00:00","66503302","52510141","13993161","61694.590265139945"
"2024-05-15 10:00:00","58845824","52366704","6479120","61761.10642763788"
"2024-05-15 11:00:00","55704116","57295131","-1591015","61891.54540626713"
"2024-05-15 12:00:00","51702430","58412854","-6710424","61922.15286670357"
"2024-05-15 13:00:00","60668411","61160027","-491616","61882.03281055354"
"2024-05-15 14:00:00","58235163","60760157","-2524994","61898.85101030667"
"2024-05-15 15:00:00","59658547","57454180","2204367","62202.25501406768"
"2024-05-15 16:00:00","54631168","59240668","-4609500","62095.97126574265"
"2024-05-15 17:00:00","49813773","57659179","-7845406","62628.83353916591"
"2024-05-15 18:00:00","55484670","75784512","-20299842","62716.69874166498"
"2024-05-15 19:00:00","47625009","75636415","-28011406","62461.54501806879"
"2024-05-15 20:00:00","53753904","60502431","-6748527","63588.57238298208"
"2024-05-15 21:00:00","48944717","62155970","-13211253","64283.004975385724"
"2024-05-15 22:00:00","53997145","54080407","-83262","64376.85987388187"
"2024-05-15 23:00:00","55589487","70918367","-15328880","64696.481472547"
"2024-05-16 00:00:00","57693878","70420584","-12726706","64866.79879599426"
"2024-05-16 01:00:00","56179811","69397655","-13217844","65008.53049273637"
"2024-05-16 02:00:00","58995417","86998519","-28003102","65458.02067945267"
"2024-05-16 03:00:00","60803186","68094203","-7291017","65979.89785453443"
"2024-05-16 04:00:00","54084359","60499915","-6415556","65852.17883555777"
"2024-05-16 05:00:00","58102135","72120342","-14018207","65917.14273232255"
"2024-05-16 06:00:00","47528471","61944374","-14415903","66108.78576620479"
"2024-05-16 07:00:00","69001653","81469221","-12467568","66304.4448833059"
"2024-05-16 08:00:00","64766787","79594705","-14827918","66117.00835613461"
"2024-05-16 09:00:00","60197259","62697528","-2500269","65944.07069613131"
"2024-05-16 10:00:00","69574738","57559252","12015486","65834.89295976382"
"2024-05-16 11:00:00","61894514","60036773","1857741","66012.64025345161"
"2024-05-16 12:00:00","67322171","58909110","8413061","65838.75315864649"
"2024-05-16 13:00:00","66776649","59408726","7367923","65841.45372952984"
"2024-05-16 14:00:00","64089310","60235983","3853327","65930.96432497393"
"2024-05-16 15:00:00","67046533","56754994","10291539","66190.78598440185"
"2024-05-16 16:00:00","73527981","67349227","6178754","66272.85827938282"
"2024-05-16 17:00:00","65410898","70995632","-5584734","66335.55562579559"
"2024-05-16 18:00:00","62675624","81643893","-18968269","66206.9595895053"
"2024-05-16 19:00:00","66855386","70063663","-3208277","66336.17296960861"
"2024-05-16 20:00:00","62505497","82129395","-19623898","66076.28828857277"
"2024-05-16 21:00:00","75996101","55578227","20417874","66186.3345282219"
"2024-05-16 22:00:00","56761212","66454444","-9693232","65953.59612705848"
"2024-05-16 23:00:00","62599260","58143405","4455855","65791.47989236534"
"2024-05-17 00:00:00","62117598","61172553","945045","65134.009573445976"
"2024-05-17 01:00:00","66769811","61024557","5745254","64866.073024317244"
"2024-05-17 02:00:00","64945394","56882787","8062607","65115.82607422684"
"2024-05-17 03:00:00","65957617","56916633","9040984","65240.77425559448"
"2024-05-17 04:00:00","54251133","66208114","-11956981","65255.417925950955"
"2024-05-17 05:00:00","66919641","66893837","25804","65461.4023801243"
"2024-05-17 06:00:00","50557059","52497668","-1940609","65418.008377457336"
"2024-05-17 07:00:00","61338070","64191067","-2852997","65233.0665609569"
"2024-05-17 08:00:00","62826304","65218793","-2392489","65316.17750361512"
"2024-05-17 09:00:00","58192111","67569769","-9377658","65365.01026841876"
"2024-05-17 10:00:00","63507631","68124712","-4617081","65387.18231288561"
"2024-05-17 11:00:00","69977166","70705625","-728459","65631.65160538045"
"2024-05-17 12:00:00","59962007","66117230","-6155223","65489.02013026178"
"2024-05-17 13:00:00","68478213","59472845","9005368","65614.77337081646"
"2024-05-17 14:00:00","79758799","57713602","22045197","66081.62643406367"
"2024-05-17 15:00:00","60183237","70138383","-9955146","66413.47151260314"
"2024-05-17 16:00:00","56651103","67211371","-10560268","66163.1503371258"
"2024-05-17 17:00:00","46322655","66800263","-20477608","66354.27912168457"
"2024-05-17 18:00:00","56376622","72297612","-15920990","66389.38186704404"
"2024-05-17 19:00:00","56334822","78289147","-21954325","66270.54626498451"
"2024-05-17 20:00:00","55597377","71384305","-15786928","66379.45873605175"
"2024-05-17 21:00:00","54072007","75389156","-21317149","65966.07137357537"
"2024-05-17 22:00:00","65507418","59803028","5704390","66669.78883150754"
"2024-05-17 23:00:00","53858325","79830564","-25972239","67153.19271609453"
"2024-05-18 00:00:00","64584766","70017882","-5433116","67023.17587549084"
"2024-05-18 01:00:00","60943879","62097439","-1153560","66824.70780348801"
"2024-05-18 02:00:00","56235755","64176726","-7940971","66646.27202212719"
"2024-05-18 03:00:00","60526661","59919499","607162","66952.85853329487"
"2024-05-18 04:00:00","54802599","62043338","-7240739","66920.40768072651"
"2024-05-18 05:00:00","63861219","63618857","242362","66856.0266907526"
"2024-05-18 06:00:00","58130508","57861615","268893","66815.05755350605"
"2024-05-18 07:00:00","63259309","57150297","6109012","67044.17013745314"
"2024-05-18 08:00:00","59816375","63962218","-4145843","66934.36967062694"
"2024-05-18 09:00:00","61223052","67142451","-5919399","66970.79397651738"
"2024-05-18 10:00:00","63066263","63558530","-492267","66899.58498415687"
"2024-05-18 11:00:00","63390753","65614606","-2223853","66974.60748967105"
"2024-05-18 12:00:00","59825181","61203614","-1378433","66927.21763246528"
"2024-05-18 13:00:00","63893824","63618588","275236","66871.21557153265"
"2024-05-18 14:00:00","64541157","62046035","2495122","66897.35960690545"
"2024-05-18 15:00:00","70974148","59974767","10999381","66891.51110537567"
"2024-05-18 16:00:00","65096096","62649353","2446743","67033.14205407113"
"2024-05-18 17:00:00","72527184","65407410","7119774","67125.60023367184"
"2024-05-18 18:00:00","68861136","69759728","-898592","67144.05000843306"
"2024-05-18 19:00:00","62609139","67059162","-4450023","67213.72490261568"
"2024-05-18 20:00:00","67241740","67490945","-249205","67057.19427001063"
"2024-05-18 21:00:00","73954402","64963120","8991282","66918.79929629934"
"2024-05-18 22:00:00","75419029","72311068","3107961","66829.29043468938"
"2024-05-18 23:00:00","68830196","62107325","6722871","66869.05015539721"
"2024-05-19 00:00:00","61821294","67871727","-6050433","66904.15527019308"
"2024-05-19 01:00:00","58790145","64761848","-5971703","66820.2652941727"
"2024-05-19 02:00:00","60674701","65072590","-4397889","66825.947574294"
"2024-05-19 03:00:00","61600327","64657831","-3057504","66906.75570568145"
"2024-05-19 04:00:00","58958841","69065743","-10106902","67006.02654161665"
"2024-05-19 05:00:00","63687607","64582459","-894852","66906.32053902987"
"2024-05-19 06:00:00","47372806","54475205","-7102399","66916.10714772459"
"2024-05-19 07:00:00","59038672","63614806","-4576134","66984.7048464835"
"2024-05-19 08:00:00","55343318","58787189","-3443871","66909.9619387639"
"2024-05-19 09:00:00","63938287","62413651","1524636","66932.19593554862"
"2024-05-19 10:00:00","65478599","65257504","221095","67210.90109211975"
"2024-05-19 11:00:00","62311860","69727343","-7415483","67174.87616120485"
"2024-05-19 12:00:00","59706187","71700216","-11994029","67160.3955325734"
"2024-05-19 13:00:00","63199628","69511809","-6312181","67148.8770584008"
"2024-05-19 14:00:00","62698969","69551448","-6852479","67001.08522908755"
"2024-05-19 15:00:00","63665140","70237239","-6572099","67254.26102330312"
"2024-05-19 16:00:00","64984027","72615750","-7631723","67203.224247034"
"2024-05-19 17:00:00","69304371","75119527","-5815156","67195.0880403006"
"2024-05-19 18:00:00","69121005","73762254","-4641249","67313.43745803338"
"2024-05-19 19:00:00","66769020","59882529","6886491","67363.94878944379"
"2024-05-19 20:00:00","80787799","59398820","21388979","66976.73893050905"
"2024-05-19 21:00:00","65656268","58550197","7106071","66995.87461053273"
"2024-05-19 22:00:00","95879505","59676678","36202827","66962.58559730224"
"2024-05-19 23:00:00","69602192","64507838","5094354","66872.47021156133"
"2024-05-20 00:00:00","64251274","60737339","3513935","66701.04813827306"
"2024-05-20 01:00:00","64726114","56350112","8376002","66767.24251578383"
"2024-05-20 02:00:00","61923772","62555303","-631531","66575.40750260717"
"2024-05-20 03:00:00","71461652","57709652","13752000","66033.43609277093"
"2024-05-20 04:00:00","58796205","45969277","12826928","66148.51355744805"
"2024-05-20 05:00:00","61758099","61434421","323678","66181.51303323985"
"2024-05-20 06:00:00","49497329","44660486","4836843","66345.91548646313"
"2024-05-20 07:00:00","57703476","58294323","-590847","66298.04001870684"
"2024-05-20 08:00:00","60535159","56733032","3802127","66340.25001737417"
"2024-05-20 09:00:00","63787644","55131288","8656356","66425.62779647949"
"2024-05-20 10:00:00","59609650","58585071","1024579","66658.02405495562"
"2024-05-20 11:00:00","62087705","64456941","-2369236","66688.2834141089"
"2024-05-20 12:00:00","61155742","61993195","-837453","67032.7549414553"
"2024-05-20 13:00:00","61099451","84983308","-23883857","67145.49958403122"
"2024-05-20 14:00:00","64820724","83783478","-18962754","66411.98913735033"
"2024-05-20 15:00:00","50650928","47781173","2869755","66840.1659719322"
"2024-05-20 16:00:00","57619460","63734460","-6115000","66757.41016220667"
"2024-05-20 17:00:00","59746306","74682910","-14936604","66904.49639961334"
"2024-05-20 18:00:00","58533328","71906320","-13372992","67132.72620737954"
"2024-05-20 19:00:00","61499877","70020844","-8520967","67063.16145730518"
"2024-05-20 20:00:00","64877101","74159771","-9282670","66917.93858889813"
"2024-05-20 21:00:00","53268630","57878739","-4610109","67088.21831708003"
"2024-05-20 22:00:00","62495004","88773144","-26278140","66960.72573715722"
"2024-05-20 23:00:00","62953013","72020927","-9067914","67371.54712840132"
"2024-05-21 00:00:00","53253251","69909985","-16656734","68146.1507022637"
"2024-05-21 01:00:00","62186644","72868976","-10682332","68211.59171282483"
"2024-05-21 02:00:00","67187017","63530054","3656963","68663.64109343178"
"2024-05-21 03:00:00","72346559","82210161","-9863602","69862.71473704562"
"2024-05-21 04:00:00","35798206","65318085","-29519879","69459.38517864466"
"2024-05-21 05:00:00","55572191","63519561","-7947370","69738.54186444118"
"2024-05-21 06:00:00","46429696","66878828","-20449132","69630.86220820018"
"2024-05-21 07:00:00","60775388","72102621","-11327233","71379.29118518428"
"2024-05-21 08:00:00","62853257","83137651","-20284394","71189.50757930342"
"2024-05-21 09:00:00","65319960","74028836","-8708876","71028.42979866668"
"2024-05-21 10:00:00","57244267","66758047","-9513780","71233.63053150117"
"2024-05-21 11:00:00","60759520","78429268","-17669748","71263.94991575919"
"2024-05-21 12:00:00","61117974","85208633","-24090659","70828.79267922438"
"2024-05-21 13:00:00","62695619","83772676","-21077057","71113.79841830023"
"2024-05-21 14:00:00","64469570","80348555","-15878985","71156.46019547293"
"2024-05-21 15:00:00","60950798","73197086","-12246288","70879.4092078321"
"2024-05-21 16:00:00","61766004","83912376","-22146372","70821.66542845864"
"2024-05-21 17:00:00","63619387","81577292","-17957905","70933.25003733936"
"2024-05-21 18:00:00","67596180","91354054","-23757874","70975.66599096518"
"2024-05-21 19:00:00","68480985","89240773","-20759788","71093.22568932873"
"2024-05-21 20:00:00","75784838","76955384","-1170546","71336.1822029408"
"2024-05-21 21:00:00","70636103","96878909","-26242806","70561.82539761245"
"2024-05-21 22:00:00","61953615","62376048","-422433","70260.81693726136"
"2024-05-21 23:00:00","66256212","56622996","9633216","69952.41355319654"
"2024-05-22 00:00:00","66106581","57656151","8450430","69757.03988817414"
"2024-05-22 01:00:00","66398883","58588351","7810532","69730.19322199559"
"2024-05-22 02:00:00","68800057","62173375","6626682","69738.427312948"
"2024-05-22 03:00:00","64079239","57335806","6743433","69344.19402364525"
"2024-05-22 04:00:00","67528992","53216074","14312918","69689.00372986417"
"2024-05-22 05:00:00","65772523","61287353","4485170","69627.56010026588"
"2024-05-22 06:00:00","56230960","48220518","8010442","70035.97737772061"
"2024-05-22 07:00:00","64612728","61142362","3470366","70158.32147018865"
"2024-05-22 08:00:00","60967338","63534265","-2566927","70101.77002752078"
"2024-05-22 09:00:00","59470668","66834753","-7364085","70086.48111157697"
"2024-05-22 10:00:00","60426544","61837889","-1411345","69953.56924905816"
"2024-05-22 11:00:00","58772504","64659910","-5887406","69898.33785279094"
"2024-05-22 12:00:00","64976358","65056697","-80339","69466.52835414895"
"2024-05-22 13:00:00","70539991","60235115","10304876","69788.50348809238"
"2024-05-22 14:00:00","58120921","56676957","1443964","69813.29165765116"
"2024-05-22 15:00:00","60531235","59845739","685496","69716.84276080066"
"2024-05-22 16:00:00","64752572","64869810","-117238","70034.84673563419"
"2024-05-22 17:00:00","50730752","55536266","-4805514","69984.21768892462"
"2024-05-22 18:00:00","63063700","66212016","-3148316","70162.1595736917"
"2024-05-22 19:00:00","69404602","60609453","8795149","69909.00712624376"
"2024-05-22 20:00:00","65349451","56403044","8946407","69750.97169406536"
"2024-05-22 21:00:00","72007819","57485455","14522364","69480.89416080444"
"2024-05-22 22:00:00","58388329","48361211","10027118","70016.41765045127"
"2024-05-22 23:00:00","50936230","63307836","-12371606","70405.01884255467"
"2024-05-23 00:00:00","51856390","78257471","-26401081","70215.95508273899"
"2024-05-23 01:00:00","60260969","62093884","-1832915","69834.00786870111"
"2024-05-23 02:00:00","54884240","48180360","6703880","69611.75215779853"
"2024-05-23 03:00:00","75790116","75072579","717537","69748.81236106591"
"2024-05-23 04:00:00","72084200","61644593","10439607","69473.08795357906"
"2024-05-23 05:00:00","64073977","59781539","4292438","69426.45001493982"
"2024-05-23 06:00:00","40839294","55079391","-14240097","69058.50385030848"
"2024-05-23 07:00:00","63223873","61598063","1625810","69142.67717368854"
"2024-05-23 08:00:00","57663944","56819681","844263","69464.08242722489"
"2024-05-23 09:00:00","56481679","66036443","-9554764","69444.34615566723"
"2024-05-23 10:00:00","61385962","68565059","-7179097","69394.02208900072"
"2024-05-23 11:00:00","60126634","67305357","-7178723","69279.04195156305"
"2024-05-23 12:00:00","68960657","75535129","-6574472","69460.72789655309"
"2024-05-23 13:00:00","58686978","70369818","-11682840","69328.64721835457"
"2024-05-23 14:00:00","56317945","66220212","-9902267","69548.77747737072"
"2024-05-23 15:00:00","62267946","68184201","-5916255","69670.11747550919"
"2024-05-23 16:00:00","57138388","58592775","-1454387","69580.65242224277"
"2024-05-23 17:00:00","65525466","63728696","1796770","69596.4061276294"
"2024-05-23 18:00:00","65416868","68213889","-2797021","69638.76105036151"
"2024-05-23 19:00:00","65917016","78626883","-12709867","69879.94066059127"
"2024-05-23 20:00:00","58834562","72612333","-13777771","69588.06163060812"
"2024-05-23 21:00:00","48776951","38836402","9940549","68066.15470734345"
"2024-05-23 22:00:00","60127951","43125982","17001969","67749.70464799089"
"2024-05-23 23:00:00","73299075","51959631","21339444","68001.7653075433"
"2024-05-24 00:00:00","57657500","50870884","6786616","67816.50789424714"
"2024-05-24 01:00:00","77349927","55646674","21703253","67819.78541247548"
"2024-05-24 02:00:00","72321038","50819132","21501906","67189.42859125396"
"2024-05-24 03:00:00","62547073","55364808","7182265","67339.56947279669"
"2024-05-24 04:00:00","64228188","47008489","17219699","67763.95785373663"
"2024-05-24 05:00:00","51748450","54434910","-2686460","67905.02468160434"
"2024-05-24 06:00:00","39231724","48669308","-9437584","67626.88672155369"
"2024-05-24 07:00:00","55500875","50332990","5167885","67939.332254731"
"2024-05-24 08:00:00","51990232","48033184","3957048","67914.54228300262"
"2024-05-24 09:00:00","51761445","53691993","-1930548","67703.69895429775"
"2024-05-24 10:00:00","55502324","56001634","-499310","67808.92728733893"
"2024-05-24 11:00:00","55900821","55483509","417312","67824.49800569734"
"2024-05-24 12:00:00","59269350","56202826","3066524","67640.73179883111"
"2024-05-24 13:00:00","62310665","57090406","5220259","67275.75626388764"
"2024-05-24 14:00:00","63445865","53816600","9629265","66987.63442967052"
"2024-05-24 15:00:00","60290710","45844209","14446501","67115.71516940121"
"2024-05-24 16:00:00","58614300","46101255","12513045","67077.79214855292"
"2024-05-24 17:00:00","52662439","49129034","3533405","67314.32930479936"
"2024-05-24 18:00:00","57311623","54303254","3008369","67353.99770766623"
"2024-05-24 19:00:00","59127805","57445098","1682707","67320.98882846112"
"2024-05-24 20:00:00","55053023","54758739","294284","67426.18961217155"
"2024-05-24 21:00:00","55215944","54406000","809944","67039.10667342467"
"2024-05-24 22:00:00","63079857","51506881","11572976","67873.31108548662"
"2024-05-24 23:00:00","54363421","60317114","-5953693","68162.86126457507"
"2024-05-25 00:00:00","53968778","54766663","-797885","68289.94507841462"
"2024-05-25 01:00:00","58621954","55686948","2935006","68774.9081363111"
"2024-05-25 02:00:00","55018829","77054059","-22035230","68954.68287265979"
"2024-05-25 03:00:00","57695799","65019568","-7323769","68977.64657293142"
"2024-05-25 04:00:00","55727330","64479077","-8751747","68992.00371087297"
"2024-05-25 05:00:00","54594555","60856706","-6262151","68874.63502303169"
"2024-05-25 06:00:00","54889712","61414700","-6524988","68818.20031655225"
"2024-05-25 07:00:00","54589791","56698469","-2108678","68577.64433365858"
"2024-05-25 08:00:00","52883077","50358036","2525041","68585.27506222346"
"2024-05-25 09:00:00","55284298","50257791","5026507","68624.05220616133"
"2024-05-25 10:00:00","54071931","53341257","730674","68768.04416685803"
"2024-05-25 11:00:00","54020576","56919538","-2898962","68743.2176013313"
"2024-05-25 12:00:00","57091123","55853362","1237761","68774.71849378127"
"2024-05-25 13:00:00","58820263","53893089","4927174","68721.24026086647"
"2024-05-25 14:00:00","59126944","53832017","5294927","68639.64260391655"
"2024-05-25 15:00:00","47827877","51851742","-4023865","68745.19754178789"
"2024-05-25 16:00:00","54891589","53797823","1093766","68890.04771834036"
"2024-05-25 17:00:00","58152218","58030576","121642","69044.71688864716"
"2024-05-25 18:00:00","66544057","62037674","4506383","69388.50042635793"
"2024-05-25 19:00:00","57495538","63686468","-6190930","69160.79222273645"
"2024-05-25 20:00:00","60667944","60247087","420857","69185.86674702345"
"2024-05-25 21:00:00","62635432","57527372","5108060","69002.2311641063"
"2024-05-25 22:00:00","56760100","56722692","37408","69050.0507153776"
"2024-05-25 23:00:00","61337830","54244251","7093579","68965.7374461008"
"2024-05-26 00:00:00","65635258","51790005","13845253","68927.620253271"
"2024-05-26 01:00:00","52678427","46467132","6211295","69061.24565589109"
"2024-05-26 02:00:00","61781184","56478358","5302826","69215.03651785543"
"2024-05-26 03:00:00","59605427","59437282","168145","69138.30892264686"
"2024-05-26 04:00:00","57559127","60959722","-3400595","69115.77056300412"
"2024-05-26 05:00:00","61167229","58947337","2219892","69111.12500784958"
"2024-05-26 06:00:00","49364852","45765360","3599492","69118.35570758593"
"2024-05-26 07:00:00","63544365","56416028","7128337","69269.43113621669"
"2024-05-26 08:00:00","56056311","57457166","-1400855","69186.54889983084"
"2024-05-26 09:00:00","59680734","58109517","1571217","69200.19997509917"
"2024-05-26 10:00:00","59708088","57905340","1802748","68870.81983345134"
"2024-05-26 11:00:00","64818131","53572082","11246049","69014.76440653937"
"2024-05-26 12:00:00","57073853","56145946","927907","68957.84155862988"
"2024-05-26 13:00:00","60110097","54655593","5454504","69083.70888010312"
"2024-05-26 14:00:00","60244205","52931512","7312693","69077.24237102119"
"2024-05-26 15:00:00","60021874","57121346","2900528","69257.87464094009"
"2024-05-26 16:00:00","58564972","64266623","-5701651","69100.46349356236"
"2024-05-26 17:00:00","58001713","53257247","4744466","69032.91091887373"
"2024-05-26 18:00:00","61513533","54239242","7274291","69162.90618840746"
"2024-05-26 19:00:00","63704391","53068787","10635604","69061.52009490825"
"2024-05-26 20:00:00","61268988","65246637","-3977649","68966.79661257983"
"2024-05-26 21:00:00","61546153","63508341","-1962188","69049.4258055726"
"2024-05-26 22:00:00","64994746","65030882","-36136","69234.45475733878"
"2024-05-26 23:00:00","57032641","62785384","-5752743","68739.54492106278"
"2024-05-27 00:00:00","63288641","52214055","11074586","68796.38254914188"
"2024-05-27 01:00:00","65860543","57160913","8699630","68809.22077666824"
"2024-05-27 02:00:00","63827336","51979669","11847667","68782.85207820588"
"2024-05-27 03:00:00","64274580","55028142","9246438","68838.4800427398"
"2024-05-27 04:00:00","60493505","46911587","13581918","68683.9947505587"
"2024-05-27 05:00:00","55901303","51936516","3964787","68368.72740701512"
"2024-05-27 06:00:00","44270589","41181783","3088806","68555.69180675254"
"2024-05-27 07:00:00","55113638","54135714","977924","68524.59025267849"
"2024-05-27 08:00:00","54917897","45135012","9782885","68708.94093429016"
"2024-05-27 09:00:00","60306204","51754904","8551300","69177.94664970174"
"2024-05-27 10:00:00","53694458","60121940","-6427482","69089.74497506206"
"2024-05-27 11:00:00","54272751","65141206","-10868455","68802.22088230943"
"2024-05-27 12:00:00","52751814","59977257","-7225443","68792.4109378123"
"2024-05-27 13:00:00","53308918","56643971","-3335053","68509.00338611634"
"2024-05-27 14:00:00","65949257","59011215","6938042","68366.44254336724"
"2024-05-27 15:00:00","64732743","64656910","75833","68602.73303277386"
"2024-05-27 16:00:00","65533977","68175678","-2641701","68617.48367198314"
"2024-05-27 17:00:00","64694974","58724680","5970294","68549.66737586216"
"2024-05-27 18:00:00","63088212","60293290","2794922","68542.24421559734"
"2024-05-27 19:00:00","62784150","63013400","-229250","68356.83141796834"
"2024-05-27 20:00:00","68565981","67596072","969909","68562.89319704456"
"2024-05-27 21:00:00","66249416","59725871","6523545","68889.66203959835"
"2024-05-27 22:00:00","52269159","57132166","-4863007","69182.43437627553"
"2024-05-27 23:00:00","57993823","68716570","-10722747","70317.4769969726"
"2024-05-28 00:00:00","58262681","74723306","-16460625","70156.71847598084"
"2024-05-28 01:00:00","55766947","60662421","-4895474","70109.20437614115"
"2024-05-28 02:00:00","63678978","65785891","-2106913","69881.50401002188"
"2024-05-28 03:00:00","63849930","64350943","-501013","69106.40157012291"
"2024-05-28 04:00:00","60183409","55770779","4412630","69585.45264853744"
"2024-05-28 05:00:00","61972344","61069715","902629","69631.55013335236"
"2024-05-28 06:00:00","43668135","53517738","-9849603","69530.35781528261"
"2024-05-28 07:00:00","62172276","61746138","426138","69365.10098776837"
"2024-05-28 08:00:00","58668477","56566143","2102334","69162.06443405565"
"2024-05-28 09:00:00","60071382","57017790","3053592","68598.19834733394"
"2024-05-28 10:00:00","65759670","54147313","11612357","68658.74137597007"
"2024-05-28 11:00:00","71766847","56351197","15415650","68015.47499735568"
"2024-05-28 12:00:00","71597159","56882134","14715025","67709.36725011052"
"2024-05-28 13:00:00","64410477","58380174","6030303","67905.71580578183"
"2024-05-28 14:00:00","61965263","58016205","3949058","67935.48887941006"
"2024-05-28 15:00:00","78453929","59376372","19077557","67621.09626551339"
"2024-05-28 16:00:00","69173365","58217982","10955383","68091.58547543938"
"2024-05-28 17:00:00","63317127","61968090","1349037","68363.62667457844"
"2024-05-28 18:00:00","59706118","64632697","-4926579","68524.53718221752"
"2024-05-28 19:00:00","65225896","62470656","2755240","68272.81449650877"
"2024-05-28 20:00:00","59247300","57204531","2042769","68357.4679864903"
"2024-05-28 21:00:00","58715471","51736489","6978982","67790.40007128034"
"2024-05-28 22:00:00","58870844","46531232","12339612","67963.4235495053"
"2024-05-28 23:00:00","70371140","60288584","10082556","68318.30355731618"
"2024-05-29 00:00:00","58338348","60633484","-2295136","67722.9769105902"
"2024-05-29 01:00:00","75953851","56947332","19006519","67794.30686915551"
"2024-05-29 02:00:00","74855389","58143614","16711775","67736.47731540557"
"2024-05-29 03:00:00","58333109","53429408","4903701","68355.65000770384"
"2024-05-29 04:00:00","59715103","55572550","4142553","68165.72835818102"
"2024-05-29 05:00:00","58366581","60106953","-1740372","68340.09181110826"
"2024-05-29 06:00:00","44820283","52816196","-7995913","68563.38522991572"
"2024-05-29 07:00:00","58866286","69599208","-10732922","68360.6718960059"
"2024-05-29 08:00:00","57846535","66877930","-9031395","68433.92615884125"
"2024-05-29 09:00:00","59600384","64473710","-4873326","68511.02952156821"
"2024-05-29 10:00:00","58281783","68407613","-10125830","68593.28205987091"
"2024-05-29 11:00:00","60646656","65675883","-5029227","68729.46062117271"
"2024-05-29 12:00:00","60502992","75207191","-14704199","68764.34055680047"
"2024-05-29 13:00:00","62413427","80426095","-18012668","68550.24030326874"
"2024-05-29 14:00:00","60575355","73265983","-12690628","68443.58419996485"
"2024-05-29 15:00:00","63183151","65641351","-2458200","68004.31676142947"
"2024-05-29 16:00:00","57365606","52216096","5149510","67812.62087157987"
"2024-05-29 17:00:00","68129063","62332401","5796662","67736.07395020398"
"2024-05-29 18:00:00","67875140","65007138","2868002","67869.680504753"
"2024-05-29 19:00:00","69739228","63169121","6570107","67782.10771352267"
"2024-05-29 20:00:00","60150859","52703562","7447297","67875.17579041235"
"2024-05-29 21:00:00","69898509","64090960","5807549","67737.53648251324"
"2024-05-29 22:00:00","65117944","58833633","6284311","67697.38891788876"
"2024-05-29 23:00:00","77670075","73691698","3978377","67316.50700538786"
"2024-05-30 00:00:00","78635009","72854556","5780453","67484.35730033666"
"2024-05-30 01:00:00","73366280","73703458","-337178","67483.11532440156"
"2024-05-30 02:00:00","74607538","70417537","4190001","67333.27315727371"
"2024-05-30 03:00:00","77874606","69931753","7942853","67267.3147644609"
"2024-05-30 04:00:00","76214197","57832970","18381227","67411.51196326978"
"2024-05-30 05:00:00","80149486","63888427","16261059","67617.90099221429"
"2024-05-30 06:00:00","51770658","57012851","-5242193","67597.89228655629"
"2024-05-30 07:00:00","71015797","69356995","1658802","67550.88110842311"
"2024-05-30 08:00:00","63826214","69105383","-5279169","67590.62770976625"
"2024-05-30 09:00:00","67543813","72084984","-4541171","67676.13726808943"
"2024-05-30 10:00:00","64373359","68763958","-4390599","67913.8396835516"
"2024-05-30 11:00:00","57805133","64565500","-6760367","68041.00279170908"
"2024-05-30 12:00:00","58526843","67358118","-8831275","68088.5145210976"
"2024-05-30 13:00:00","56439773","68105116","-11665343","68060.61663735795"
"2024-05-30 14:00:00","56290494","64666246","-8375752","67778.84059235427"
"2024-05-30 15:00:00","63746019","57343018","6403001","67730.51186094493"
"2024-05-30 16:00:00","62855441","54276793","8578648","67572.81855359492"
"2024-05-30 17:00:00","64530983","60290203","4240780","67648.49819290488"
"2024-05-30 18:00:00","64836242","67567912","-2731670","67916.60631383825"
"2024-05-30 19:00:00","59790619","64288483","-4497864","67827.3821677069"
"2024-05-30 20:00:00","52248535","63383878","-11135343","68062.78016822138"
"2024-05-30 21:00:00","59931353","66261702","-6330349","68616.81119361291"
"2024-05-30 22:00:00","45759407","64352738","-18593331","68383.76819715291"
"2024-05-30 23:00:00","61988061","72496951","-10508890","68489.63851638488"
"2024-05-31 00:00:00","64814552","79319210","-14504658","68566.47900576181"
"2024-05-31 01:00:00","62206343","77660188","-15453845","69458.41023546999"
"2024-05-31 02:00:00","61716602","72626515","-10909913","69250.68385809279"
"2024-05-31 03:00:00","62156751","81969099","-19812348","68522.84400259254"
"2024-05-31 04:00:00","56615490","70589754","-13974264","68423.61144484894"
"2024-05-31 05:00:00","59111520","68200704","-9089184","68404.04770795551"
"2024-05-31 06:00:00","48067421","58307960","-10240539","68307.89330610838"
"2024-05-31 07:00:00","61562898","69864858","-8301960","68373.08954425823"
"2024-05-31 08:00:00","61170708","65223917","-4053209","68398.91356700317"
"2024-05-31 09:00:00","66128300","68068967","-1940667","68440.20857606948"
"2024-05-31 10:00:00","70657739","68696858","1960881","68495.26911188832"
"2024-05-31 11:00:00","69732365","62402224","7330141","68503.05637521285"
"2024-05-31 12:00:00","71173706","63673553","7500153","68492.26397080657"
"2024-05-31 13:00:00","65501279","63030472","2470807","68385.21314075871"
"2024-05-31 14:00:00","66357886","65081705","1276181","68254.11769323911"
"2024-05-31 15:00:00","70418443","59803201","10615242","68099.59889745913"
"2024-05-31 16:00:00","65990449","55466037","10524412","68149.55722933314"
"2024-05-31 17:00:00","62700860","56770791","5930069","67906.54589453603"
"2024-05-31 18:00:00","73774668","60873849","12900819","68227.20745897164"
"2024-05-31 19:00:00","64093579","57438242","6655337","68344.34220160835"
"2024-05-31 20:00:00","61108754","61313616","-204862","68727.5397892594"
"2024-05-31 21:00:00","58083764","65525089","-7441325","68219.66609303585"
"2024-05-31 22:00:00","61825480","59039087","2786393","67414.62115371705"
"2024-05-31 23:00:00","75317587","57222407","18095180","67314.78852342686"
"2024-06-01 00:00:00","76631162","55464442","21166720","67073.6538840541"
"2024-06-01 01:00:00","68519453","62407004","6112449","67292.67277528848"
"2024-06-01 02:00:00","65458429","57833956","7624473","67310.83547564248"
"2024-06-01 03:00:00","60153320","60963683","-810363","67750.16346877697"
"2024-06-01 04:00:00","54680610","57204833","-2524223","67640.65371222758"
"2024-06-01 05:00:00","54103198","55647303","-1544105","67551.98038569748"
"2024-06-01 06:00:00","57987772","59701282","-1713510","67514.71923220503"
"2024-06-01 07:00:00","50045228","51662269","-1617041","67494.14634895764"
"2024-06-01 08:00:00","60319163","57930465","2388698","67599.04104647564"
"2024-06-01 09:00:00","62906916","57652183","5254733","67467.3572974496"
"2024-06-01 10:00:00","63848826","56809036","7039790","67653.860155641"
"2024-06-01 11:00:00","57675235","60932456","-3257221","67693.47864414038"
"2024-06-01 12:00:00","63775223","60459035","3316188","67665.73937674814"
"2024-06-01 13:00:00","62391059","62299642","91417","67642.15561724284"
"2024-06-01 14:00:00","60803439","61122093","-318654","67644.05796485426"
"2024-06-01 15:00:00","61293837","57596496","3697341","67632.77782687856"
"2024-06-01 16:00:00","61102459","62623633","-1521174","67636.3743596171"
"2024-06-01 17:00:00","63421035","62447121","973914","67663.82840456515"
"2024-06-01 18:00:00","64731750","63768551","963199","67617.85790385515"
"2024-06-01 19:00:00","61266190","64543867","-3277677","67632.03374165973"
"2024-06-01 20:00:00","63661677","65260315","-1598638","67719.00046769303"
"2024-06-01 21:00:00","63642841","62185165","1457676","67721.72464848726"
"2024-06-01 22:00:00","63402688","66129260","-2726572","67738.0435686277"
"2024-06-01 23:00:00","70244910","64398963","5845947","67723.83808256261"
"2024-06-02 00:00:00","61354866","61063285","291581","67647.79984219902"
"2024-06-02 01:00:00","57360503","63192021","-5831518","67604.63635993822"
"2024-06-02 02:00:00","60127494","61953804","-1826310","67704.71549391175"
"2024-06-02 03:00:00","60536702","64774608","-4237906","67738.60630380476"
"2024-06-02 04:00:00","60427071","68070302","-7643231","67709.29960040787"
"2024-06-02 05:00:00","59247162","67399601","-8152439","67708.45767579894"
"2024-06-02 06:00:00","43149145","54451015","-11301870","67756.64049993588"
"2024-06-02 07:00:00","60467240","59780075","687165","67699.70921973548"
"2024-06-02 08:00:00","55901143","58514819","-2613676","67795.1013519974"
"2024-06-02 09:00:00","62433136","63103297","-670161","67709.79371019623"
"2024-06-02 10:00:00","62766495","62129055","637440","67654.73236370042"
"2024-06-02 11:00:00","60607110","64580482","-3973372","67760.47900082142"
"2024-06-02 12:00:00","60625766","64404214","-3778448","67802.11058144577"
"2024-06-02 13:00:00","64488333","64000132","488201","67751.7637709748"
"2024-06-02 14:00:00","62728001","63197934","-469933","67775.13322921714"
"2024-06-02 15:00:00","59826802","66917490","-7090688","67714.71859339077"
"2024-06-02 16:00:00","60912205","66225272","-5313067","67722.17543813282"
"2024-06-02 17:00:00","62236992","65994052","-3757060","67456.21247252247"
"2024-06-02 18:00:00","63425382","62564858","860524","67484.04957846817"
"2024-06-02 19:00:00","64103642","63245783","857859","68158.37085416877"
"2024-06-02 20:00:00","53690842","65274212","-11583370","67903.71948577488"
"2024-06-02 21:00:00","59120297","65122580","-6002283","68033.09977141238"
"2024-06-02 22:00:00","55823172","64870877","-9047705","68139.64232369656"
"2024-06-02 23:00:00","60348680","64062776","-3714096","68078.8957221997"
"2024-06-03 00:00:00","55910818","62007029","-6096211","68056.10146460726"
"2024-06-03 01:00:00","61386809","63486604","-2099795","67906.34844848985"
"2024-06-03 02:00:00","56827922","60328850","-3500928","67672.73303076687"
"2024-06-03 03:00:00","67393307","55205124","12188183","67761.8807607005"
"2024-06-03 04:00:00","59392585","50700071","8692514","67735.64514998886"
"2024-06-03 05:00:00","60215528","55822927","4392601","67821.7127918275"
"2024-06-03 06:00:00","47241620","47217053","24567","67855.1793346814"
"2024-06-03 07:00:00","59077469","60791268","-1713799","67753.89194860862"
"2024-06-03 08:00:00","58024486","62816994","-4792508","67717.80335278783"
"2024-06-03 09:00:00","63627145","63837147","-210002","68380.5597262847"
"2024-06-03 10:00:00","58916406","76760549","-17844143","68441.29251828609"
"2024-06-03 11:00:00","57199797","90630066","-33430269","68363.94917932645"
"2024-06-03 12:00:00","61776175","64879722","-3103547","68411.40829326177"
"2024-06-03 13:00:00","58823850","81248448","-22424598","68661.05904426775"
"2024-06-03 14:00:00","60300560","83299548","-22998988","69011.47705093556"
"2024-06-03 15:00:00","63211983","73837437","-10625454","68852.52831327962"
"2024-06-03 16:00:00","59229400","68988803","-9759403","69134.91390429331"
"2024-06-03 17:00:00","63872969","76186787","-12313818","69044.0758850944"
"2024-06-03 18:00:00","60341456","75805244","-15463788","69048.44067494855"
"2024-06-03 19:00:00","58738014","76311716","-17573702","69069.1501554051"
"2024-06-03 20:00:00","60470780","74628231","-14157451","69526.93350049392"
"2024-06-03 21:00:00","65353201","92862230","-27509029","69869.05212222972"
"2024-06-03 22:00:00","42756474","68498654","-25742180","68640.43285869555"
"2024-06-03 23:00:00","64212267","53776741","10435526","69288.87384114228"
"2024-06-04 00:00:00","55645931","67118861","-11472930","69034.80817742863"
"2024-06-04 01:00:00","67086982","59649614","7437368","69279.33400069889"
"2024-06-04 02:00:00","57914049","62230837","-4316788","69316.0041948329"
"2024-06-04 03:00:00","58629236","68319876","-9690640","69070.58442010003"
"2024-06-04 04:00:00","57725386","58277310","-551924","69151.88275945128"
"2024-06-04 05:00:00","57907167","62833065","-4925898","69069.99798456971"
"2024-06-04 06:00:00","48176523","50172864","-1996341","69046.627179102"
"2024-06-04 07:00:00","68139952","61836487","6303465","68799.14059215461"
"2024-06-04 08:00:00","62258917","57328643","4930274","68999.5251533267"
"2024-06-04 09:00:00","66224985","63229283","2995702","69092.08950213985"
"2024-06-04 10:00:00","66771086","62327847","4443239","69094.37644012179"
"2024-06-04 11:00:00","68611342","66472102","2139240","69162.01729013836"
"2024-06-04 12:00:00","61373022","67645740","-6272718","69060.56719520346"
"2024-06-04 13:00:00","62472064","68733471","-6261407","69007.42755059061"
"2024-06-04 14:00:00","64395371","63684292","711079","68933.40441229123"
"2024-06-04 15:00:00","69329456","73599584","-4270128","69002.04889888428"
"2024-06-04 16:00:00","69254250","69229814","24436","68997.60533357965"
"2024-06-04 17:00:00","65126029","68517223","-3391194","68618.2337922864"
"2024-06-04 18:00:00","78076424","66228118","11848306","68890.83725513882"
"2024-06-04 19:00:00","76502052","62932914","13569138","68925.46503901653"
"2024-06-04 20:00:00","69551398","67023428","2527970","68887.93401318692"
"2024-06-04 21:00:00","64882239","64505275","376964","69641.13861122046"
"2024-06-04 22:00:00","55655934","88409236","-32753302","69624.13810245963"
"2024-06-04 23:00:00","68345183","81964843","-13619660","70243.13166344898"
"2024-06-05 00:00:00","60127946","96026652","-35898706","70848.80328902199"
"2024-06-05 01:00:00","67310597","100946524","-33635927","70591.02433859262"
"2024-06-05 02:00:00","63515005","94346950","-30831945","70782.60864160467"
"2024-06-05 03:00:00","59954590","88169325","-28214735","70359.27723427437"
"2024-06-05 04:00:00","58397735","67247432","-8849697","70480.9329416621"
"2024-06-05 05:00:00","63583875","74514763","-10930888","70565.48850531522"
"2024-06-05 06:00:00","53634822","64511235","-10876413","70561.79176076259"
"2024-06-05 07:00:00","69952305","76996012","-7043707","70551.15091870313"
"2024-06-05 08:00:00","61696964","72181597","-10484633","70718.47545564886"
"2024-06-05 09:00:00","64968352","90158289","-25189937","71044.36907813836"
"2024-06-05 10:00:00","64403263","92598062","-28194799","70834.96661615599"
"2024-06-05 11:00:00","70740263","79515425","-8775162","70894.22746111888"
"2024-06-05 12:00:00","62664608","79280559","-16615951","71199.03741737422"
"2024-06-05 13:00:00","74943126","104430761","-29487635","70976.44893080063"
"2024-06-05 14:00:00","69814578","96665718","-26851140","71072.84870081749"
"2024-06-05 15:00:00","74006070","101134167","-27128097","71261.12857161446"
"2024-06-05 16:00:00","71828113","103515538","-31687425","70891.91019844775"
"2024-06-05 17:00:00","75307935","90841354","-15533419","70843.09171221804"
"2024-06-05 18:00:00","74952804","86842292","-11889488","70799.67599628208"
"2024-06-05 19:00:00","78566363","69534395","9031968","70962.41030616085"
"2024-06-05 20:00:00","70866049","89513428","-18647379","70832.58621700904"
"2024-06-05 21:00:00","71072061","91933462","-20861401","70728.18305542895"
"2024-06-05 22:00:00","51981166","45063643","6917523","71005.25664537639"
"2024-06-05 23:00:00","63076689","81947101","-18870412","71484.23837164005"
"2024-06-06 00:00:00","56730620","145805655","-89075035","71331.03827900381"
"2024-06-06 01:00:00","58986842","108428744","-49441902","71621.77822772015"
"2024-06-06 02:00:00","66239667","165723180","-99483513","71065.78215990603"
"2024-06-06 03:00:00","61315557","62980939","-1665382","71181.72112381032"
"2024-06-06 04:00:00","64626286","92165413","-27539127","71233.91610191434"
"2024-06-06 05:00:00","68079195","76312668","-8233473","71089.77832836431"
"2024-06-06 06:00:00","52933527","59790531","-6857004","71144.00870249195"
"2024-06-06 07:00:00","66753009","77402208","-10649199","71077.38404415407"
"2024-06-06 08:00:00","63721771","70558713","-6836942","70986.71976750244"
"2024-06-06 09:00:00","68878074","73274582","-4396508","71122.64056069349"
"2024-06-06 10:00:00","68511718","76788654","-8276936","71149.29918181172"
"2024-06-06 11:00:00","69727000","84049308","-14322308","71081.27205039095"
"2024-06-06 12:00:00","81639405","74126216","7513189","71086.62627060013"
"2024-06-06 13:00:00","71713244","76520030","-4806786","70867.96789300606"
"2024-06-06 14:00:00","78038646","74864026","3174620","70881.794724148"
"2024-06-06 15:00:00","72789752","74164710","-1374958","70924.10252336181"
"2024-06-06 16:00:00","77429826","66786042","10643784","70910.76056715829"
"2024-06-06 17:00:00","77742198","71749716","5992482","70950.66364840652"
"2024-06-06 18:00:00","80941685","76783134","4158551","70935.98377514702"
"2024-06-06 19:00:00","68585139","65564980","3020159","71097.60853843043"
"2024-06-06 20:00:00","79711790","81015232","-1303442","71071.6508018188"
"2024-06-06 21:00:00","79538681","78260766","1277915","71318.09662577994"
"2024-06-06 22:00:00","71075423","73006270","-1930847","71406.78969263629"
"2024-06-06 23:00:00","72269933","117292921","-45022988","71280.29415638748"
"2024-06-07 00:00:00","62942916","88412918","-25470002","71171.40251098355"
"2024-06-07 01:00:00","75870932","65837735","10033197","71050.92584827862"
"2024-06-07 02:00:00","68021893","73542667","-5520774","71065.34150387591"
"2024-06-07 03:00:00","74771806","74516004","255802","70545.29999004447"
"2024-06-07 04:00:00","73064987","60561640","12503347","70683.72776794079"
"2024-06-07 05:00:00","69592693","62682710","6909983","70737.78549222824"
"2024-06-07 06:00:00","52834381","54037699","-1203318","70796.50792081571"
"2024-06-07 07:00:00","67332084","61124181","6207903","70763.7844939708"
"2024-06-07 08:00:00","61713228","60080741","1632487","70851.40866243183"
"2024-06-07 09:00:00","65244399","68902554","-3658155","70810.5941645913"
"2024-06-07 10:00:00","66593342","73048881","-6455539","70770.17540482867"
"2024-06-07 11:00:00","68424704","68547389","-122685","70953.36831944126"
"2024-06-07 12:00:00","65498844","69965018","-4466174","71149.28556077367"
"2024-06-07 13:00:00","62061772","92142853","-30081081","71336.37364576344"
"2024-06-07 14:00:00","65654894","115613775","-49958881","71239.02687594588"
"2024-06-07 15:00:00","66203476","99714202","-33510726","71089.07277462454"
"2024-06-07 16:00:00","61221403","82442679","-21221276","71085.90679789246"
"2024-06-07 17:00:00","60815111","80301681","-19486570","71165.93610570068"
"2024-06-07 18:00:00","71140531","94411590","-23271059","71320.56836026946"
"2024-06-07 19:00:00","63186001","110689405","-47503404","71603.69160312599"
"2024-06-07 20:00:00","58284640","155242100","-96957460","71077.31452305285"
"2024-06-07 21:00:00","68553076","58512223","10040853","71496.73330434629"
"2024-06-07 22:00:00","58749834","117069847","-58320013","71375.83628146748"
"2024-06-07 23:00:00","61254120","89647698","-28393578","70953.64349422329"
"2024-06-08 00:00:00","71041784","63585441","7456343","70805.4827282421"
"2024-06-08 01:00:00","80174246","64965336","15208910","70154.82881505534"
"2024-06-08 02:00:00","65169055","48405558","16763497","69135.36187947597"
"2024-06-08 03:00:00","69012776","56323615","12689161","69320.41248752602"
"2024-06-08 04:00:00","61794331","55764691","6029640","69234.09060065314"
"2024-06-08 05:00:00","66252316","61893694","4358622","69236.21303879246"
"2024-06-08 06:00:00","64604040","61329886","3274154","69409.56136824796"
"2024-06-08 07:00:00","62198548","64831404","-2632856","69366.20544330835"
"2024-06-08 08:00:00","59939181","58482535","1456646","69409.45527871628"
"2024-06-08 09:00:00","63238078","62087866","1150212","69453.11796734695"
"2024-06-08 10:00:00","64943771","63064378","1879393","69436.78395246442"
"2024-06-08 11:00:00","64540250","61315764","3224486","69456.05991109682"
"2024-06-08 12:00:00","65285942","64125065","1160877","69344.89401165009"
"2024-06-08 13:00:00","67665152","62538098","5127054","69317.40586661044"
"2024-06-08 14:00:00","68754687","60144117","8610570","69355.90050319738"
"2024-06-08 15:00:00","66572102","59273876","7298226","69530.37323306377"
"2024-06-08 16:00:00","64816418","57333950","7482468","69445.04251898424"
"2024-06-08 17:00:00","70803865","59365490","11438375","69439.60637788996"
"2024-06-08 18:00:00","71970704","63118783","8851921","69478.86458695239"
"2024-06-08 19:00:00","71080105","67839587","3240518","69423.20825072026"
"2024-06-08 20:00:00","69078615","66873439","2205176","69323.43572027776"
"2024-06-08 21:00:00","69341956","69120291","221665","69399.6911177391"
"2024-06-08 22:00:00","65702019","69991731","-4289712","69450.5198637878"
"2024-06-08 23:00:00","72893408","63079444","9813964","69441.28779702066"
"2024-06-09 00:00:00","62825229","62875666","-50437","69373.51959513735"
"2024-06-09 01:00:00","63950656","63608012","342644","69440.08429962317"
"2024-06-09 02:00:00","68591254","67456652","1134602","69471.02705194449"
"2024-06-09 03:00:00","70639836","64761522","5878314","69470.69558044337"
"2024-06-09 04:00:00","64317351","67937090","-3619739","69389.92752255633"
"2024-06-09 05:00:00","67962719","65951510","2011209","69422.89049873748"
"2024-06-09 06:00:00","56867661","59746550","-2878889","69358.7240758362"
"2024-06-09 07:00:00","71455765","68250792","3204973","69336.67531562776"
"2024-06-09 08:00:00","68296985","66279737","2017248","69303.60613083592"
"2024-06-09 09:00:00","70814413","63644618","7169795","69308.69958241707"
"2024-06-09 10:00:00","65651236","62987164","2664072","69211.56932917211"
"2024-06-09 11:00:00","79956841","67343198","12613643","69278.62433545609"
"2024-06-09 12:00:00","75390724","67618404","7772320","69309.44764218532"
"2024-06-09 13:00:00","74699701","68408260","6291441","69334.0018666991"
"2024-06-09 14:00:00","68638811","68809749","-170938","69383.31872420434"
"2024-06-09 15:00:00","76965356","67459938","9505418","69323.17745299682"
"2024-06-09 16:00:00","73990939","66896851","7094088","69409.90613356276"
"2024-06-09 17:00:00","78346483","67048146","11298337","69418.1454942163"
"2024-06-09 18:00:00","74729198","67064381","7664817","69400.76418307585"
"2024-06-09 19:00:00","72239604","68483787","3755817","69423.1822636608"
"2024-06-09 20:00:00","71750122","68235386","3514736","69780.9806285204"
"2024-06-09 21:00:00","65168395","64130277","1038118","69499.15013612904"
"2024-06-09 22:00:00","74856254","61953132","12903122","69508.24182946465"
"2024-06-09 23:00:00","73277037","60699006","12578031","69552.5401062082"
"2024-06-10 00:00:00","72335471","60416769","11918702","69603.661376324"
"2024-06-10 01:00:00","70792255","59574889","11217366","69638.49768919032"
"2024-06-10 02:00:00","74794121","59338647","15455474","69732.87969037225"
"2024-06-10 03:00:00","66568588","61492388","5076200","69747.46887274174"
"2024-06-10 04:00:00","67527910","65547670","1980240","69683.24280760817"
"2024-06-10 05:00:00","75811108","68367284","7443824","69764.81709252113"
"2024-06-10 06:00:00","57681884","59169423","-1487539","69607.76866384067"
"2024-06-10 07:00:00","74038428","71338793","2699635","69635.86846123665"
"2024-06-10 08:00:00","68867774","63144627","5723147","69492.1876463717"
"2024-06-10 09:00:00","77676146","69596758","8079388","69636.56466362711"
"2024-06-10 10:00:00","72347365","76481270","-4133905","69719.43006273592"
"2024-06-10 11:00:00","73449031","76291389","-2842358","69606.26122884481"
"2024-06-10 12:00:00","77054474","74648986","2405488","69639.88652560492"
"2024-06-10 13:00:00","75786207","72941836","2844371","69528.87305489168"
"2024-06-10 14:00:00","75190317","74791268","399049","69445.1901765855"
"2024-06-10 15:00:00","71209711","68440706","2769005","69309.9862461934"
"2024-06-10 16:00:00","81256141","65120196","16135945","69440.01596501179"
"2024-06-10 17:00:00","77290142","73292003","3998139","69416.30016950844"
"2024-06-10 18:00:00","76602045","72744314","3857731","69418.91323944557"
"2024-06-10 19:00:00","77343775","74767377","2576398","69427.52546382337"
"2024-06-10 20:00:00","76700623","76985252","-284629","69408.43461953604"
"2024-06-10 21:00:00","68691544","73261563","-4570019","69440.86663831014"
"2024-06-10 22:00:00","65149757","69497854","-4348097","69564.83856625354"
"2024-06-10 23:00:00","78204250","73030867","5173383","70022.88850931774"
"2024-06-11 00:00:00","70569390","83506438","-12937048","69952.22998600607"
"2024-06-11 01:00:00","67511127","78858209","-11347082","69938.81097337186"
"2024-06-11 02:00:00","72713998","79307314","-6593316","69856.90877491696"
"2024-06-11 03:00:00","67682284","78970608","-11288324","69465.48602872045"
"2024-06-11 04:00:00","71177921","64450670","6727251","69624.63292501922"
"2024-06-11 05:00:00","63365218","64405882","-1040664","69535.5313950885"
"2024-06-11 06:00:00","54834120","52658560","2175560","69391.29926675258"
"2024-06-11 07:00:00","74226862","70189803","4037059","69464.19919817043"
"2024-06-11 08:00:00","72923946","66017062","6906884","69397.78668915418"
"2024-06-11 09:00:00","77187121","64334697","12852424","69107.86381966506"
"2024-06-11 10:00:00","66055641","46909999","19145642","68237.93963512583"
"2024-06-11 11:00:00","75193203","63158207","12034996","68367.696358295"
"2024-06-11 12:00:00","68754278","53255534","15498744","67948.83608079601"
"2024-06-11 13:00:00","87974821","63787606","24187215","67803.38766529132"
"2024-06-11 14:00:00","86650439","58281454","28368985","67597.96738571822"
"2024-06-11 15:00:00","76457292","65245353","11211939","67529.35957542396"
"2024-06-11 16:00:00","76544207","63726673","12817534","67556.39510628325"
"2024-06-11 17:00:00","87810386","63338846","24471540","66987.4805193543"
"2024-06-11 18:00:00","78625215","60667016","17958199","66899.1626454255"
"2024-06-11 19:00:00","78661726","65431573","13230153","66840.79604067185"
"2024-06-11 20:00:00","83821725","61908922","21912803","67021.12968736932"
"2024-06-11 21:00:00","87510541","62095325","25415216","66770.6123643391"
"2024-06-11 22:00:00","82385491","57572199","24813292","66910.31736462125"
"2024-06-11 23:00:00","73068403","58666092","14402311","66272.12283046418"
"2024-06-12 00:00:00","90043763","63810242","26233521","66472.35273793401"
"2024-06-12 01:00:00","85933144","59748714","26184430","66694.43627578349"
"2024-06-12 02:00:00","65239811","62741104","2498707","67148.76571203246"
"2024-06-12 03:00:00","69372504","62760946","6611558","67386.59312553263"
"2024-06-12 04:00:00","62105587","64829752","-2724165","67226.35901146109"
"2024-06-12 05:00:00","65063101","61482304","3580797","67348.98559880267"
"2024-06-12 06:00:00","57682222","55360198","2322024","67363.98136137985"
"2024-06-12 07:00:00","75042793","63938978","11103815","67344.60745403491"
"2024-06-12 08:00:00","64686965","60318631","4368334","67208.72146561676"
"2024-06-12 09:00:00","73314507","66794258","6520249","67075.72248819462"
"2024-06-12 10:00:00","67779686","63936891","3842795","67392.48797622384"
"2024-06-12 11:00:00","68043185","69890852","-1847667","67389.46081167346"
"2024-06-12 12:00:00","68252315","63752265","4500050","67507.3605977579"
"2024-06-12 13:00:00","69997214","69917894","79320","67223.84902139292"
"2024-06-12 14:00:00","61373494","55689844","5683650","67290.8365969251"
"2024-06-12 15:00:00","66081091","65941198","139893","67420.25759774195"
"2024-06-12 16:00:00","68338466","61699092","6639374","67381.46016057748"
"2024-06-12 17:00:00","70881240","69281260","1599980","67597.09968277406"
"2024-06-12 18:00:00","71493017","65283971","6209046","67916.92883839596"
"2024-06-12 19:00:00","64992107","69137493","-4145386","67735.35709940689"
"2024-06-12 20:00:00","69655819","65305924","4349895","69191.86648562018"
"2024-06-12 21:00:00","63903333","70440703","-6537370","69398.70085150162"
"2024-06-12 22:00:00","70512809","79852463","-9339654","69836.08141211346"
"2024-06-12 23:00:00","72446799","94251148","-21804349","69728.90808647149"
"2024-06-13 00:00:00","70956490","89283293","-18326803","69557.96203236656"
"2024-06-13 01:00:00","61802046","90996974","-29194928","69724.22973524046"
"2024-06-13 02:00:00","34728265","29836822","4891443","68949.20916510595"
"2024-06-13 03:00:00","57034489","50450339","6584150","67477.6236481392"
"2024-06-13 04:00:00","54321915","46439378","7882537","68110.86927225819"
"2024-06-13 05:00:00","63938231","62608540","1329691","68511.41509613262"
"2024-06-13 06:00:00","48207217","63930748","-15723531","68318.21452348247"
"2024-06-13 07:00:00","61421543","65192542","-3770999","68226.57691698322"
"2024-06-13 08:00:00","64183669","58895658","5288011","68283.31562448695"
"2024-06-13 09:00:00","69127023","60119676","9007347","68053.3166369332"
"2024-06-13 10:00:00","70639927","64149879","6490048","67725.57346047046"
"2024-06-13 11:00:00","68224716","61366078","6858638","67335.88410267206"
"2024-06-13 12:00:00","72143204","62487042","9656162","67409.21670571575"
"2024-06-13 13:00:00","63588696","50774150","12814546","67592.12759191841"
"2024-06-13 14:00:00","62870745","52654036","10216709","67477.07452665419"
"2024-06-13 15:00:00","71530361","61131566","10398795","67624.67562418853"
"2024-06-13 16:00:00","63397913","56396712","7001201","67554.74873342305"
"2024-06-13 17:00:00","69701056","64305422","5395634","67365.42940710847"
"2024-06-13 18:00:00","74938580","60871037","14067543","67702.36477875162"
"2024-06-13 19:00:00","65073726","61426555","3647171","67745.13404104397"
"2024-06-13 20:00:00","57363802","56862893","500909","67598.46723204308"
"2024-06-13 21:00:00","66700544","61267874","5432670","67985.16724798485"
"2024-06-13 22:00:00","67238479","62088877","5149602","67506.21435387619"
"2024-06-13 23:00:00","86245945","63249107","22996838","66519.75733999694"
"2024-06-14 00:00:00","84827878","57620054","27207824","66903.30701190766"
"2024-06-14 01:00:00","66793032","60753057","6039975","66873.21976510984"
"2024-06-14 02:00:00","70198587","69770327","428260","66854.22968055704"
"2024-06-14 03:00:00","73446515","72640948","805567","66680.2921942225"
"2024-06-14 04:00:00","78367255","62918326","15448929","66641.6730039815"
"2024-06-14 05:00:00","87589654","67826879","19762775","66874.78453320172"
"2024-06-14 06:00:00","54079620","62374386","-8294766","66918.44243690927"
"2024-06-14 07:00:00","70594804","71919477","-1324673","66751.39854364301"
"2024-06-14 08:00:00","71542893","64391902","7150991","66699.6445912337"
"2024-06-14 09:00:00","68961101","67549119","1411982","66721.19412028255"
"2024-06-14 10:00:00","74891689","62834152","12057537","66928.91766937582"
"2024-06-14 11:00:00","65935114","63180652","2754462","66690.17913686557"
"2024-06-14 12:00:00","84931239","64007652","20923587","66698.2726971306"
"2024-06-14 13:00:00","84328757","63581770","20746987","67090.37438403803"
"2024-06-14 14:00:00","70460677","63567559","6893118","66958.64911368932"
"2024-06-14 15:00:00","71692741","65617236","6075505","66985.98689343066"
"2024-06-14 16:00:00","69454881","63801350","5653531","67161.9888267051"
"2024-06-14 17:00:00","56571775","56880769","-308994","66917.74131921375"
"2024-06-14 18:00:00","69912759","69909994","2765","66820.85879642268"
"2024-06-14 19:00:00","68887387","67198974","1688413","66977.61778237809"
"2024-06-14 20:00:00","71739039","65987876","5751163","67026.25047798692"
"2024-06-14 21:00:00","76854610","65148775","11705835","67156.92148177035"
"2024-06-14 22:00:00","67379508","57326804","10052704","66926.71116957662"
"2024-06-14 23:00:00","56232900","54820177","1412723","66414.88133498456"
"2024-06-15 00:00:00","101932810","59076654","42856156","65384.15943040211"
"2024-06-15 01:00:00","96029705","60063795","35965910","65369.76375285943"
"2024-06-15 02:00:00","100804317","64130333","36673984","65389.12140358179"
"2024-06-15 03:00:00","88260585","53855208","34405377","65463.04164113451"
"2024-06-15 04:00:00","95229678","64383627","30846051","65704.28871603092"
"2024-06-15 05:00:00","68113642","60468779","7644863","66213.87360792788"
"2024-06-15 06:00:00","59563324","54997343","4565981","66037.53647211996"
"2024-06-15 07:00:00","62841691","56404009","6437682","66058.40586295088"
"2024-06-15 08:00:00","60554252","53574195","6980057","66236.15392680117"
"2024-06-15 09:00:00","62920089","59082859","3837230","66106.63675112279"
"2024-06-15 10:00:00","62488935","61920732","568203","66211.47051352989"
"2024-06-15 11:00:00","64063727","58379475","5684252","66260.20425343521"
"2024-06-15 12:00:00","61400515","58545016","2855499","66277.8244811447"
"2024-06-15 13:00:00","62560867","60987269","1573598","66297.6419366434"
"2024-06-15 14:00:00","64050397","59906584","4143813","66232.49134291301"
"2024-06-15 15:00:00","55846732","55892584","-45852","66068.95746052107"
"2024-06-15 16:00:00","65135895","62934156","2201739","66186.7091217446"
"2024-06-15 17:00:00","66092388","63868075","2224313","66194.83772302642"
"2024-06-15 18:00:00","63967342","61042237","2925105","66303.37301727325"
"2024-06-15 19:00:00","63648446","62995653","652793","66325.74330317517"
"2024-06-15 20:00:00","64874627","64483168","391459","66263.33117865963"
"2024-06-15 21:00:00","65080199","67763994","-2683795","66260.42677153055"
"2024-06-15 22:00:00","66153285","69097141","-2943856","66214.06053853624"
"2024-06-15 23:00:00","65945960","67182539","-1236579","66306.37639994556"
"2024-06-16 00:00:00","61704445","67623038","-5918593","66202.1567270093"
"2024-06-16 01:00:00","59578614","62491101","-2912487","66223.44852453681"
"2024-06-16 02:00:00","63484914","70753631","-7268717","66110.20575169344"
"2024-06-16 03:00:00","66038820","66632486","-593666","66135.11815092507"
"2024-06-16 04:00:00","61792266","65608430","-3816164","66037.85014461464"
"2024-06-16 05:00:00","67018397","66770702","247695","66120.37191993665"
"2024-06-16 06:00:00","54147250","54925466","-778216","66093.75894661057"
"2024-06-16 07:00:00","63713072","61112526","2600546","66225.5758233538"
"2024-06-16 08:00:00","59290301","62594043","-3303742","66179.70414161151"
"2024-06-16 09:00:00","64907176","66515959","-1608783","66147.5733288197"
"2024-06-16 10:00:00","67514211","64488506","3025705","66122.76553071226"
"2024-06-16 11:00:00","66717266","65546901","1170365","66118.59374899088"
"2024-06-16 12:00:00","66386516","67404872","-1018356","66151.64316391664"
"2024-06-16 13:00:00","63571504","68185284","-4613780","66208.24437097664"
"2024-06-16 14:00:00","64203411","61670050","2533361","66223.40274653315"
"2024-06-16 15:00:00","70458046","68469459","1988587","66244.57271327575"
"2024-06-16 16:00:00","68466100","69848303","-1382203","66264.66031900309"
"2024-06-16 17:00:00","69334855","69615681","-280826","66381.72467617862"
"2024-06-16 18:00:00","71941038","67482106","4458932","66694.17759578669"
"2024-06-16 19:00:00","63698901","65689281","-1990380","66470.01514035997"
"2024-06-16 20:00:00","68320328","66323303","1997025","66558.220291632"
"2024-06-16 21:00:00","72817408","70793047","2024361","66655.3604772649"
"2024-06-16 22:00:00","70475359","68214750","2260609","66575.52250587293"
"2024-06-16 23:00:00","65798353","71946055","-6147702","66643.94375384379"
"2024-06-17 00:00:00","72075484","66802638","5272846","66575.01748674246"
"2024-06-17 01:00:00","71352745","69748802","1603943","66534.55800674912"
"2024-06-17 02:00:00","78024426","66796036","11228390","66563.26454403353"
"2024-06-17 03:00:00","71952965","70010250","1942715","66538.3438428843"
"2024-06-17 04:00:00","68030966","63168333","4862633","66478.96829466142"
"2024-06-17 05:00:00","63988467","62183574","1804893","66443.15982940872"
"2024-06-17 06:00:00","54397674","48398386","5999288","66661.46281844162"
"2024-06-17 07:00:00","68656177","61554867","7101310","66632.78666799274"
"2024-06-17 08:00:00","65530084","65820722","-290638","66653.45813189079"
"2024-06-17 09:00:00","72059088","63404358","8654730","66444.61900276883"
"2024-06-17 10:00:00","67908818","58405522","9503296","66321.66776855977"
"2024-06-17 11:00:00","68174666","65905431","2269235","66231.95145609183"
"2024-06-17 12:00:00","62467178","61920110","547068","66354.73089739184"
"2024-06-17 13:00:00","74018778","63855229","10163549","66336.11093479561"
"2024-06-17 14:00:00","75835686","66543221","9292465","66074.98731914356"
"2024-06-17 15:00:00","74757059","62867784","11889275","66162.46518007242"
"2024-06-17 16:00:00","68236478","64931929","3304549","66159.91741406602"
"2024-06-17 17:00:00","68832012","63276308","5555704","65692.83257293278"
"2024-06-17 18:00:00","68502514","61109974","7392540","65751.38929300936"
"2024-06-17 19:00:00","72577142","58486160","14090982","65784.5874833194"
"2024-06-17 20:00:00","67763973","63325523","4438450","65523.78734563921"
"2024-06-17 21:00:00","82071652","63941323","18130329","65256.26017796321"
"2024-06-17 22:00:00","105229211","61713487","43515724","65571.18085809606"
"2024-06-17 23:00:00","92957373","58294388","34662985","65366.35704951962"
"2024-06-18 00:00:00","94628272","54769484","39858788","65792.40702197478"
"2024-06-18 01:00:00","64733274","60803196","3930078","66453.43762744268"
"2024-06-18 02:00:00","62935583","65379021","-2443438","66883.43491308122"
"2024-06-18 03:00:00","69279586","68232818","1046768","66641.109878459"
"2024-06-18 04:00:00","63681289","64249517","-568228","66395.18340594399"
"2024-06-18 05:00:00","70910983","63226790","7684193","66560.1899463836"
"2024-06-18 06:00:00","57093141","55919840","1173301","66640.36203139908"
"2024-06-18 07:00:00","68658681","67789683","868998","66492.25506338976"
"2024-06-18 08:00:00","67771337","61736793","6034544","65956.61785046464"
"2024-06-18 09:00:00","74324508","58314693","16009815","64924.89448326686"
"2024-06-18 10:00:00","70644171","57393927","13250244","65396.85506249742"
"2024-06-18 11:00:00","59173981","57413571","1760410","65493.417187269864"
"2024-06-18 12:00:00","61107006","63725885","-2618879","65639.30112942135"
"2024-06-18 13:00:00","64696554","65909204","-1212650","65615.25443047985"
"2024-06-18 14:00:00","62965561","56682641","6282920","65420.646584011076"
"2024-06-18 15:00:00","62751908","58318877","4433031","65643.24574682713"
"2024-06-18 16:00:00","54675325","55528630","-853305","65723.40831470944"
"2024-06-18 17:00:00","58428926","62230268","-3801342","65550.83147835376"
"2024-06-18 18:00:00","66849049","63822686","3026363","65442.066912210736"
"2024-06-18 19:00:00","57980531","58465626","-485095","65377.097543824915"
"2024-06-18 20:00:00","64620160","64583700","36460","65115.911435292124"
"2024-06-18 21:00:00","64468603","64838712","-370109","64787.56202726218"
"2024-06-18 22:00:00","70884824","55093044","15791780","65053.42409624807"
"2024-06-18 23:00:00","70965013","54987201","15977812","64694.35479291478"
"2024-06-19 00:00:00","72164689","62642539","9522150","64491.201932829084"
"2024-06-19 01:00:00","75773034","58613395","17159639","64613.86908686603"
"2024-06-19 02:00:00","76688607","63398803","13289804","64641.63838686841"
"2024-06-19 03:00:00","74773574","61116318","13657256","64182.249164846806"
"2024-06-19 04:00:00","76427797","50414233","26013564","64878.06864508428"
"2024-06-19 05:00:00","62585637","59826720","2758917","65089.96046217535"
"2024-06-19 06:00:00","47641344","67371367","-19730023","65236.29923461497"
"2024-06-19 07:00:00","65564912","78391163","-12826251","65106.53780203808"
"2024-06-19 08:00:00","59217127","73849889","-14632762","65081.1761769484"
"2024-06-19 09:00:00","66104803","80038680","-13933877","64979.116932938916"
"2024-06-19 10:00:00","68625861","62678035","5947826","65305.00744700992"
"2024-06-19 11:00:00","63889661","71155138","-7265477","65443.43826669474"
"2024-06-19 12:00:00","66643837","74899308","-8255471","65453.86108181848"
"2024-06-19 13:00:00","59145580","61967325","-2821745","65460.65969576816"
"2024-06-19 14:00:00","63163987","67463135","-4299148","65563.9734746008"
"2024-06-19 15:00:00","65388443","69069858","-3681415","65317.588008447914"
"2024-06-19 16:00:00","63820909","64027653","-206744","65145.28664224916"
"2024-06-19 17:00:00","66932033","58675704","8256329","65167.97620770637"
"2024-06-19 18:00:00","69960188","63055073","6905115","65322.91438919296"
"2024-06-19 19:00:00","65408497","61037928","4370569","65179.86032101996"
"2024-06-19 20:00:00","63745099","61835911","1909188","65169.75954414958"
"2024-06-19 21:00:00","65068977","60261356","4807621","65138.52204415656"
"2024-06-19 22:00:00","64531321","58706496","5824825","64926.18717522259"
"2024-06-19 23:00:00","71860303","66114253","5746050","64812.35589005596"
"2024-06-20 00:00:00","71251998","60201238","11050760","64958.42882566722"
"2024-06-20 01:00:00","75034905","65469378","9565527","65075.452753010046"
"2024-06-20 02:00:00","71326302","64238233","7088069","64960.4561544467"
"2024-06-20 03:00:00","70457970","68306154","2151816","64868.32237214023"
"2024-06-20 04:00:00","75510913","64561492","10949421","64801.48663700929"
"2024-06-20 05:00:00","73548993","57313057","16235936","65020.46097629011"
"2024-06-20 06:00:00","71624965","67866594","3758371","64864.163797961446"
"2024-06-20 07:00:00","77875783","63466542","14409241","64962.04178659106"
"2024-06-20 08:00:00","73037004","63152118","9884886","64971.568617766876"
"2024-06-20 09:00:00","72452529","68354424","4098105","65095.80877754781"
"2024-06-20 10:00:00","66196650","70555012","-4358362","65180.410297417446"
"2024-06-20 11:00:00","65888264","68677035","-2788771","65149.9104653711"
"2024-06-20 12:00:00","65584780","66499700","-914920","65213.84504348713"
"2024-06-20 13:00:00","63883222","77199068","-13315846","65492.59071339937"
"2024-06-20 14:00:00","64942801","72884283","-7941482","65436.22522474487"
"2024-06-20 15:00:00","67352687","67479529","-126842","65813.1663412837"
"2024-06-20 16:00:00","65292027","61900769","3391258","65695.14471892522"
"2024-06-20 17:00:00","66138659","61450751","4687908","65669.15943270872"
"2024-06-20 18:00:00","73253827","63640707","9613120","65861.62750116864"
"2024-06-20 19:00:00","58919686","59768332","-848646","66155.06872682265"
"2024-06-20 20:00:00","77304996","60803599","16501397","66009.38385409563"
"2024-06-20 21:00:00","66571319","45930543","20640776","65175.25064357487"
"2024-06-20 22:00:00","66276876","54130133","12146743","64947.82601993016"
"2024-06-20 23:00:00","70494134","59137913","11356221","64871.24848338472"
"2024-06-21 00:00:00","75688561","62240653","13447908","64706.67314800844"
"2024-06-21 01:00:00","72620731","72908566","-287835","64775.04137843618"
"2024-06-21 02:00:00","66803044","61736928","5066116","65053.880051843356"
"2024-06-21 03:00:00","72147046","64300989","7846057","64953.28258099739"
"2024-06-21 04:00:00","66894806","60369844","6524962","65037.26709839367"
"2024-06-21 05:00:00","72621218","60910520","11710698","64986.65024891458"
"2024-06-21 06:00:00","63385208","52827450","10557758","64948.753502620595"
"2024-06-21 07:00:00","74434031","58801184","15632847","64865.94526749867"
"2024-06-21 08:00:00","70212902","56328774","13884128","64824.69485856259"
"2024-06-21 09:00:00","77709065","58215522","19493543","64891.82201462579"
"2024-06-21 10:00:00","67785625","54196735","13588890","64746.51111032363"
"2024-06-21 11:00:00","78694643","60793469","17901174","64620.415310129174"
"2024-06-21 12:00:00","88454021","56911945","31542076","64610.17670810453"
"2024-06-21 13:00:00","76347260","61028631","15318629","64615.750228930105"
"2024-06-21 14:00:00","73445096","60670122","12774974","64602.01818059822"
"2024-06-21 15:00:00","77858992","60802082","17056910","64476.52876661901"
"2024-06-21 16:00:00","86735294","47258628","39476666","63864.389356881446"
"2024-06-21 17:00:00","91855909","53121752","38734157","64128.79702203763"
"2024-06-21 18:00:00","72005018","57990708","14014310","63886.315713794764"
"2024-06-21 19:00:00","75760177","54861661","20898516","63705.77633721059"
"2024-06-21 20:00:00","81907102","55294171","26612931","63765.22633486684"
"2024-06-21 21:00:00","75810716","54704470","21106246","63621.959649515855"
"2024-06-21 22:00:00","63299396","43561367","19738029","64082.9628160365"
"2024-06-21 23:00:00","47738600","48830084","-1091484","63491.90259426849"
"2024-06-22 00:00:00","73243865","50657017","22586848","63654.5531944526"
"2024-06-22 01:00:00","79110150","51887576","27222574","63698.75075534784"
"2024-06-22 02:00:00","79215051","52481340","26733711","64030.74143106613"
"2024-06-22 03:00:00","53522173","52996443","525730","64182.154224203296"
"2024-06-22 04:00:00","55925559","55784911","140648","64117.923018151545"
"2024-06-22 05:00:00","58011178","56332827","1678351","64019.19793228654"
"2024-06-22 06:00:00","54426142","51384663","3041479","64149.613174117454"
"2024-06-22 07:00:00","56297977","54722708","1575269","64068.56121558543"
"2024-06-22 08:00:00","54878076","50129387","4748689","63987.49463496093"
"2024-06-22 09:00:00","58040654","53395155","4645499","64142.92276084451"
"2024-06-22 10:00:00","56294675","57896168","-1601493","64265.64005772451"
"2024-06-22 11:00:00","57100433","53682502","3417931","64282.239352489945"
"2024-06-22 12:00:00","58149587","56105551","2044036","64283.54264102303"
"2024-06-22 13:00:00","56367620","59371004","-3003384","64365.41275860374"
"2024-06-22 14:00:00","58074253","52390105","5684148","64423.69476820821"
"2024-06-22 15:00:00","55965681","58960858","-2995177","64468.41328797035"
"2024-06-22 16:00:00","56962576","62421677","-5459101","64246.11736208603"
"2024-06-22 17:00:00","58974263","57955185","1019078","64284.323334346846"
"2024-06-22 18:00:00","60160785","58041947","2118838","64276.04398843276"
"2024-06-22 19:00:00","61790313","56693681","5096632","64241.49505413436"
"2024-06-22 20:00:00","62771632","53566930","9204702","64291.020652315354"
"2024-06-22 21:00:00","59722908","59509744","213164","64249.87515303596"
"2024-06-22 22:00:00","62511086","59919900","2591186","64251.0356928041"
"2024-06-22 23:00:00","61366338","59805432","1560906","64270.65459451475"
"2024-06-23 00:00:00","59880976","58577117","1303859","64281.198326136655"
"2024-06-23 01:00:00","56929974","55931300","998674","64229.00277792149"
"2024-06-23 02:00:00","61669330","60469810","1199520","64257.942859094685"
"2024-06-23 03:00:00","58320599","58544117","-223518","64236.061056919534"
"2024-06-23 04:00:00","64697158","56080368","8616790","64229.20932088318"
"2024-06-23 05:00:00","60964417","58083823","2880594","64264.11725478293"
"2024-06-23 06:00:00","52662174","54649185","-1987011","64268.27904774436"
"2024-06-23 07:00:00","67761473","62999454","4762019","64221.861189291936"
"2024-06-23 08:00:00","64770862","58075402","6695460","64417.750507622986"
"2024-06-23 09:00:00","66886118","64308416","2577702","64427.76583836141"
"2024-06-23 10:00:00","62381857","71187189","-8805332","64369.81682942761"
"2024-06-23 11:00:00","64472786","70838369","-6365583","64400.759950147694"
"2024-06-23 12:00:00","63873167","68663479","-4790312","64330.88515845413"
"2024-06-23 13:00:00","65715434","67813243","-2097809","64327.57850890511"
"2024-06-23 14:00:00","66227283","68242064","-2014781","64337.52602134072"
"2024-06-23 15:00:00","64848308","68767169","-3918861","64355.70274476367"
"2024-06-23 16:00:00","68496175","69067689","-571514","64325.30517335858"
"2024-06-23 17:00:00","70436600","67438916","2997684","64355.25220811549"
"2024-06-23 18:00:00","67922992","70640401","-2717409","64248.72685159314"
"2024-06-23 19:00:00","68622396","68229175","393221","64271.798196095566"
"2024-06-23 20:00:00","69599673","65285655","4314018","64312.61900012725"
"2024-06-23 21:00:00","65664161","58763103","6901058","64219.11916463059"
"2024-06-23 22:00:00","66678423","57161839","9516584","64131.32385261525"
"2024-06-23 23:00:00","64201445","63685708","515737","64078.143764097"
"2024-06-24 00:00:00","65333933","59791334","5542599","64001.115183666465"
"2024-06-24 01:00:00","73951062","61694952","12256110","64058.341088868976"
"2024-06-24 02:00:00","69085820","66110361","2975459","64064.5172441645"
"2024-06-24 03:00:00","68489523","66525589","1963934","64088.859321491356"
"2024-06-24 04:00:00","58711850","55495365","3216485","63760.94341661492"
"2024-06-24 05:00:00","74309636","57121239","17188397","63751.46731142134"
"2024-06-24 06:00:00","57954606","53101327","4853279","63613.2056279843"
"2024-06-24 07:00:00","81227169","58740802","22486367","63270.14340556963"
"2024-06-24 08:00:00","88049273","57605560","30443713","63107.96107864883"
"2024-06-24 09:00:00","77253176","59410553","17842623","63220.68021251492"
"2024-06-24 10:00:00","63522458","55387252","8135206","62819.28683675193"
"2024-06-24 11:00:00","82440743","58347521","24093222","62837.12151120312"
"2024-06-24 12:00:00","82781275","61545673","21235602","62855.44729045166"
"2024-06-24 13:00:00","79891490","72769545","7121945","62280.74818042688"
"2024-06-24 14:00:00","83259348","50881584","32377764","62325.98850863104"
"2024-06-24 15:00:00","84521220","63744886","20776334","62452.246127684644"
"2024-06-24 16:00:00","81115434","54904608","26210826","62787.226031433434"
"2024-06-24 17:00:00","62382299","64561274","-2178975","61423.998795749096"
"2024-06-24 18:00:00","64740536","58390633","6349903","61160.494722564596"
"2024-06-24 19:00:00","66465775","63884494","2581281","61215.117625022984"
"2024-06-24 20:00:00","60766909","61814761","-1047852","61143.044429367124"
"2024-06-24 21:00:00","64296273","60378697","3917576","61398.78115356561"
"2024-06-24 22:00:00","55164525","56583837","-1419312","61221.12066652429"
"2024-06-24 23:00:00","64430488","59975032","4455456","60826.648194822905"
"2024-06-25 00:00:00","77315883","58474783","18841100","60176.58974883088"
"2024-06-25 01:00:00","87770120","56536303","31233817","60170.78875032863"
"2024-06-25 02:00:00","60421595","54733649","5687946","60310.93605277499"
"2024-06-25 03:00:00","66771388","64526168","2245220","59496.15175475171"
"2024-06-25 04:00:00","47341567","43324479","4017088","59325.8616029301"
"2024-06-25 05:00:00","59677718","60634470","-956752","59946.484687699725"
"2024-06-25 06:00:00","49906202","54103289","-4197087","60060.708299399565"
"2024-06-25 07:00:00","60548290","61679215","-1130925","60325.610048899805"
"2024-06-25 08:00:00","51382229","53938631","-2556402","60360.19372759449"
"2024-06-25 09:00:00","62186325","58545813","3640512","60372.93934518139"
"2024-06-25 10:00:00","65459464","58360546","7098918","60624.30568613311"
"2024-06-25 11:00:00","61809426","59623796","2185630","61366.98262294757"
"2024-06-25 12:00:00","64433037","55022381","9410656","61292.72459010308"
"2024-06-25 13:00:00","63045609","59167875","3877734","60983.41302808399"
"2024-06-25 14:00:00","59892387","54439297","5453090","61115.36423894765"
"2024-06-25 15:00:00","62005170","58261598","3743572","60621.70461402726"
"2024-06-25 16:00:00","62522446","53416869","9105577","60800.855123657"
"2024-06-25 17:00:00","64230292","54484649","9745643","61481.03004586924"
"2024-06-25 18:00:00","51222329","60535401","-9313072","61228.68102115468"
"2024-06-25 19:00:00","60673335","63112859","-2439524","61162.92778914111"
"2024-06-25 20:00:00","59751336","58991615","759721","61059.918521049134"
"2024-06-25 21:00:00","61649374","56813249","4836125","61165.55780211888"
"2024-06-25 22:00:00","47156346","52398027","-5241681","61762.93301662451"
"2024-06-25 23:00:00","71882619","58373421","13509198","61840.07634275762"
"2024-06-26 00:00:00","98925207","64794096","34131111","61392.43144871802"
"2024-06-26 01:00:00","65865359","53079707","12785652","61514.741094662044"
"2024-06-26 02:00:00","65664625","59477658","6186967","62090.62659236146"
"2024-06-26 03:00:00","56965576","64448639","-7483063","61971.6883579705"
"2024-06-26 04:00:00","58461873","55432813","3029060","61912.921777725816"
"2024-06-26 05:00:00","57683331","54533139","3150192","61895.02696964508"
"2024-06-26 06:00:00","46949386","42736425","4212961","61898.798272253116"
"2024-06-26 07:00:00","68038317","57812155","10226162","61771.47689359355"
"2024-06-26 08:00:00","53808938","45519938","8289000","61767.70707524973"
"2024-06-26 09:00:00","68946679","60551078","8395601","62043.15511804225"
"2024-06-26 10:00:00","59737692","57038676","2699016","62038.98080874447"
"2024-06-26 11:00:00","60209659","52261062","7948597","61926.209958012725"
"2024-06-26 12:00:00","67537444","60033390","7504054","61708.40935612016"
"2024-06-26 13:00:00","66299744","57982502","8317242","61592.76075874956"
"2024-06-26 14:00:00","61643931","51578649","10065282","61567.760068436924"
"2024-06-26 15:00:00","72958542","56510842","16447700","61696.441609820606"
"2024-06-26 16:00:00","66852220","55386247","11465973","61492.63890319696"
"2024-06-26 17:00:00","66490693","58164517","8326176","61369.89525618538"
"2024-06-26 18:00:00","67276486","53120900","14155586","61268.257611952766"
"2024-06-26 19:00:00","63529726","57744063","5785663","61397.93928414625"
"2024-06-26 20:00:00","63595395","60307269","3288126","61400.96878493505"
"2024-06-26 21:00:00","61110882","57526334","3584548","61766.30267113021"
"2024-06-26 22:00:00","57008320","60384460","-3376140","61772.757745368595"
"2024-06-26 23:00:00","59889495","56736325","3153170","61310.19913001326"
"2024-06-27 00:00:00","57616495","55584968","2031527","61307.93414047805"
"2024-06-27 01:00:00","62843947","55281597","7562350","61084.15245634981"
"2024-06-27 02:00:00","48406770","53061909","-4655139","60895.83603665356"
"2024-06-27 03:00:00","66676685","54473241","12203444","60873.55091200892"
"2024-06-27 04:00:00","64861597","55589868","9271729","60883.62792110227"
"2024-06-27 05:00:00","63198041","59303092","3894949","61002.20935317954"
"2024-06-27 06:00:00","53523360","49506102","4017258","60876.83668390031"
"2024-06-27 07:00:00","67665362","58568774","9096588","60788.66076039291"
"2024-06-27 08:00:00","63582403","40484457","23097946","60887.70123559426"
"2024-06-27 09:00:00","64818897","59478197","5340700","61008.72339056449"
"2024-06-27 10:00:00","62258202","53078007","9180195","60926.372527128435"
"2024-06-27 11:00:00","64861192","59184035","5677157","60978.30804103097"
"2024-06-27 12:00:00","62869849","55297099","7572750","61059.092828825684"
"2024-06-27 13:00:00","65920091","59120118","6799973","60826.566913268915"
"2024-06-27 14:00:00","70130962","58450939","11680023","60655.80569982296"
"2024-06-27 15:00:00","69946703","58998989","10947714","60716.31351889957"
"2024-06-27 16:00:00","72621278","57770765","14850513","60730.27418163948"
"2024-06-27 17:00:00","71327427","58372051","12955376","61228.99858614023"
"2024-06-27 18:00:00","57456734","59683185","-2226451","61092.25688801676"
"2024-06-27 19:00:00","66119490","58102271","8017219","61189.13749460829"
"2024-06-27 20:00:00","65752280","61874232","3878048","61223.09363864465"
"2024-06-27 21:00:00","58831938","57122222","1709716","61671.0768719161"
"2024-06-27 22:00:00","50639175","68176325","-17537150","61781.886045237385"
"2024-06-27 23:00:00","62325164","50273412","12051752","61527.44096152699"
"2024-06-28 00:00:00","64726714","48505405","16221309","61672.57178255647"
"2024-06-28 01:00:00","55622364","54260163","1362201","61811.442587353326"
"2024-06-28 02:00:00","57514280","53316560","4197720","61721.73453172372"
"2024-06-28 03:00:00","56183113","60399145","-4216032","61433.62117279929"
"2024-06-28 04:00:00","57556595","51080758","6475837","61438.43497283836"
"2024-06-28 05:00:00","58228201","57149868","1078333","61470.72774819712"
"2024-06-28 06:00:00","48601049","47387128","1213921","61548.95084962657"
"2024-06-28 07:00:00","58025926","59523611","-1497685","61590.3393632715"
"2024-06-28 08:00:00","51353624","49019448","2334176","61493.561900552835"
"2024-06-28 09:00:00","62432082","56384966","6047116","61884.30498184359"
"2024-06-28 10:00:00","53943181","63076646","-9133465","61649.74529833986"
"2024-06-28 11:00:00","60707329","56003889","4703440","61775.40037140006"
"2024-06-28 12:00:00","58657314","54219595","4437719","61621.09191486336"
"2024-06-28 13:00:00","58710240","56669312","2040928","61524.364113979296"
"2024-06-28 14:00:00","60711230","50724276","9986954","61517.70116258342"
"2024-06-28 15:00:00","61591957","57731817","3860140","61228.8269218524"
"2024-06-28 16:00:00","60446410","49555404","10891006","61338.929579918455"
"2024-06-28 17:00:00","60082489","51357406","8725083","61442.33046729652"
"2024-06-28 18:00:00","57431813","50773608","6658205","61475.52273874893"
"2024-06-28 19:00:00","62935572","60446036","2489536","61591.72104196893"
"2024-06-28 20:00:00","55360899","51229377","4131522","61305.97079623291"
"2024-06-28 21:00:00","64880190","45114620","19765570","61365.47547787447"
"2024-06-28 22:00:00","64409829","42355361","22054468","60819.99250101531"
"2024-06-28 23:00:00","65670680","45484829","20185851","60964.59863219606"
"2024-06-29 00:00:00","67108409","50861273","16247136","60720.79952152465"
"2024-06-29 01:00:00","71586306","56414257","15172049","60739.82621561996"
"2024-06-29 02:00:00","76007183","58528200","17478983","60738.931671688166"
"2024-06-29 03:00:00","74840891","56699139","18141752","60208.16219564467"
"2024-06-29 04:00:00","82676179","50808069","31868110","60131.48854280466"
"2024-06-29 05:00:00","83511054","51629240","31881814","60228.43650587736"
"2024-06-29 06:00:00","70003752","48398353","21605399","60242.27951669182"
"2024-06-29 07:00:00","74516897","53339463","21177434","60324.95773563699"
"2024-06-29 08:00:00","70322616","47096303","23226313","60616.17656288678"
"2024-06-29 09:00:00","51450203","51719276","-269073","60860.10382014252"
"2024-06-29 10:00:00","51165928","52925188","-1759260","60685.439204813294"
"2024-06-29 11:00:00","53918007","47822588","6095419","60659.46158875542"
"2024-06-29 12:00:00","55304160","50235730","5068430","60676.519119474375"
"2024-06-29 13:00:00","54279140","51461428","2817712","60677.28559086739"
"2024-06-29 14:00:00","50808878","45264393","5544485","60758.27864451275"
"2024-06-29 15:00:00","50549231","44659282","5889949","60972.72752200856"
"2024-06-29 16:00:00","54073865","52925135","1148730","60856.759431052495"
"2024-06-29 17:00:00","56154410","52906003","3248407","60871.65274715776"
"2024-06-29 18:00:00","53515058","53656726","-141668","60922.60314750515"
"2024-06-29 19:00:00","55406784","55366170","40614","61027.906306711615"
"2024-06-29 20:00:00","54354545","55475752","-1121207","60952.554833818"
"2024-06-29 21:00:00","54268969","54721857","-452888","61020.98175730657"
"2024-06-29 22:00:00","55421606","55833650","-412044","60929.9861602981"
"2024-06-29 23:00:00","53455262","54097090","-641828","60966.26468653566"
"2024-06-30 00:00:00","52979730","53638177","-658447","60882.44683290738"
"2024-06-30 01:00:00","51021582","51312546","-290964","60940.953685443696"
"2024-06-30 02:00:00","51962038","55624806","-3662768","60953.01589578239"
"2024-06-30 03:00:00","53578903","55673715","-2094812","60954.90449832594"
"2024-06-30 04:00:00","53665544","54300417","-634873","60942.54019042984"
"2024-06-30 05:00:00","50918726","57426630","-6507904","60935.278559285274"
"2024-06-30 06:00:00","39063013","46903159","-7840146","60841.8033423875"
"2024-06-30 07:00:00","53149655","51188200","1961455","60863.75719768577"
"2024-06-30 08:00:00","51125242","48605634","2519608","60932.66633961623"
"2024-06-30 09:00:00","55822746","55480671","342075","60859.21894228388"
"2024-06-30 10:00:00","55055295","57687489","-2632194","60752.16586551453"
"2024-06-30 11:00:00","53919117","53406954","512163","60797.031997907434"
"2024-06-30 12:00:00","53719757","53837459","-117702","60683.05614208659"
"2024-06-30 13:00:00","54153478","52627912","1525566","60682.66909805348"
"2024-06-30 14:00:00","55148173","52337799","2810374","60862.57299155931"
"2024-06-30 15:00:00","49040359","52403063","-3362704","61357.885390096926"
"2024-06-30 16:00:00","55436992","59394887","-3957895","61393.72958276126"
"2024-06-30 17:00:00","58255560","63634585","-5379025","61440.80866518785"
"2024-06-30 18:00:00","60238730","60564603","-325873","61403.63129796795"
"2024-06-30 19:00:00","60085796","60590151","-504355","61423.48254874355"
"2024-06-30 20:00:00","57247261","61117115","-3869854","61326.796869467646"
"2024-06-30 21:00:00","53571108","60445471","-6874363","61553.61848706969"
"2024-06-30 22:00:00","54406018","65990799","-11584781","61493.538941589715"
"2024-06-30 23:00:00","53973005","62253455","-8280450","61622.855520619"
"2024-07-01 00:00:00","60101130","69301151","-9200021","61539.43499441083"
"2024-07-01 01:00:00","56821536","66235111","-9413575","61609.30660748138"
"2024-07-01 02:00:00","56211119","65765458","-9554339","61918.428245170064"
"2024-07-01 03:00:00","56478602","67001591","-10522989","61907.10941433159"
"2024-07-01 04:00:00","56277653","64176010","-7898357","61957.17718739274"
"2024-07-01 05:00:00","58502450","55997480","2504970","61838.4959567812"
"2024-07-01 06:00:00","48078655","43521736","4556919","62798.945900395855"
"2024-07-01 07:00:00","56261111","66046462","-9785351","62723.74563295202"
"2024-07-01 08:00:00","54052144","54906236","-854092","62761.30314982196"
"2024-07-01 09:00:00","59959171","62632196","-2673025","63519.89577478051"
"2024-07-01 10:00:00","56651003","57686106","-1035103","63386.21076388778"
"2024-07-01 11:00:00","60957533","71816185","-10858652","63333.56151473788"
"2024-07-01 12:00:00","58941936","73356298","-14414362","63174.92183923838"
"2024-07-01 13:00:00","56450324","55512070","938254","63334.08171360493"
"2024-07-01 14:00:00","58327067","70068220","-11741153","63296.9876601002"
"2024-07-01 15:00:00","59354026","73002666","-13648640","63248.546597905835"
"2024-07-01 16:00:00","52058017","56280401","-4222384","62840.6014907556"
"2024-07-01 17:00:00","58020932","59298235","-1277303","62848.30704864128"
"2024-07-01 18:00:00","55490878","55861891","-371013","62793.798812134424"
"2024-07-01 19:00:00","58719009","55468827","3250182","62570.8381505281"
"2024-07-01 20:00:00","57489679","49102937","8386742","62801.3758301003"
"2024-07-01 21:00:00","59787920","59523947","263973","62632.1591599341"
"2024-07-01 22:00:00","47382224","42301674","5080550","62787.78571576933"
"2024-07-01 23:00:00","57732185","58911540","-1179355","62954.9156777515"
"2024-07-02 00:00:00","52449178","69795556","-17346378","63016.01068763733"
"2024-07-02 01:00:00","62529286","65453071","-2923785","63548.77006311114"
"2024-07-02 02:00:00","56933160","64433189","-7500029","63542.7648922218"
"2024-07-02 03:00:00","54867549","63932312","-9064763","63063.39115182481"
"2024-07-02 04:00:00","65261091","53986335","11274756","63245.91436389375"
"2024-07-02 05:00:00","67277811","62804447","4473364","63079.68257525761"
"2024-07-02 06:00:00","49442226","41538156","7904070","62893.91571651826"
"2024-07-02 07:00:00","68453223","58904788","9548435","62860.27768649973"
"2024-07-02 08:00:00","58276624","47913575","10363049","62848.99259782479"
"2024-07-02 09:00:00","69066143","58036634","11029509","62847.74278009178"
"2024-07-02 10:00:00","63073384","53111720","9961664","62920.61330583557"
"2024-07-02 11:00:00","60495695","57193502","3302193","63085.59317921166"
"2024-07-02 12:00:00","64747896","64951875","-203979","63031.5242209149"
"2024-07-02 13:00:00","62189667","62426440","-236773","62953.721863294595"
"2024-07-02 14:00:00","65131837","58295140","6836697","62783.95737143202"
"2024-07-02 15:00:00","70406040","57482864","12923176","62586.155956072114"
"2024-07-02 16:00:00","66169203","50783784","15385419","62606.49289794834"
"2024-07-02 17:00:00","64313154","61558841","2754313","62558.177775717195"
"2024-07-02 18:00:00","67512488","62955439","4557049","62618.14428795709"
"2024-07-02 19:00:00","63949848","55526220","8423628","62688.1793456943"
"2024-07-02 20:00:00","67996825","62670205","5326620","62802.31301043796"
"2024-07-02 21:00:00","66238645","62169271","4069374","62609.43500432377"
"2024-07-02 22:00:00","52548514","44640684","7907830","61928.08111672235"
"2024-07-02 23:00:00","66715513","61764329","4951184","61914.50573026727"
"2024-07-03 00:00:00","67282985","56416857","10866128","61868.23575113796"
"2024-07-03 01:00:00","68498748","58474482","10024266","62023.099593265906"
"2024-07-03 02:00:00","63574048","58459097","5114951","62253.740801722895"
"2024-07-03 03:00:00","59396106","54426320","4969786","61864.70456130361"
"2024-07-03 04:00:00","67661555","50583211","17078344","61933.32881143806"
"2024-07-03 05:00:00","72721266","57808832","14912434","61914.40394104133"
"2024-07-03 06:00:00","58639378","48022367","10617011","61968.44228495575"
"2024-07-03 07:00:00","55145410","53677905","1467505","62015.89414981221"
"2024-07-03 08:00:00","52067294","51864096","203198","62062.862736902585"
"2024-07-03 09:00:00","62266219","54060410","8205809","61551.591102739294"
"2024-07-03 10:00:00","55193684","50640293","4553391","61243.17440183528"
"2024-07-03 11:00:00","68030114","55403765","12626349","60881.27759429403"
"2024-07-03 12:00:00","61435409","53443882","7991527","60799.39518171118"
"2024-07-03 13:00:00","62700031","51228941","11471090","60941.05853183904"
"2024-07-03 14:00:00","54525832","44766446","9759386","60930.70632273233"
"2024-07-03 15:00:00","69838310","59583013","10255297","60779.512216562754"
"2024-07-03 16:00:00","73576306","60798156","12778150","60555.220064128276"
"2024-07-03 17:00:00","78328688","60037388","18291300","60544.307827839184"
"2024-07-03 18:00:00","79362836","62065945","17296891","60246.23801653943"
"2024-07-03 19:00:00","54830908","43494860","11336048","60302.75051724077"
"2024-07-03 20:00:00","59313332","53047098","6266234","59974.51176325845"
"2024-07-03 21:00:00","62940113","54097034","8843079","60449.5429181303"
"2024-07-03 22:00:00","47366611","39041387","8325224","60219.70266506168"
"2024-07-03 23:00:00","53283214","48179664","5103550","60123.47894158011"
"2024-07-04 00:00:00","58418328","51971498","6446830","60386.18393978102"
"2024-07-04 01:00:00","59709251","53629583","6079668","60282.86850596415"
"2024-07-04 02:00:00","54517158","41752484","12764674","60209.516844883634"
"2024-07-04 03:00:00","66395197","56858390","9536807","59788.60948999448"
"2024-07-04 04:00:00","71210718","45286744","25923974","59655.33162497537"
"2024-07-04 05:00:00","75989125","54105253","21883872","60156.43627927012"
"2024-07-04 06:00:00","47752191","45428305","2323886","60255.20222989092"
"2024-07-04 07:00:00","63817351","52701774","11115577","60192.68075594336"
"2024-07-04 08:00:00","52817390","49816850","3000540","60361.76272768755"
"2024-07-04 09:00:00","56451549","57356354","-904805","58787.80699464939"
"2024-07-04 10:00:00","79956377","49213834","30742543","58967.16078269162"
"2024-07-04 11:00:00","53690412","56277682","-2587270","59033.398587712676"
"2024-07-04 12:00:00","55902832","51586040","4316792","58966.42360884363"
"2024-07-04 13:00:00","60302616","51811174","8491442","58845.512117273"
"2024-07-04 14:00:00","60701796","53833341","6868455","58863.51023977089"
"2024-07-04 15:00:00","58343500","52590963","5752537","58200.347896879495"
"2024-07-04 16:00:00","70332494","46062238","24270256","57510.34373289086"
"2024-07-04 17:00:00","55512152","49073648","6438504","57736.63371556055"
"2024-07-04 18:00:00","55215525","46708764","8506761","57751.989122410116"
"2024-07-04 19:00:00","55105101","55653928","-548827","57710.26191184698"
"2024-07-04 20:00:00","59703097","53906346","5796751","57218.33718367071"
"2024-07-04 21:00:00","71752491","47611713","24140778","57025.319965714145"
"2024-07-04 22:00:00","52637121","57418392","-4781271","57398.70297038536"
"2024-07-04 23:00:00","51474214","57923859","-6449645","58100.81222979478"
"2024-07-05 00:00:00","46933172","56047260","-9114088","58158.30764986814"
"2024-07-05 01:00:00","51424674","60019857","-8595183","58184.093631341755"
"2024-07-05 02:00:00","56923652","61160588","-4236936","58093.489425555854"
"2024-07-05 03:00:00","55205465","54291986","913479","58320.13460533341"
"2024-07-05 04:00:00","49514008","50718223","-1204215","58257.10270914317"
"2024-07-05 05:00:00","50081644","53816707","-3735063","58393.759895915544"
"2024-07-05 06:00:00","48366671","50457373","-2090702","58104.525822157826"
"2024-07-05 07:00:00","62225002","53764031","8460971","57101.68300360999"
"2024-07-05 08:00:00","70671143","45919174","24751969","57186.603552513814"
"2024-07-05 09:00:00","50666926","44424354","6242572","57169.645303865196"
"2024-07-05 10:00:00","59348164","44877187","14470977","56462.91117186505"
"2024-07-05 11:00:00","45221830","34343604","10878226","55229.67663648028"
"2024-07-05 12:00:00","79088006","43997980","35090026","54182.81899055984"
"2024-07-05 13:00:00","50662809","47353819","3308990","54616.5037487898"
"2024-07-05 14:00:00","47520668","46886210","634458","54244.87938590873"
"2024-07-05 15:00:00","57846993","49696310","8150683","54208.30921693354"
"2024-07-05 16:00:00","55727418","45029438","10697980","54167.59503693592"
"2024-07-05 17:00:00","59040860","41428252","17612608","54496.27289838795"
"2024-07-05 18:00:00","52070439","46540684","5529755","54951.03995757355"
"2024-07-05 19:00:00","55287582","49722511","5565071","55506.379826071236"
"2024-07-05 20:00:00","54627050","54867379","-240329","55149.704606881656"
"2024-07-05 21:00:00","53750355","52884144","866211","55701.72805000061"
"2024-07-05 22:00:00","50967313","56835343","-5868030","55680.30350638717"
"2024-07-05 23:00:00","55334592","56753101","-1418509","56486.99823283914"
"2024-07-06 00:00:00","49424895","51366990","-1942095","56457.63651430573"
"2024-07-06 01:00:00","57251730","51236547","6015183","56523.02576275605"
"2024-07-06 02:00:00","54654596","46920358","7734238","56571.49418473176"
"2024-07-06 03:00:00","50364998","54688300","-4323302","56499.702380268136"
"2024-07-06 04:00:00","50287411","54201270","-3913859","56370.161374554475"
"2024-07-06 05:00:00","48696294","47278311","1417983","56646.405543415436"
"2024-07-06 06:00:00","48066330","47849596","216734","56618.80206764625"
"2024-07-06 07:00:00","50826315","47207996","3618319","56716.179698677945"
"2024-07-06 08:00:00","49306644","46498390","2808254","56620.50459128961"
"2024-07-06 09:00:00","54264994","47190198","7074796","56318.01939083678"
"2024-07-06 10:00:00","50762297","47969406","2792891","56442.61863533348"
"2024-07-06 11:00:00","51873392","52382890","-509498","56410.87442328311"
"2024-07-06 12:00:00","53047161","50915315","2131846","56141.46972388613"
"2024-07-06 13:00:00","52339337","46654028","5685309","56433.210652972615"
"2024-07-06 14:00:00","51186666","50762870","423796","56490.36689846447"
"2024-07-06 15:00:00","52194770","52296636","-101866","56637.37773469101"
"2024-07-06 16:00:00","51609327","50212821","1396506","56605.05197144733"
"2024-07-06 17:00:00","55423634","53949319","1474315","56643.79172331996"
"2024-07-06 18:00:00","57543541","53833989","3709552","56819.05060331494"
"2024-07-06 19:00:00","55315369","53479242","1836127","56755.160132742756"
"2024-07-06 20:00:00","57235901","49664639","7571262","56682.54456192256"
"2024-07-06 21:00:00","54256644","54960882","-704238","57138.01167620543"
"2024-07-06 22:00:00","58093186","47957995","10135191","57086.54681134232"
"2024-07-06 23:00:00","57001729","50768421","6233308","57346.96620117508"
"2024-07-07 00:00:00","52372349","47714436","4657913","57868.68425305587"
"2024-07-07 01:00:00","49523934","51036710","-1512776","57930.91056550479"
"2024-07-07 02:00:00","55939552","57320026","-1380474","57800.55611204968"
"2024-07-07 03:00:00","54500458","55336050","-835592","57877.07757760514"
"2024-07-07 04:00:00","53454639","57502680","-4048041","57965.28249014294"
"2024-07-07 05:00:00","54784238","54498059","286179","57874.35053762467"
"2024-07-07 06:00:00","43957007","43110697","846310","58092.008585138115"
"2024-07-07 07:00:00","55329373","55445822","-116449","58211.70684888429"
"2024-07-07 08:00:00","49160819","44725452","4435367","57969.78274185431"
"2024-07-07 09:00:00","54077786","48701354","5376432","58142.90614962507"
"2024-07-07 10:00:00","55891943","51737682","4154261","58287.85265927597"
"2024-07-07 11:00:00","47760659","56350585","-8589926","57951.57905359074"
"2024-07-07 12:00:00","59158002","48019775","11138227","57613.29134267409"
"2024-07-07 13:00:00","53724789","47027004","6697785","57654.76285769616"
"2024-07-07 14:00:00","57460962","52261262","5199700","57666.51780530172"
"2024-07-07 15:00:00","52370123","52442199","-72076","57384.974226054386"
"2024-07-07 16:00:00","55721667","53075799","2645868","57611.66992464332"
"2024-07-07 17:00:00","55033167","49684489","5348678","57692.91405292204"
"2024-07-07 18:00:00","58465281","49076065","9389216","57534.89661303527"
"2024-07-07 19:00:00","53863934","46069451","7794483","57408.05378137553"
"2024-07-07 20:00:00","54728428","63043627","-8315199","57306.61887100546"
"2024-07-07 21:00:00","56149673","60888826","-4739153","56838.698461116546"
"2024-07-07 22:00:00","61976452","60359246","1617206","56677.47683336785"
"2024-07-07 23:00:00","57489243","52440411","5048832","56877.71433652734"
"2024-07-08 00:00:00","54886957","51649983","3236974","57110.95397104628"
"2024-07-08 01:00:00","52499841","52374043","125798","57059.1176013407"
"2024-07-08 02:00:00","49851815","53299394","-3447579","57156.18040572235"
"2024-07-08 03:00:00","56288378","50812996","5475382","57156.03461188617"
"2024-07-08 04:00:00","52467847","48828436","3639411","57258.63187894514"
"2024-07-08 05:00:00","51796394","46151927","5644467","56512.88157801801"
"2024-07-08 06:00:00","38429517","34873711","3555806","56413.17739430854"
"2024-07-08 07:00:00","57821041","45349715","12471326","56017.8211373482"
"2024-07-08 08:00:00","57190588","38846039","18344549","55186.99758138835"
"2024-07-08 09:00:00","63017070","45991151","17025919","54787.96604567189"
"2024-07-08 10:00:00","51106079","46596203","4509876","55349.70996466344"
"2024-07-08 11:00:00","53866894","47935589","5931305","55134.69707777765"
"2024-07-08 12:00:00","48521456","46162209","2359247","55525.628572566304"
"2024-07-08 13:00:00","43760992","50907570","-7146578","55436.75450500925"
"2024-07-08 14:00:00","49098318","47134221","1964097","55692.72347188129"
"2024-07-08 15:00:00","45444978","39854242","5590736","55763.44782490635"
"2024-07-08 16:00:00","45923435","51143508","-5220073","57809.71058562462"
"2024-07-08 17:00:00","46067960","56523696","-10455736","57565.583285421504"
"2024-07-08 18:00:00","45746498","48459834","-2713336","57095.097908536314"
"2024-07-08 19:00:00","46509061","45680417","828644","57134.902925316674"
"2024-07-08 20:00:00","46600564","44482092","2118472","57241.447389862486"
"2024-07-08 21:00:00","52855199","47714860","5140339","57159.4035883815"
"2024-07-08 22:00:00","46468381","51533435","-5065054","56051.34491420115"
"2024-07-08 23:00:00","43076211","46002914","-2926703","55956.41880932378"
"2024-07-09 00:00:00","46096486","39661791","6434695","55784.41248219989"
"2024-07-09 01:00:00","48788484","42427623","6360861","56210.44151416838"
"2024-07-09 02:00:00","48406143","51059817","-2653674","56360.583660491786"
"2024-07-09 03:00:00","47546509","46757508","789001","56501.01329644643"
"2024-07-09 04:00:00","46449620","46512651","-63031","56241.2958610818"
"2024-07-09 05:00:00","52215447","45072507","7142940","56499.37205741697"
"2024-07-09 06:00:00","37240790","38464806","-1224016","56641.12757878633"
"2024-07-09 07:00:00","55297018","44397798","10899220","56656.4868915188"
"2024-07-09 08:00:00","47409747","42595747","4814000","56552.562473923994"
"2024-07-09 09:00:00","49817054","44452508","5364546","56593.42685143033"
"2024-07-09 10:00:00","53289739","43366377","9923362","57153.506124897875"
"2024-07-09 11:00:00","49858450","52261029","-2402579","57116.82848889528"
"2024-07-09 12:00:00","53919547","51641787","2277760","57215.898191929766"
"2024-07-09 13:00:00","47476889","54652328","-7175439","57286.878918867624"
"2024-07-09 14:00:00","52231838","55934315","-3702477","57494.24096016786"
"2024-07-09 15:00:00","56265485","52636224","3629261","57032.257766721996"
"2024-07-09 16:00:00","54472259","47234802","7237457","57635.24200868985"
"2024-07-09 17:00:00","51049712","57255724","-6206012","57625.8836175492"
"2024-07-09 18:00:00","50726782","58335364","-7608582","57378.92097815583"
"2024-07-09 19:00:00","48958141","50545285","-1587144","57471.74015972463"
"2024-07-09 20:00:00","50507255","57083949","-6576694","57366.37193594985"
"2024-07-09 21:00:00","54011360","48697592","5313768","57156.758872599596"
"2024-07-09 22:00:00","43518588","44683792","-1165204","57309.6443381786"
"2024-07-09 23:00:00","54411132","42171538","12239594","57390.429155356265"
"2024-07-10 00:00:00","51329515","50320850","1008665","57595.17297104006"
"2024-07-10 01:00:00","52519163","55973940","-3454777","57509.219795337005"
"2024-07-10 02:00:00","57003203","53807330","3195873","57931.52292618459"
"2024-07-10 03:00:00","53290329","53879997","-589668","57767.77720242565"
"2024-07-10 04:00:00","51130600","54623368","-3492768","57919.24556737676"
"2024-07-10 05:00:00","45775825","53990696","-8214871","57801.86496767842"
"2024-07-10 06:00:00","44736333","42868880","1867453","57986.17167865342"
"2024-07-10 07:00:00","53967662","57189377","-3221715","58010.22333474121"
"2024-07-10 08:00:00","46728173","52954694","-6226521","57586.65974369717"
"2024-07-10 09:00:00","55309655","43357885","11951770","57730.61383482659"
"2024-07-10 10:00:00","51651005","52344218","-693213","57785.1304502999"
"2024-07-10 11:00:00","48285690","56200838","-7915148","58121.19289943044"
"2024-07-10 12:00:00","50481587","57533988","-7052401","59183.62728759739"
"2024-07-10 13:00:00","50645438","64691181","-14045743","58955.260475545314"
"2024-07-10 14:00:00","49211321","59299190","-10087869","59259.96529921154"
"2024-07-10 15:00:00","40255342","59207867","-18952525","58956.51537249965"
"2024-07-10 16:00:00","49855340","56331637","-6476297","58731.92885659351"
"2024-07-10 17:00:00","55738311","46852931","8885380","58547.68151387318"
"2024-07-10 18:00:00","56846066","49762179","7083887","58627.59644296611"
"2024-07-10 19:00:00","54383955","51142768","3241187","58476.24617664446"
"2024-07-10 20:00:00","59927783","60629918","-702135","57954.46014967722"
"2024-07-10 21:00:00","48400289","50447115","-2046826","57621.12821445108"
"2024-07-10 22:00:00","52805260","47952202","4853058","57722.675055039275"
"2024-07-10 23:00:00","56730922","51987864","4743058","57795.04423818617"
"2024-07-11 00:00:00","53168873","47433261","5735612","57760.33261447328"
"2024-07-11 01:00:00","52549492","50324242","2225250","57638.321074438565"
"2024-07-11 02:00:00","55014593","52123659","2890934","57589.03663223308"
"2024-07-11 03:00:00","53343971","51833836","1510135","57445.981205751945"
"2024-07-11 04:00:00","51877143","48508396","3368747","57312.15339291595"
"2024-07-11 05:00:00","54667629","48186485","6481144","57517.65167972645"
"2024-07-11 06:00:00","46745268","41239806","5505462","57706.65615936344"
"2024-07-11 07:00:00","53561823","50762034","2799789","57792.4459837866"
"2024-07-11 08:00:00","47135127","48269476","-1134349","57503.802459770704"
"2024-07-11 09:00:00","50480470","49982510","497960","58274.89520575471"
"2024-07-11 10:00:00","49151262","53559000","-4407738","57871.0828677988"
"2024-07-11 11:00:00","53452345","42770680","10681665","57516.05969673159"
"2024-07-11 12:00:00","51659132","49564251","2094881","57758.17158700481"
"2024-07-11 13:00:00","48814850","51393255","-2578405","58001.0644553823"
"2024-07-11 14:00:00","46625739","55726424","-9100685","57973.109813570656"
"2024-07-11 15:00:00","50787619","58465794","-7678175","58146.32402571317"
"2024-07-11 16:00:00","48611620","55916391","-7304771","58127.27327444897"
"2024-07-11 17:00:00","47649400","58136640","-10487240","58263.40081912191"
"2024-07-11 18:00:00","52140079","63186812","-11046733","58399.64946056519"
"2024-07-11 19:00:00","54218903","66900601","-12681698","58751.60257099091"
"2024-07-11 20:00:00","54644936","60747907","-6102971","58659.90000558816"
"2024-07-11 21:00:00","51456441","48910503","2545938","58389.77762774752"
"2024-07-11 22:00:00","44537621","45445448","-907827","57840.00629355038"
"2024-07-11 23:00:00","53486237","50902533","2583704","57347.76378398369"
"2024-07-12 00:00:00","57574064","49735545","7838519","57641.97113114384"
"2024-07-12 01:00:00","56260693","50922590","5338103","57842.947612327305"
"2024-07-12 02:00:00","51428682","52085298","-656616","57799.532316043355"
"2024-07-12 03:00:00","54706369","51786868","2919501","57407.612336473496"
"2024-07-12 04:00:00","62736182","44865576","17870606","57541.58669759487"
"2024-07-12 05:00:00","55262222","51509919","3752303","57415.35156891569"
"2024-07-12 06:00:00","46225357","42298763","3926594","57266.90171903011"
"2024-07-12 07:00:00","58055211","48006360","10048851","57349.51813510131"
"2024-07-12 08:00:00","54197280","45634281","8562999","57381.72787197531"
"2024-07-12 09:00:00","64647729","44789211","19858518","56899.04284726447"
"2024-07-12 10:00:00","54292634","49779269","4513365","57346.48394146175"
"2024-07-12 11:00:00","50136007","51431878","-1295871","56939.86695264091"
"2024-07-12 12:00:00","54920753","48078764","6841989","57037.15735219168"
"2024-07-12 13:00:00","54495352","49062308","5433044","57023.30210627453"
"2024-07-12 14:00:00","53271226","51179364","2091862","57252.28125810803"
"2024-07-12 15:00:00","51613084","52488001","-874917","56962.976440093385"
"2024-07-12 16:00:00","51948095","45806241","6141854","57264.689848087895"
"2024-07-12 17:00:00","45841074","46872247","-1031173","56895.81691349985"
"2024-07-12 18:00:00","55541980","51428598","4113382","57114.960310158465"
"2024-07-12 19:00:00","49760613","53118114","-3357501","57192.78474806408"
"2024-07-12 20:00:00","49802430","51503469","-1701039","57330.40154173038"
"2024-07-12 21:00:00","54648707","55858777","-1210070","57885.30476759884"
"2024-07-12 22:00:00","48447257","48776876","-329619","57884.89752568332"
"2024-07-12 23:00:00","50593281","48433417","2159864","58162.8829600623"
"2024-07-13 00:00:00","50740783","55420675","-4679892","58078.173005790595"
"2024-07-13 01:00:00","56415131","53531292","2883839","58163.73696391219"
"2024-07-13 02:00:00","51349075","58483965","-7134890","58388.26553466379"
"2024-07-13 03:00:00","54002193","55383161","-1380968","57731.99936233331"
"2024-07-13 04:00:00","58081651","44725628","13356023","57570.19399072168"
"2024-07-13 05:00:00","58313592","50193572","8120020","57615.2694605809"
"2024-07-13 06:00:00","49834478","48740657","1093821","57821.91411749016"
"2024-07-13 07:00:00","51723194","47498871","4224323","57940.43489239222"
"2024-07-13 08:00:00","46987796","42740982","4246814","57873.77387381062"
"2024-07-13 09:00:00","51586737","49034172","2552565","57915.68262359622"
"2024-07-13 10:00:00","49403912","48598076","805836","57979.42030692379"
"2024-07-13 11:00:00","53845548","51662546","2183002","57887.63584020752"
"2024-07-13 12:00:00","49901815","48079660","1822155","57824.46115988676"
"2024-07-13 13:00:00","49232565","48949649","282916","58032.45320470543"
"2024-07-13 14:00:00","49651976","50963884","-1311908","58080.13276806388"
"2024-07-13 15:00:00","47998360","50815757","-2817397","58166.731501658214"
"2024-07-13 16:00:00","53144966","55386610","-2241644","58074.848248174945"
"2024-07-13 17:00:00","52691187","51693698","997489","58536.8175412397"
"2024-07-13 18:00:00","49934725","59397909","-9463184","58466.78703259199"
"2024-07-13 19:00:00","53631248","53671853","-40605","58555.70058117207"
"2024-07-13 20:00:00","51427755","53173828","-1746073","58762.76504552357"
"2024-07-13 21:00:00","50995900","63764935","-12769035","58634.547317330835"
"2024-07-13 22:00:00","57563189","59164782","-1601593","58768.39282783353"
"2024-07-13 23:00:00","61982626","65401170","-3418544","58835.120299398"
"2024-07-14 00:00:00","58552828","67009280","-8456452","58683.86461915288"
"2024-07-14 01:00:00","59240605","53481866","5758739","58694.3901223609"
"2024-07-14 02:00:00","61804199","57341992","4462207","58667.73869151295"
"2024-07-14 03:00:00","60571721","52438145","8133576","58651.86538328238"
"2024-07-14 04:00:00","58014349","55105089","2909260","58625.370005048404"
"2024-07-14 05:00:00","59531841","53535457","5996384","58675.899974537"
"2024-07-14 06:00:00","49402702","47083881","2318821","59105.4145584916"
"2024-07-14 07:00:00","38913153","71205640","-32292487","59258.14435888215"
"2024-07-14 08:00:00","47126329","41631491","5494838","59694.29438970935"
"2024-07-14 09:00:00","51369788","67192845","-15823057","59716.12692354577"
"2024-07-14 10:00:00","55495584","63400515","-7904931","59348.44228226955"
"2024-07-14 11:00:00","58611894","50405088","8206806","59462.48472619037"
"2024-07-14 12:00:00","52254308","62075660","-9821352","59904.448488972404"
"2024-07-14 13:00:00","50690075","57120099","-6430024","60213.88273845773"
"2024-07-14 14:00:00","51913773","57690990","-5777217","59938.59582763762"
"2024-07-14 15:00:00","57169248","51625842","5543406","60100.431802344516"
"2024-07-14 16:00:00","51528006","57662892","-6134886","60244.26707488855"
"2024-07-14 17:00:00","59607907","56700679","2907228","60286.5079959838"
"2024-07-14 18:00:00","52031834","60134724","-8102890","59994.65554477614"
"2024-07-14 19:00:00","53159190","55776431","-2617241","60155.680046392205"
"2024-07-14 20:00:00","55757072","56171530","-414458","59727.717227832654"
"2024-07-14 21:00:00","58937924","42659961","16277963","59732.84319825307"
"2024-07-14 22:00:00","64095594","54313443","9782151","60079.65256585547"
"2024-07-14 23:00:00","60072495","54483901","5588594","60176.04881692064"
"2024-07-15 00:00:00","56479271","56504685","-25414","60100.00678354536"
"2024-07-15 01:00:00","61244724","57578234","3666490","60070.133717963414"
"2024-07-15 02:00:00","61201630","57032261","4169369","60082.79216351277"
"2024-07-15 03:00:00","63544865","57491744","6053121","59977.56373027726"
"2024-07-15 04:00:00","57093841","55874577","1219264","60129.97482331558"
"2024-07-15 05:00:00","55657829","60021089","-4363260","61181.273892426376"
"2024-07-15 06:00:00","39909062","52426237","-12517175","60917.26795767148"
"2024-07-15 07:00:00","64111400","51559932","12551468","60905.74825816249"
"2024-07-15 08:00:00","62535444","45383841","17151603","61188.48657519829"
"2024-07-15 09:00:00","58858084","57845442","1012642","61395.22503937859"
"2024-07-15 10:00:00","54690637","62881977","-8191340","62526.41390771604"
"2024-07-15 11:00:00","57336855","65654566","-8317711","62664.131338014406"
"2024-07-15 12:00:00","63207722","63716942","-509220","62548.81576241129"
"2024-07-15 13:00:00","57509350","64942462","-7433112","62796.26944187138"
"2024-07-15 14:00:00","60693049","63065938","-2372889","62949.67638884755"
"2024-07-15 15:00:00",,,,"62922.32389887774"
"2024-07-15 16:00:00",,,,"62827.40702256698"
"2024-07-15 17:00:00",,,,"62860.66290875289"
"2024-07-15 18:00:00","57417607","52437495","4980112","62564.6904461144"
"2024-07-15 19:00:00","61793386","52473332","9320054","62505.12554579005"
"2024-07-15 20:00:00","54052108","48614100","5438008","62621.59547123528"
"2024-07-15 21:00:00","60063098","55211005","4852093","62875.17331318839"
"2024-07-15 22:00:00","58786519","63475772","-4689253","63115.640789504796"
"2024-07-15 23:00:00","59418438","65398834","-5980396","63090.190245765545"
"2024-07-16 00:00:00","55450519","60086488","-4635969","63570.50780126089"
"2024-07-16 01:00:00","54833037","68792460","-13959423","63304.83951570586"
"2024-07-16 02:00:00","58259298","50411179","7848119","63576.60448698589"
"2024-07-16 03:00:00","61774679","66513973","-4739294","63345.388476265034"
"2024-07-16 04:00:00","56864989","59718057","-2853068","63747.62606391316"
"2024-07-16 05:00:00","56255043","68446003","-12190960","63592.69605287558"
"2024-07-16 06:00:00","52649253","51316051","1333202","64372.49857969328"
"2024-07-16 07:00:00","63857027","66784464","-2927437","64804.13310489664"
"2024-07-16 08:00:00","51758897","72176804","-20417907","64707.259654415706"
"2024-07-16 09:00:00","60211408","79830918","-19619510","64794.54221335737"
"2024-07-16 10:00:00","60871513","80040388","-19168875","64782.119092101835"
"2024-07-16 11:00:00","59895541","79556491","-19660950","64749.67226148659"
"2024-07-16 12:00:00","59987341","80911722","-20924381","64549.98106744201"
"2024-07-16 13:00:00","59088966","72273051","-13184085","63614.671282799776"
"2024-07-16 14:00:00","65835075","50888683","14946392","63299.566154153144"
"2024-07-16 15:00:00","69738111","48020470","21717641","62889.97336205487"
"2024-07-16 16:00:00","75887974","51967364","23920610","62785.69388320331"
"2024-07-16 17:00:00","58539809","50197766","8342043","63175.941249834985"
"2024-07-16 18:00:00","58414759","56501620","1913139","63511.68717678432"
"2024-07-16 19:00:00","56548777","50969620","5579157","63738.28387623667"
"2024-07-16 20:00:00","54902892","48573183","6329709","63842.16111400015"
"2024-07-16 21:00:00","53975183","53832592","142591","63895.50116013703"
"2024-07-16 22:00:00","55611257","54118680","1492577","63797.99015628218"
"2024-07-16 23:00:00","56824800","56228693","596107","64843.70157180232"
"2024-07-17 00:00:00","48405977","73874642","-25468665","64402.295610022"
"2024-07-17 01:00:00","58261783","58739904","-478121","64562.459645879135"
"2024-07-17 02:00:00","62236454","58301482","3934972","64664.099230275686"
"2024-07-17 03:00:00","52765114","57087779","-4322665","64977.414683635536"
"2024-07-17 04:00:00","44520494","59497971","-14977477","64878.84207521947"
"2024-07-17 05:00:00","55662594","52392960","3269634","64602.10382482003"
"2024-07-17 06:00:00","44041945","38065162","5976783","64615.96472865422"
"2024-07-17 07:00:00","72298346","46481557","25816789","65150.33207395747"
"2024-07-17 08:00:00","53499411","49949362","3550049","65505.35453387243"
"2024-07-17 09:00:00","60538612","63253683","-2715071","65714.48964761957"
"2024-07-17 10:00:00","61270774","50762703","10508071","65628.1840997031"
"2024-07-17 11:00:00","58796082","54448975","4347107","65747.70398769852"
"2024-07-17 12:00:00","61964022","56119222","5844800","65838.12056517047"
"2024-07-17 13:00:00","59818343","55115052","4703291","65718.00295703372"
"2024-07-17 14:00:00","54029948","58846987","-4817039","65647.39672712724"
"2024-07-17 15:00:00","59379919","60948106","-1568187","65310.25178267239"
"2024-07-17 16:00:00","61916304","52135253","9781051","65214.785935284206"
"2024-07-17 17:00:00","57150219","53760262","3389957","65342.32160089196"
"2024-07-17 18:00:00","61913448","55777729","6135719","65217.60465293457"
"2024-07-17 19:00:00","64453169","48683489","15769680","64684.55559726998"
"2024-07-17 20:00:00","64303412","52440091","11863321","64762.482394962804"
"2024-07-17 21:00:00","64057330","51350795","12706535","65221.12306817703"
"2024-07-17 22:00:00","59872541","56816429","3056112","65113.52950773965"
"2024-07-17 23:00:00","65378953","61914312","3464641","64773.57894121986"
"2024-07-18 00:00:00","72242421","50019014","22223407","64204.84086815434"
"2024-07-18 01:00:00","62465642","50012033","12453609","64336.371395446964"
"2024-07-18 02:00:00","68184413","55456001","12728412","64504.9439237034"
"2024-07-18 03:00:00","66025559","56761227","9264332","64664.71055243904"
"2024-07-18 04:00:00","58887294","52787668","6099626","64557.96676227529"
"2024-07-18 05:00:00","60540667","55536704","5003963","64382.32506852708"
"2024-07-18 06:00:00","52419319","41832470","10586849","64243.734637684385"
"2024-07-18 07:00:00","64115267","54868838","9246429","64114.97788454735"
"2024-07-18 08:00:00","64237468","48754277","15483191","64469.67329701171"
"2024-07-18 09:00:00","59158262","55543755","3614507","64640.554298806725"
"2024-07-18 10:00:00","59372580","53700888","5671692","64688.18350848672"
"2024-07-18 11:00:00","57005442","54651592","2353850","64866.06107947367"
"2024-07-18 12:00:00","60174117","59704003","470114","64587.46102221921"
"2024-07-18 13:00:00","60807685","56028243","4779442","64779.286766210666"
"2024-07-18 14:00:00","60390691","60479992","-89301","65036.47756387397"
"2024-07-18 15:00:00","59992447","61601639","-1609192","64755.67992786376"
"2024-07-18 16:00:00","55139336","59396714","-4257378","64838.62121449383"
"2024-07-18 17:00:00","56956221","62294062","-5337841","64849.78665632271"
"2024-07-18 18:00:00","59010013","64345946","-5335933","64597.81427820524"
"2024-07-18 19:00:00","66869771","57124894","9744877","64719.47580202449"
"2024-07-18 20:00:00","52308547","50550278","1758269","64895.33262297628"
"2024-07-18 21:00:00","48775401","49295461","-520060","64613.96745470654"
"2024-07-18 22:00:00","63885560","48403095","15482465","64049.710614575895"
"2024-07-18 23:00:00","84109074","52562105","31546969","63674.02089852538"
"2024-07-19 00:00:00","84623160","49995602","34627558","63858.83653473639"
"2024-07-19 01:00:00","62041472","51007883","11033589","63584.154231793764"
"2024-07-19 02:00:00","66795862","51956459","14839403","63567.30348844369"
"2024-07-19 03:00:00","72630638","55191702","17438936","63646.18610676921"
"2024-07-19 04:00:00","55940607","42472825","13467782","63757.55365455986"
"2024-07-19 05:00:00","58195252","52523545","5671707","63823.27656129889"
"2024-07-19 06:00:00","47052545","44533665","2518880","64037.976197702024"
"2024-07-19 07:00:00","54669302","55515615","-846313","63983.867704168515"
"2024-07-19 08:00:00","50722306","52636726","-1914420","63586.41669437333"
"2024-07-19 09:00:00","61530254","49261859","12268395","63808.323210746836"
"2024-07-19 10:00:00","61450489","50169358","11281131","63735.38126294832"
"2024-07-19 11:00:00","53891278","47040333","6850945","64301.63673084949"
"2024-07-19 12:00:00","56175361","56907081","-731720","64154.694307075704"
"2024-07-19 13:00:00","55773803","60135927","-4362124","64132.47507920923"
"2024-07-19 14:00:00","51730423","49877430","1852993","64238.05631289794"
"2024-07-19 15:00:00","56469428","55780643","688785","63687.50650981505"
"2024-07-19 16:00:00","57378654","47164472","10214182","63783.51888841791"
"2024-07-19 17:00:00","57317154","47552495","9764659","63715.62403042523"
"2024-07-19 18:00:00","58003665","47739090","10264575","63995.27305037159"
"2024-07-19 19:00:00","57329846","60954004","-3624158","64078.40270012854"
"2024-07-19 20:00:00","55630268","59376409","-3746141","64277.88670389509"
"2024-07-19 21:00:00","54898845","56793673","-1894828","64985.97430931166"
"2024-07-19 22:00:00","55264782","56777810","-1513028","65692.89313481028"
"2024-07-19 23:00:00","59904994","74270539","-14365545","65780.72370177542"
"2024-07-20 00:00:00","45478427","60906826","-15428399","66378.12111700204"
"2024-07-20 01:00:00","54645724","65449677","-10803953","66739.75432729605"
"2024-07-20 02:00:00","57719218","82784880","-25065662","66805.10807675552"
"2024-07-20 03:00:00","56737452","82615454","-25878002","67152.5705477576"
"2024-07-20 04:00:00","57289615","62191320","-4901705","66982.15623233892"
"2024-07-20 05:00:00","55933152","61443580","-5510428","66973.50115455431"
"2024-07-20 06:00:00","56928464","55321041","1607423","66727.49997576908"
"2024-07-20 07:00:00","63753136","51500502","12252634","66744.453302227"
"2024-07-20 08:00:00","63091848","48606780","14485068","66544.13514084273"
"2024-07-20 09:00:00","68847368","54388411","14458957","66394.91050487688"
"2024-07-20 10:00:00","71319831","50284562","21035269","66625.67968140129"
"2024-07-20 11:00:00","69747142","53285327","16461815","66676.62975868104"
"2024-07-20 12:00:00","69725024","54021017","15704007","66679.70021451758"
"2024-07-20 13:00:00","65282515","55450888","9831627","66585.40735242731"
"2024-07-20 14:00:00","67344119","53979674","13364445","66676.76780579046"
"2024-07-20 15:00:00","70194248","56149503","14044745","66630.88508680346"
"2024-07-20 16:00:00","65827029","55372872","10454157","66545.63328225705"
"2024-07-20 17:00:00","69646446","56037599","13608847","66693.7448861406"
"2024-07-20 18:00:00","64728561","55505833","9222728","66536.98836851721"
"2024-07-20 19:00:00","70251120","56709572","13541548","66548.72102992474"
"2024-07-20 20:00:00","68204816","57235031","10969785","66514.89693226037"
"2024-07-20 21:00:00","68246075","59488103","8757972","66569.78678283225"
"2024-07-20 22:00:00","68456456","55818021","12638435","66613.28880793549"
"2024-07-20 23:00:00","74307665","58174842","16132823","66826.23575764449"
"2024-07-21 00:00:00","55340888","52801437","2539451","66873.93133760903"
"2024-07-21 01:00:00","62042260","51889986","10152274","67400.1593970042"
"2024-07-21 02:00:00","60980396","64935540","-3955144","67515.06921860698"
"2024-07-21 03:00:00","55062940","69643813","-14580873","67228.85998931172"
"2024-07-21 04:00:00","59514399","61922571","-2408172","67362.95316218067"
"2024-07-21 05:00:00","60042937","65268561","-5225624","67129.83608190478"
"2024-07-21 06:00:00","48818970","44726168","4092802","67153.30350190974"
"2024-07-21 07:00:00","60515759","56069930","4445829","67163.28741320317"
"2024-07-21 08:00:00","57502152","56829516","672636","67039.68707550676"
"2024-07-21 09:00:00","61797579","60107989","1689590","67320.76243406464"
"2024-07-21 10:00:00","55127716","67027140","-11899424","67311.7333877434"
"2024-07-21 11:00:00","55022140","69575046","-14552906","67189.08314524918"
"2024-07-21 12:00:00","58308526","63671281","-5362755","67064.08012353758"
"2024-07-21 13:00:00","64524546","62284191","2240355","67062.75248328547"
"2024-07-21 14:00:00","65727543","57864680","7862863","66717.13489945882"
"2024-07-21 15:00:00","71236586","52891468","18345118","66714.96484837086"
"2024-07-21 16:00:00","70220686","53201881","17018805","66832.18386854512"
"2024-07-21 17:00:00","66363196","57339860","9023336","67007.18593840855"
"2024-07-21 18:00:00","64533617","55912320","8621297","66853.40432045635"
"2024-07-21 19:00:00","65676560","54449304","11227256","66862.08073304332"
"2024-07-21 20:00:00","63850415","58080006","5770409","66909.08241963656"
"2024-07-21 21:00:00","66136325","58297996","7838329","66740.7406928155"
"2024-07-21 22:00:00","65013613","54362538","10651075","67337.50629114454"
"2024-07-21 23:00:00","56409483","72884413","-16474930","67108.41773651581"
"2024-07-22 00:00:00","71763845","60964383","10799462","67492.66189611402"
"2024-07-22 01:00:00","56757470","72275506","-15518036","66788.12299597013"
"2024-07-22 02:00:00","61854283","56448772","5405511","66891.9697446568"
"2024-07-22 03:00:00","50580368","54589765","-4009397","67399.34285178939"
"2024-07-22 04:00:00","52834595","62091439","-9256844","67873.68157141215"
"2024-07-22 05:00:00","59430650","56092156","3338494","68136.51899824967"
"2024-07-22 06:00:00","40747485","57989189","-17241704","68030.36114040308"
"2024-07-22 07:00:00","61262490","65285798","-4023308","68085.8084271517"
"2024-07-22 08:00:00","57537877","57138727","399150","68196.78850802382"
"2024-07-22 09:00:00","59920453","62825788","-2905335","67845.11401452351"
"2024-07-22 10:00:00","61491069","57817951","3673118","68128.24869256091"
"2024-07-22 11:00:00","62347908","65345627","-2997719","67932.35003146197"
"2024-07-22 12:00:00","60515965","60665189","-149224","67891.8421465615"
"2024-07-22 13:00:00","65504072","63659821","1844251","67632.13673870885"
"2024-07-22 14:00:00","64887753","52594405","12293348","67371.54344534126"
"2024-07-22 15:00:00","59638643","43749189","15889454","67269.25999991142"
"2024-07-22 16:00:00","67137944","52604138","14533806","67112.97240549744"
"2024-07-22 17:00:00","62099815","53144892","8954923","67373.76213099863"
"2024-07-22 18:00:00","59990207","50437501","9552706","67422.5067565378"
"2024-07-22 19:00:00","61058476","60570849","487627","67517.61606071086"
"2024-07-22 20:00:00","58193108","54004519","4188589","67652.6554847346"
"2024-07-22 21:00:00","51038764","53084569","-2045805","67169.27214584983"
"2024-07-22 22:00:00","64667359","52490875","12176484","66714.58124928575"
"2024-07-22 23:00:00","62414443","50736098","11678345","67122.87717158088"
"2024-07-23 00:00:00","60185143","53685849","6499294","67097.85811148537"
"2024-07-23 01:00:00","67701829","55665529","12036300","67418.94680309099"
"2024-07-23 02:00:00","57652638","60829535","-3176897","67448.14888272784"
"2024-07-23 03:00:00","56790730","64779235","-7988505","68149.28648368294"
"2024-07-23 04:00:00","58550938","69292087","-10741149","68027.34481191273"
"2024-07-23 05:00:00","59297401","63788878","-4491477","67819.86964424454"
"2024-07-23 06:00:00","51088961","49797853","1291108","67695.96315013315"
"2024-07-23 07:00:00","57866307","58178664","-312357","67579.53056733396"
"2024-07-23 08:00:00","59107976","54575778","4532198","67551.78276012183"
"2024-07-23 09:00:00","60242130","68325874","-8083744","67353.28384159235"
"2024-07-23 10:00:00","64033461","56631665","7401796","67644.19649759671"
"2024-07-23 11:00:00","68606421","66486983","2119438","67528.04611026628"
"2024-07-23 12:00:00","67465329","61626854","5838475","67084.69826223886"
"2024-07-23 13:00:00","64707787","56667270","8040517","66458.10374219557"
"2024-07-23 14:00:00","62607946","54653803","7954143","66560.22807782794"
"2024-07-23 15:00:00","56480490","54043046","2437444","66548.04581364483"
"2024-07-23 16:00:00","51674910","45651720","6023190","66877.12545762373"
"2024-07-23 17:00:00","56972797","54032379","2940418","67046.1119671766"
"2024-07-23 18:00:00","51076175","56854933","-5778758","66882.79941188173"
"2024-07-23 19:00:00","61138248","59634664","1503584","66727.37249392291"
"2024-07-23 20:00:00","51892545","49536371","2356174","66494.78550199312"
"2024-07-23 21:00:00","67113573","53794616","13318957","66148.28468906655"
"2024-07-23 22:00:00","58755575","41842172","16913403","67249.7662479386"
"2024-07-23 23:00:00","52212469","49169586","3042883","66478.83909875379"
"2024-07-24 00:00:00","54282684","42890580","11392104","66069.06509114716"
"2024-07-24 01:00:00","74446758","48415004","26031754","65888.77508408054"
"2024-07-24 02:00:00","72043966","56512816","15531150","65868.14070575181"
"2024-07-24 03:00:00","74690431","54456390","20234041","65586.15966849489"
"2024-07-24 04:00:00","74774116","52410260","22363856","65911.54858485557"
"2024-07-24 05:00:00","60741509","55012903","5728606","65885.2591361449"
"2024-07-24 06:00:00","51310973","74238239","-22927266","65937.19839447315"
"2024-07-24 07:00:00","63004656","74253070","-11248414","65919.63232649356"
"2024-07-24 08:00:00","61061101","50996794","10064307","65802.81125669609"
"2024-07-24 09:00:00","63559474","54966031","8593443","65680.68926745355"
"2024-07-24 10:00:00","69926077","56612192","13313885","65833.96966825999"
"2024-07-24 11:00:00","63346187","55407213","7938974","66038.88476604687"
"2024-07-24 12:00:00","64113881","57337125","6776756","65851.70624263698"
"2024-07-24 13:00:00","63895596","59986148","3909448","65783.94057941862"
"2024-07-24 14:00:00","65363043","58622155","6740888","65872.96278649358"
"2024-07-24 15:00:00","65998001","62104208","3893793","66024.90821643316"
"2024-07-24 16:00:00","60045242","56788982","3256260","66400.19670851008"
"2024-07-24 17:00:00","65014747","59792854","5221893","66425.33194916479"
"2024-07-24 18:00:00","59433611","60312593","-878982","66482.47292009526"
"2024-07-24 19:00:00","56260909","56655414","-394505","66364.47484863058"
"2024-07-24 20:00:00","61079959","57306652","3773307","66326.30091850164"
"2024-07-24 21:00:00","51751739","49254226","2497513","66593.19661460133"
"2024-07-24 22:00:00","53547473","54828635","-1281162","66852.26772835973"
"2024-07-24 23:00:00","56085955","57354325","-1268370","66262.53740034433"
"2024-07-25 00:00:00","62131293","51851490","10279803","66353.0641123059"
"2024-07-25 01:00:00","65180308","54742025","10438283","66665.99282383177"
"2024-07-25 02:00:00","62051965","60852950","1199015","65827.60372823088"
"2024-07-25 03:00:00","67417076","51104127","16312949","65909.12645991842"
"2024-07-25 04:00:00","65735474","46108802","19626672","66000.90636092544"
"2024-07-25 05:00:00","61713515","52219653","9493862","65541.10637954375"
"2024-07-25 06:00:00","60972482","51239560","9732922","65301.72328000137"
"2024-07-25 07:00:00","83395768","53475463","29920305","65408.61354468216"
"2024-07-25 08:00:00","77281625","50797199","26484426","65542.7150496822"
"2024-07-25 09:00:00","76136569","56000983","20135586","64364.999903690514"
"2024-07-25 10:00:00","69118433","54666813","14451620","64203.63408067176"
"2024-07-25 11:00:00","73199761","54493539","18706222","64136.77409261052"
"2024-07-25 12:00:00","72795624","55897624","16898000","64212.95639250144"
"2024-07-25 13:00:00","65493119","55427324","10065795","64254.01403528199"
"2024-07-25 14:00:00","62908734","52882639","10026095","64344.48255811974"
"2024-07-25 15:00:00","62409546","51958959","10450587","64159.42685566488"
"2024-07-25 16:00:00","65522935","50078086","15444849","64307.89074428152"
"2024-07-25 17:00:00","57052304","54329022","2723282","64244.83721678542"
"2024-07-25 18:00:00","64488116","50774698","13713418","64117.21685019991"
"2024-07-25 19:00:00","66395298","53160144","13235154","64097.862266315846"
"2024-07-25 20:00:00","66421989","50065004","16356985","64023.67693402022"
"2024-07-25 21:00:00","70694723","46939664","23755059","63921.6589479193"
"2024-07-25 22:00:00","74775447","54717461","20057986","64668.35975074858"
"2024-07-25 23:00:00","56662560","57965045","-1302485","64651.14917943875"
"2024-07-26 00:00:00","57536910","60896981","-3360071","64878.37962103012"
"2024-07-26 01:00:00","61749553","61941341","-191788","64963.30979852251"
"2024-07-26 02:00:00","61268447","56657299","4611148","64654.25850910664"
"2024-07-26 03:00:00","66064482","55067931","10996551","64727.07718979252"
"2024-07-26 04:00:00","57119150","50431776","6687374","65062.03745493973"
"2024-07-26 05:00:00","49809626","53107693","-3298067","65812.30966928028"
"2024-07-26 06:00:00","43579495","50514960","-6935465","65668.28755158384"
"2024-07-26 07:00:00","55985186","54390416","1594770","65779.28975493193"
"2024-07-26 08:00:00","55244144","48064648","7179496","66187.59830346862"
"2024-07-26 09:00:00","58092999","59004246","-911247","66419.50587156737"
"2024-07-26 10:00:00","59489238","63532019","-4042781","66952.54787236235"
"2024-07-26 11:00:00","56204253","56862021","-657768","66999.84327646482"
"2024-07-26 12:00:00","51035635","54271972","-3236337","66993.71798590857"
"2024-07-26 13:00:00","56695576","64300962","-7605386","66961.55468322197"
"2024-07-26 14:00:00","56980265","64333526","-7353261","67124.98978434633"
"2024-07-26 15:00:00","56913306","70388380","-13475074","66947.44929227895"
"2024-07-26 16:00:00","57928493","61665899","-3737406","67071.48936869326"
"2024-07-26 17:00:00","56934030","67961504","-11027474","67376.38292708973"
"2024-07-26 18:00:00","54090577","68082435","-13991858","67284.00456583305"
"2024-07-26 19:00:00","56086189","67874236","-11788047","67273.69245855662"
"2024-07-26 20:00:00","50265091","68214919","-17949828","67208.58035231584"
"2024-07-26 21:00:00","55998667","67025872","-11027205","67778.69027184308"
"2024-07-26 22:00:00","59938856","72579653","-12640797","67246.54464723605"
"2024-07-26 23:00:00","65404631","58060614","7344017","67543.38479925966"
"2024-07-27 00:00:00","61465435","72370798","-10905363","67488.11349069845"
"2024-07-27 01:00:00","62323094","73338371","-11015277","67363.47903881485"
"2024-07-27 02:00:00","63669305","77362177","-13692872","67510.43417499718"
"2024-07-27 03:00:00","65966274","77237060","-11270786","67906.5387958592"
"2024-07-27 04:00:00","59488505","76007886","-16519381","67511.54388742537"
"2024-07-27 05:00:00","62763420","56019345","6744075","68022.78900932611"
"2024-07-27 06:00:00","56289235","65948331","-9659096","67953.68872083716"
"2024-07-27 07:00:00","59192224","65601879","-6409655","67919.78665783213"
"2024-07-27 08:00:00","55004949","64443672","-9438723","67875.72594480978"
"2024-07-27 09:00:00","49355758","57958793","-8603035","67711.37303874471"
"2024-07-27 10:00:00","59806239","61544885","-1738646","67977.51151454696"
"2024-07-27 11:00:00","57818518","64451369","-6632851","67815.2260050378"
"2024-07-27 12:00:00","58787761","63183658","-4395897","67874.74736743452"
"2024-07-27 13:00:00","57583277","65621029","-8037752","67926.02903876676"
"2024-07-27 14:00:00","58214711","72894053","-14679342","68056.67490769288"
"2024-07-27 15:00:00","60443164","67407354","-6964190","68185.73272654685"
"2024-07-27 16:00:00","59625303","75214234","-15588931","67982.11930520309"
"2024-07-27 17:00:00","63465061","75741063","-12276002","68247.56927751619"
"2024-07-27 18:00:00","60429609","74356537","-13926928","68187.78844761131"
"2024-07-27 19:00:00","63533802","77513129","-13979327","68231.85007333069"
"2024-07-27 20:00:00","58125855","71668320","-13542465","68430.01756439"
"2024-07-27 21:00:00","71499306","76825945","-5326639","69227.3054806539"
"2024-07-27 22:00:00","60032253","100739451","-40707198","68954.11165051673"
"2024-07-27 23:00:00","69290458","69452313","-161855","68776.02120499822"
"2024-07-28 00:00:00","59716096","56723487","2992609","68727.56401008995"
"2024-07-28 01:00:00","60686836","63025613","-2338777","68571.14349254948"
"2024-07-28 02:00:00","64630701","52410538","12220163","68818.4527115271"
"2024-07-28 03:00:00","60491646","57595915","2895731","68081.34674575485"
"2024-07-28 04:00:00","54283763","51647782","2635981","67938.67560125563"
"2024-07-28 05:00:00","50736354","64369288","-13632934","68792.57603977068"
"2024-07-28 06:00:00","55740692","65000269","-9259577","68632.68599319269"
"2024-07-28 07:00:00","58177726","62277305","-4099579","67951.05781722518"
"2024-07-28 08:00:00","52602723","51198032","1404691","67882.45941460243"
"2024-07-28 09:00:00","57616872","55828911","1787961","68145.69134804692"
"2024-07-28 10:00:00","60193631","55598188","4595443","68125.71146183432"
"2024-07-28 11:00:00","55837978","54876818","961160","67996.11118648243"
"2024-07-28 12:00:00","62062555","58320985","3741570","67674.2131187217"
"2024-07-28 13:00:00","68105855","51469830","16636025","67325.34636263296"
"2024-07-28 14:00:00","69169140","49138563","20030577","67491.81141566408"
"2024-07-28 15:00:00","69618666","55479578","14139088","67518.89624232297"
"2024-07-28 16:00:00","65185707","50826277","14359430","67361.8820974926"
"2024-07-28 17:00:00","67521209","50778070","16743139","67465.06672580006"
"2024-07-28 18:00:00","67078193","52249762","14828431","67626.17985600354"
"2024-07-28 19:00:00","66354178","54430917","11923261","67917.49556841527"
"2024-07-28 20:00:00","55952566","55393597","558969","68050.22435256408"
"2024-07-28 21:00:00","57352938","57785858","-432920","68019.13913662866"
"2024-07-28 22:00:00","56565079","58078000","-1512921","67757.79512486032"
"2024-07-28 23:00:00","58808709","57455169","1353540","67666.95510255794"
"2024-07-29 00:00:00","60628302","56909844","3718458","67700.53636577819"
"2024-07-29 01:00:00","62023657","54703122","7320535","67924.60713243016"
"2024-07-29 02:00:00","58175387","56796995","1378392","68194.98777384365"
"2024-07-29 03:00:00","55889058","57527796","-1638738","68193.05260342646"
"2024-07-29 04:00:00","54764676","58468448","-3703772","68003.99404042168"
"2024-07-29 05:00:00","53035286","54433060","-1397774","68032.44078026061"
"2024-07-29 06:00:00","55972018","55507164","464854","68033.31437029393"
"2024-07-29 07:00:00","59724552","62701747","-2977195","68254.17311899124"
"2024-07-29 08:00:00","54662830","55980688","-1317858","68694.81592124834"
"2024-07-29 09:00:00","52566002","70134291","-17568289","68682.19964292129"
"2024-07-29 10:00:00","57040393","68332944","-11292551","69525.50560357815"
"2024-07-29 11:00:00","55013686","138095323","-83081637","69371.04411507159"
"2024-07-29 12:00:00","57692387","97172340","-39479953","69341.958544012"
"2024-07-29 13:00:00","59651555","95694574","-36043019","69684.74374188685"
"2024-07-29 14:00:00","57672939","136560401","-78887462","69723.65055220455"
"2024-07-29 15:00:00","58748047","124937154","-66189107","69525.80256301368"
"2024-07-29 16:00:00","57062290","122394810","-65332520","69468.01342899397"
"2024-07-29 17:00:00","61822199","123029556","-61207357","69470.46127514256"
"2024-07-29 18:00:00","57115441","115399803","-58284362","69633.83220381447"
"2024-07-29 19:00:00","59891001","128111285","-68220284","69636.00302828196"
"2024-07-29 20:00:00","63317679","123927877","-60610198","69811.94720999479"
"2024-07-29 21:00:00","60885088","105890327","-45005239","69413.45580179266"
"2024-07-29 22:00:00","59414087","55707714","3706373","68517.98607766096"
"2024-07-29 23:00:00","66891172","56085538","10805634","68108.8952508749"
"2024-07-30 00:00:00","76294068","57017781","19276287","66943.47398349049"
"2024-07-30 01:00:00","65946068","45535663","20410405","66883.85667577897"
"2024-07-30 02:00:00","56793778","47798643","8995135","67392.0251158132"
"2024-07-30 03:00:00","58515132","55225426","3289706","67391.5319078496"
"2024-07-30 04:00:00","59960204","56979167","2981037","67371.72778553328"
"2024-07-30 05:00:00","63658192","58357578","5300614","67412.11173764359"
"2024-07-30 06:00:00","52221930","51310365","911565","67193.14644005807"
"2024-07-30 07:00:00","72724689","51201480","21523209","66852.07883190767"
"2024-07-30 08:00:00","59707276","44094750","15612526","66472.38173936326"
"2024-07-30 09:00:00","56330155","49499382","6830773","66195.6350858966"
"2024-07-30 10:00:00","69776184","50272747","19503437","66341.86820289727"
"2024-07-30 11:00:00","67119965","45963001","21156964","66539.3152476713"
"2024-07-30 12:00:00","63109399","55279581","7829818","66673.5897668884"
"2024-07-30 13:00:00","61449756","61108169","341587","66548.70807747393"
"2024-07-30 14:00:00","64928502","52895562","12032940","66731.98233735979"
"2024-07-30 15:00:00","52980182","46440051","6540131","66921.6972755478"
"2024-07-30 16:00:00","53222479","60007427","-6784948","66772.28877223431"
"2024-07-30 17:00:00","60798279","57266724","3531555","66586.06554801723"
"2024-07-30 18:00:00","64078712","53334317","10744395","66557.71914899857"
"2024-07-30 19:00:00","66971696","57694712","9276984","66643.14840011168"
"2024-07-30 20:00:00","63980573","59750690","4229883","66721.8647929622"
"2024-07-30 21:00:00","57705427","53227359","4478068","66330.12253797859"
"2024-07-30 22:00:00","68723299","54422935","14300364","65986.41010465981"
"2024-07-30 23:00:00","74762437","53995353","20767084","66187.39219082314"
"2024-07-31 00:00:00","58638799","57531144","1107655","66221.72044694824"
"2024-07-31 01:00:00","73949117","54341439","19607678","65897.36574510294"
"2024-07-31 02:00:00","76852819","55499428","21353391","65713.8227188941"
"2024-07-31 03:00:00","78859077","57035689","21823388","65957.74865512125"
"2024-07-31 04:00:00","77741149","53905872","23835277","66123.41890332698"
"2024-07-31 05:00:00","62372643","59734421","2638222","66287.11464053462"
"2024-07-31 06:00:00","58330816","54886053","3444763","66201.5173295429"
"2024-07-31 07:00:00","65342882","56943124","8399758","66174.59591258861"
"2024-07-31 08:00:00","56976879","57801081","-824202","66281.51355931607"
"2024-07-31 09:00:00","62929853","62255249","674604","66233.65379173576"
"2024-07-31 10:00:00","62633093","61003421","1629672","66196.32036738873"
"2024-07-31 11:00:00","58946464","60120668","-1174204","66044.73677591437"
"2024-07-31 12:00:00","63197209","60107032","3090177","65643.6343855161"
"2024-07-31 13:00:00","65867046","60076496","5790550","65994.3149686143"
"2024-07-31 14:00:00","56676951","60937187","-4260236","66420.28834320472"
"2024-07-31 15:00:00","63898548","66552295","-2653747","66214.85495982096"
"2024-07-31 16:00:00","61658997","61291604","367393","66307.97649194964"
"2024-07-31 17:00:00","65535011","64177748","1357263","66263.45196810765"
"2024-07-31 18:00:00","58688343","54523867","4164476","66037.0137226972"
"2024-07-31 19:00:00","48681474","43927225","4754249","66065.21649740364"
"2024-07-31 20:00:00","68822791","64320437","4502354","66057.51987249778"
"2024-07-31 21:00:00","71104475","64755960","6348515","66516.93996761268"
"2024-07-31 22:00:00","63435547","69007519","-5571972","66432.07498591763"
"2024-07-31 23:00:00","63204830","55082518","8122312","66367.00070863456"
"2024-08-01 00:00:00","68632849","61538084","7094765","66431.4967835316"
"2024-08-01 01:00:00","69350069","68608389","741680","66694.06823832767"
"2024-08-01 02:00:00","55262997","52153173","3109824","66530.41115488876"
"2024-08-01 03:00:00","70361293","64636567","5724726","65380.787793640055"
"2024-08-01 04:00:00","68058628","57187206","10871422","64720.65921253136"
"2024-08-01 05:00:00","78408046","53178493","25229553","64936.83459144828"
"2024-08-01 06:00:00","70781940","57506912","13275028","64883.87486911201"
"2024-08-01 07:00:00","78054831","59364769","18690062","64671.51352460433"
"2024-08-01 08:00:00","77565919","57314043","20251876","64594.74737068035"
"2024-08-01 09:00:00","64922853","58757108","6165745","64159.881658517595"
"2024-08-01 10:00:00","72061769","44263590","27798179","64030.73608146688"
"2024-08-01 11:00:00","81685745","53018042","28667703","63905.35485092215"
"2024-08-01 12:00:00","90633301","72416723","18216578","63743.16980481453"
"2024-08-01 13:00:00","82373547","71104193","11269354","64257.95269746642"
"2024-08-01 14:00:00","58973535","58195497","778038","64291.75356957702"
"2024-08-01 15:00:00","61102586","55110748","5991838","64375.32930311615"
"2024-08-01 16:00:00","60595880","63719782","-3123902","64490.622039821224"
"2024-08-01 17:00:00","56928023","51027611","5900412","64515.67043583671"
"2024-08-01 18:00:00","55790007","50145856","5644151","64483.21039492679"
"2024-08-01 19:00:00","60860190","59522535","1337655","64595.57493607395"
"2024-08-01 20:00:00","57705264","55553017","2152247","64826.49591359229"
"2024-08-01 21:00:00","62807510","59821010","2986500","64731.73835140701"
"2024-08-01 22:00:00","52334286","59178952","-6844666","64034.53918092383"
"2024-08-01 23:00:00","80402121","54735490","25666631","63023.658465324974"
"2024-08-02 00:00:00","70083188","47517145","22566043","62855.32815919364"
"2024-08-02 01:00:00","78687639","55614446","23073193","63002.93487416189"
"2024-08-02 02:00:00","55873770","53879188","1994582","62877.66659807969"
"2024-08-02 03:00:00","61409055","53360288","8048767","63342.54742286471"
"2024-08-02 04:00:00","54587266","55812679","-1225413","64626.65734817276"
"2024-08-02 05:00:00","55868569","55502267","366302","64866.19791904364"
"2024-08-02 06:00:00","59162954","58467785","695169","65238.455742682854"
"2024-08-02 07:00:00","62689068","62197507","491561","65189.488173407546"
"2024-08-02 08:00:00","58070640","64330731","-6260091","65021.19278663957"
"2024-08-02 09:00:00","52991109","55564188","-2573079","64722.00185127401"
"2024-08-02 10:00:00","63251562","63942538","-690976","64215.51120988591"
"2024-08-02 11:00:00","58501131","59146380","-645249","64532.098005246335"
"2024-08-02 12:00:00","56302228","60323307","-4021079","64459.866176506286"
"2024-08-02 13:00:00","61120588","62675689","-1555101","64110.54905023395"
"2024-08-02 14:00:00","67407459","56599799","10807660","64419.62227677894"
"2024-08-02 15:00:00","53089369","48980598","4108771","64190.04361817956"
"2024-08-02 16:00:00","57053447","56661046","392401","64372.340639853646"
"2024-08-02 17:00:00","57196251","61961419","-4765168","64454.21289812253"
"2024-08-02 18:00:00","58789971","63120976","-4331005","64669.88646759076"
"2024-08-02 19:00:00","61393134","63862078","-2468944","64621.09551603031"
"2024-08-02 20:00:00","62447614","63470684","-1023070","64581.346410127866"
"2024-08-02 21:00:00","58353928","70122254","-11768326","64980.480400792694"
"2024-08-02 22:00:00","64941952","63858544","1083408","63977.62732392499"
"2024-08-02 23:00:00","51742897","47065138","4677759","63487.90572178657"
"2024-08-03 00:00:00","48617769","39408105","9209664","63260.44993162319"
"2024-08-03 01:00:00","62604737","53803101","8801636","63169.55750443544"
"2024-08-03 02:00:00","59840860","52814896","7025964","62927.099083590234"
"2024-08-03 03:00:00","69231596","55845034","13386562","62642.09318816255"
"2024-08-03 04:00:00","69886166","50787237","19098929","62505.08996441567"
"2024-08-03 05:00:00","75485758","51951541","23534217","62097.60674054204"
"2024-08-03 06:00:00","51399730","49008466","2391264","61760.156980036074"
"2024-08-03 07:00:00","73638443","47580884","26057559","61484.961091310855"
"2024-08-03 08:00:00","77161464","47641190","29520274","61100.437541632695"
"2024-08-03 09:00:00","66991349","48568352","18422997","61210.836399249856"
"2024-08-03 10:00:00","54449934","57678795","-3228861","61389.002266670905"
"2024-08-03 11:00:00","56565830","50382195","6183635","61917.14652797254"
"2024-08-03 12:00:00","41734071","43582873","-1848802","61598.0003625247"
"2024-08-03 13:00:00","54044507","56025164","-1980657","61644.01271742931"
"2024-08-03 14:00:00","52544162","56536481","-3992319","61802.528282514206"
"2024-08-03 15:00:00","54732708","57290596","-2557888","61711.341070101735"
"2024-08-03 16:00:00","56085701","56215442","-129741","61604.17886974354"
"2024-08-03 17:00:00","61083907","59662076","1421831","61741.379112792136"
"2024-08-03 18:00:00","61622509","56927425","4695084","61819.02139218756"
"2024-08-03 19:00:00","63165725","60100443","3065282","61960.193195951986"
"2024-08-03 20:00:00","61355215","60935806","419409","62027.1417718751"
"2024-08-03 21:00:00","62160645","59948106","2212539","61975.000868257805"
"2024-08-03 22:00:00","57144690","54310379","2834311","62035.804243118095"
"2024-08-03 23:00:00","64191310","60011673","4179637","60894.49944220636"
"2024-08-04 00:00:00","71314026","52484843","18829183","61092.6451891581"
"2024-08-04 01:00:00","66589791","51246306","15343485","60636.34576192219"
"2024-08-04 02:00:00","76540293","52864355","23675938","60278.96081572582"
"2024-08-04 03:00:00","96714372","53505756","43208616","60383.9320371029"
"2024-08-04 04:00:00","63557003","51891227","11665776","60396.03112064784"
"2024-08-04 05:00:00","72725501","48981735","23743766","60648.58420054418"
"2024-08-04 06:00:00","50376123","42454307","7921816","60639.16614958399"
"2024-08-04 07:00:00","50020780","46830315","3190465","60745.27777852545"
"2024-08-04 08:00:00","51266102","48689921","2576181","60744.392273058715"
"2024-08-04 09:00:00","56345912","48750609","7595303","60678.60881996433"
"2024-08-04 10:00:00","49720495","46262698","3457797","60953.25908665075"
"2024-08-04 11:00:00","51124470","52658240","-1533770","60731.156476860546"
"2024-08-04 12:00:00","53688585","48463091","5225494","60582.31326777774"
"2024-08-04 13:00:00","56213888","47968725","8245163","60788.469657227295"
"2024-08-04 14:00:00","55145486","48057290","7088196","60834.960763966366"
"2024-08-04 15:00:00","57120133","52629327","4490806","60323.048791659596"
"2024-08-04 16:00:00","58299025","50745218","7553807","60529.34350761881"
"2024-08-04 17:00:00","55369639","51980180","3389459","60696.60588885308"
"2024-08-04 18:00:00","57162193","52594756","4567437","60723.24379770944"
"2024-08-04 19:00:00","56940023","50327620","6612403","60865.31794619904"
"2024-08-04 20:00:00","56997795","53184305","3813490","61088.5991018246"
"2024-08-04 21:00:00","55828425","53869538","1958887","60927.51712731986"
"2024-08-04 22:00:00","58662317","52406601","6255716","59860.25086423235"
"2024-08-04 23:00:00","80571997","49240399","31331598","59146.25108880465"
"2024-08-05 00:00:00","69654264","50685009","18969255","58861.539370663966"
"2024-08-05 01:00:00","70731642","46654681","24076961","57861.33921267633"
"2024-08-05 02:00:00","54424521","45933600","8490921","58781.30186054206"
"2024-08-05 03:00:00","54185058","46216621","7968437","59527.48448827789"
"2024-08-05 04:00:00","57295469","47699025","9596444","59125.48152607526"
"2024-08-05 05:00:00","53161570","49433417","3728153","58552.03569162413"
"2024-08-05 06:00:00","48820028","44831755","3988273","58862.91034732724"
"2024-08-05 07:00:00","55457846","47553779","7904067","58147.32858137622"
"2024-08-05 08:00:00","44546977","44109265","437712","56451.68591191738"
"2024-08-05 09:00:00","33496104","31100804","2395300","54707.14123716461"
"2024-08-05 10:00:00","40856365","37003540","3852825","54390.990685654615"
"2024-08-05 11:00:00","49084957","39327357","9757600","54224.74302931622"
"2024-08-05 12:00:00","30676519","30059133","617386","53786.606095287"
"2024-08-05 13:00:00","50221219","41036226","9184993","52878.687420782684"
"2024-08-05 14:00:00","60770574","30245325","30525249","51326.14883553355"
"2024-08-05 15:00:00","37467037","36695732","771305","52722.2146535057"
"2024-08-05 16:00:00","33774731","31781791","1992940","52802.95060371351"
"2024-08-05 17:00:00","46448929","42868642","3580287","52526.31712487669"
"2024-08-05 18:00:00","42831226","39908988","2922238","51416.05300499057"
"2024-08-05 19:00:00","39206528","36993826","2212702","51427.63299148484"
"2024-08-05 20:00:00","38018692","37207947","810745","50113.578969821276"
"2024-08-05 21:00:00","37917352","36361644","1555708","51905.26318810334"
"2024-08-05 22:00:00","25437329","20127597","5309732","53751.52964134565"
"2024-08-05 23:00:00","45056958","43215586","1841372","54512.29784845545"
"2024-08-06 00:00:00","47272960","43341696","3931264","54409.01442179288"
"2024-08-06 01:00:00","49333342","45681969","3651373","54900.2394728338"
"2024-08-06 02:00:00","49946322","44396049","5550273","53390.918166112046"
"2024-08-06 03:00:00","40516868","37473973","3042895","53343.268985706716"
"2024-08-06 04:00:00","41410058","38214485","3195573","53868.624883603545"
"2024-08-06 05:00:00","42966348","46623387","-3657039","54502.05586279402"
"2024-08-06 06:00:00","46577056","39613614","6963442","54712.07285199586"
"2024-08-06 07:00:00","48090030","46439548","1650482","54077.63736263371"
"2024-08-06 08:00:00","43093587","39575835","3517752","55817.956044625"
"2024-08-06 09:00:00","55086039","54284105","801934","55877.216849525066"
"2024-08-06 10:00:00","53242951","45099408","8143543","55861.421304681695"
"2024-08-06 11:00:00","56676319","48314859","8361460","55693.91968645411"
"2024-08-06 12:00:00","53879857","47803148","6076709","55439.99375373675"
"2024-08-06 13:00:00","53388424","51731844","1656580","55955.51795963762"
"2024-08-06 14:00:00","52971351","49553102","3418249","55844.3351904986"
"2024-08-06 15:00:00","57502233","49207841","8294392","55879.894554132974"
"2024-08-06 16:00:00","47702578","46385214","1317364","55109.64266583704"
"2024-08-06 17:00:00","50657349","46193255","4464094","55257.04901299378"
"2024-08-06 18:00:00","52868750","42637794","10230956","55053.34253136044"
"2024-08-06 19:00:00","52231779","48729494","3502285","55279.392342354826"
"2024-08-06 20:00:00","49084999","49131973","-46974","54843.07981098854"
"2024-08-06 21:00:00","52264840","48345555","3919285","55150.60104847105"
"2024-08-06 22:00:00","49227983","66747881","-17519898","56193.52525893912"
"2024-08-06 23:00:00","55420202","48472113","6948089","56185.28220393893"
"2024-08-07 00:00:00","47318406","54297334","-6978928","56835.87806312538"
"2024-08-07 01:00:00","55131890","63369013","-8237123","56729.496483986266"
"2024-08-07 02:00:00","56660561","46210399","10450162","56852.679383001014"
"2024-08-07 03:00:00","55421053","45907423","9513630","56782.462414619404"
"2024-08-07 04:00:00","56352654","48868696","7483958","56608.74018511904"
"2024-08-07 05:00:00","57932044","48295065","9636979","56455.60740319964"
"2024-08-07 06:00:00","52140706","46972658","5168048","56246.599924206595"
"2024-08-07 07:00:00","55502222","46172524","9329698","55998.50801515976"
"2024-08-07 08:00:00","55357316","45111243","10246073","56171.5619652486"
"2024-08-07 09:00:00","52586619","47207073","5379546","56614.27659591672"
"2024-08-07 10:00:00","52358300","60167328","-7809028","56775.44325101053"
"2024-08-07 11:00:00","55497517","53448532","2048985","56841.165541573515"
"2024-08-07 12:00:00","59689386","53829274","5860112","57237.549834654594"
"2024-08-07 13:00:00","59706526","67601662","-7895136","56930.22235656801"
"2024-08-07 14:00:00","51429743","49364008","2065735","56893.6149241262"
"2024-08-07 15:00:00","65258949","56617278","8641671","56892.8776368104"
"2024-08-07 16:00:00","63322065","62742110","579955","57242.774067004546"
"2024-08-07 17:00:00","55945241","68000659","-12055418","57464.96555297004"
"2024-08-07 18:00:00","60395880","55973915","4421965","57419.74758262935"
"2024-08-07 19:00:00","56609105","53091152","3517953","56998.1330920295"
"2024-08-07 20:00:00","62239624","51681621","10558003","57256.874149643314"
"2024-08-07 21:00:00","56193693","57652423","-1458730","57017.006785629856"
"2024-08-07 22:00:00","62957453","53786953","9170500","56236.37340303753"
"2024-08-07 23:00:00","58974007","53573289","5400718","55958.15661434379"
"2024-08-08 00:00:00","60342619","48209446","12133173","56041.91745253084"
"2024-08-08 01:00:00","57539606","51593398","5946208","55764.09843531581"
"2024-08-08 02:00:00","69454522","51711339","17743183","54775.23740180808"
"2024-08-08 03:00:00","57967779","52498384","5469395","54804.313148189874"
"2024-08-08 04:00:00","57379011","47061622","10317389","55016.28322174435"
"2024-08-08 05:00:00","51583199","46030875","5552324","55410.44899097446"
"2024-08-08 06:00:00","52279828","45524984","6754844","55239.57285773328"
"2024-08-08 07:00:00","55030319","50613364","4416955","55020.49812262628"
"2024-08-08 08:00:00","48818094","45026831","3791263","55212.06474369116"
"2024-08-08 09:00:00","50410069","51036460","-626391","56847.52989425261"
"2024-08-08 10:00:00","59289315","57592893","1696422","57327.280804316084"
"2024-08-08 11:00:00","55588859","60089522","-4500663","57211.190369484415"
"2024-08-08 12:00:00","53765746","48775880","4989866","56804.372668462136"
"2024-08-08 13:00:00","50247987","48693209","1554778","56996.46781525013"
"2024-08-08 14:00:00","54163924","51661402","2502522","57180.88408845722"
"2024-08-08 15:00:00","51809750","54249959","-2440209","57219.0581112224"
"2024-08-08 16:00:00","55450414","65886892","-10436478","57259.310980004564"
"2024-08-08 17:00:00","54843517","61775178","-6931661","57447.37418751703"
"2024-08-08 18:00:00","56227838","67524796","-11296958","57389.310937964634"
"2024-08-08 19:00:00","55350155","65451970","-10101815","57332.73318915546"
"2024-08-08 20:00:00","53245024","54465888","-1220864","58010.02367341375"
"2024-08-08 21:00:00","57192774","54162058","3030716","57208.49289892184"
"2024-08-08 22:00:00","56125698","49765961","6359737","58716.19152531148"
"2024-08-08 23:00:00","53551295","54422074","-870779","59325.00511655232"
"2024-08-09 00:00:00","49057310","63382734","-14325424","59572.525322307934"
"2024-08-09 01:00:00","51689450","72213080","-20523630","59560.48643107677"
"2024-08-09 02:00:00","55699290","67445148","-11745858","59424.2450094279"
"2024-08-09 03:00:00","55384768","62593528","-7208760","59543.39712183792"
"2024-08-09 04:00:00","51112413","73275086","-22162673","59550.21170108826"
"2024-08-09 05:00:00","53351408","80512102","-27160694","60520.04043303771"
"2024-08-09 06:00:00","49936640","51153723","-1217083","61762.926552837926"
"2024-08-09 07:00:00","53921512","53532221","389291","61823.557406122134"
"2024-08-09 08:00:00","59388771","49957318","9431453","61292.39498786773"
"2024-08-09 09:00:00","63594116","45660899","17933217","61440.22374132934"
"2024-08-09 10:00:00","59979918","51582670","8397248","61306.811148217545"
"2024-08-09 11:00:00","59157499","54692891","4464608","61376.83414298119"
"2024-08-09 12:00:00","44352135","40554574","3797561","60895.630870502035"
"2024-08-09 13:00:00","56946569","57836091","-889522","60946.80871097651"
"2024-08-09 14:00:00","58654670","54605500","4049170","60930.47729903306"
"2024-08-09 15:00:00","59687416","52269011","7418405","60849.68701119546"
"2024-08-09 16:00:00","61093500","56489796","4603704","61082.911611908916"
"2024-08-09 17:00:00","58340539","57832019","508520","60802.67105690694"
"2024-08-09 18:00:00","63581504","55299035","8282469","60522.824806139506"
"2024-08-09 19:00:00","67370959","51290453","16080506","60674.26259924032"
"2024-08-09 20:00:00","54993334","51182527","3810807","60503.61492069077"
"2024-08-09 21:00:00","63215091","53188391","10026700","60185.67717615052"
"2024-08-09 22:00:00","55542789","50187781","5355008","60054.79342990904"
"2024-08-09 23:00:00","57884900","53118107","4766793","59976.541718096996"
"2024-08-10 00:00:00","59112726","52050263","7062463","60395.92000837314"
"2024-08-10 01:00:00","56888965","56248479","640486","60209.005880064724"
"2024-08-10 02:00:00","57991587","52262116","5729471","60189.47846285554"
"2024-08-10 03:00:00","55312438","52775190","2537248","60625.57400218154"
"2024-08-10 04:00:00","57287753","55573853","1713900","60740.55970574338"
"2024-08-10 05:00:00","61379617","48377719","13001898","60505.803114721304"
"2024-08-10 06:00:00","46400309","46177469","222840","60806.09575885417"
"2024-08-10 07:00:00","59153876","44293113","14860763","60931.336759710255"
"2024-08-10 08:00:00","55644425","48919547","6724878","60808.35641934743"
"2024-08-10 09:00:00","59294865","39899706","19395159","60566.41927725407"
"2024-08-10 10:00:00","51999540","43051609","8947931","60635.95136055774"
"2024-08-10 11:00:00","52849264","46424825","6424439","60494.32501444981"
"2024-08-10 12:00:00","58896748","44358158","14538590","60402.08245237757"
"2024-08-10 13:00:00","50859913","45567481","5292432","60446.62254754218"
"2024-08-10 14:00:00","59025488","50722338","8303150","60482.96081835687"
"2024-08-10 15:00:00","60084080","51639750","8444330","60807.81184154818"
"2024-08-10 16:00:00","55547773","52361397","3186376","60778.91767507116"
"2024-08-10 17:00:00","47378296","41443005","5935291","60956.02984960154"
"2024-08-10 18:00:00","60157367","51611412","8545955","60781.5384160229"
"2024-08-10 19:00:00","60842698","52396193","8446505","60951.55403887248"
"2024-08-10 20:00:00","60567162","54012586","6554576","60831.07224893423"
"2024-08-10 21:00:00","49215271","40277380","8937891","60582.998297990474"
"2024-08-10 22:00:00","67387632","47737587","19650045","60645.111379284084"
"2024-08-10 23:00:00","65967230","53665389","12301841","60663.982137908286"
"2024-08-11 00:00:00","64055664","49217231","14838433","60717.975305123546"
"2024-08-11 01:00:00","55049976","52131615","2918361","60760.20842096504"
"2024-08-11 02:00:00","57248969","58747291","-1498322","61041.73979374434"
"2024-08-11 03:00:00","57746503","55687661","2058842","61076.260787482664"
"2024-08-11 04:00:00","54526967","58467039","-3940072","61077.2372594377"
"2024-08-11 05:00:00","56701656","59500636","-2798980","61114.40378540547"
"2024-08-11 06:00:00","45221708","54756123","-9534415","60975.308996047635"
"2024-08-11 07:00:00","62752900","58160668","4592232","60915.04757342593"
"2024-08-11 08:00:00","60664877","56690513","3974364","61116.93639944274"
"2024-08-11 09:00:00","57465763","56612800","852963","61172.65088000983"
"2024-08-11 10:00:00","55276348","58943379","-3667031","61055.697424093014"
"2024-08-11 11:00:00","60929796","57776353","3153443","61140.65079288384"
"2024-08-11 12:00:00","58512136","53404780","5107356","60931.65856339762"
"2024-08-11 13:00:00","61070473","54657628","6412845","61137.58540283692"
"2024-08-11 14:00:00","58708632","54021811","4686821","61156.30702749396"
"2024-08-11 15:00:00","58926311","53740585","5185726","61301.57702421568"
"2024-08-11 16:00:00","60124530","59487879","636651","61357.71247008742"
"2024-08-11 17:00:00","60122448","58110002","2012446","61166.065575797904"
"2024-08-11 18:00:00","61142423","49526822","11615601","61096.616330871584"
"2024-08-11 19:00:00","61868958","44787924","17081034","60644.43781893459"
"2024-08-11 20:00:00","63632223","48453837","15178386","60478.13670806155"
"2024-08-11 21:00:00","63146634","57052209","6094425","60510.23837317242"
"2024-08-11 22:00:00","64911607","55334057","9577550","60418.490620232194"
"2024-08-11 23:00:00","63287947","49696656","13591291","60233.952815498065"
"2024-08-12 00:00:00","60198466","49389088","10809378","60244.05438678948"
"2024-08-12 01:00:00","57659175","49559837","8099338","60300.14991003185"
"2024-08-12 02:00:00","57115377","56056438","1058939","60292.95583078754"
"2024-08-12 03:00:00","57666102","54083457","3582645","59759.11031223644"
"2024-08-12 04:00:00","45408995","41215424","4193571","58560.4009170032"
"2024-08-12 05:00:00","60862029","48486844","12375185","58811.393747716764"
"2024-08-12 06:00:00","49922682","48785467","1137215","58972.00916753212"
"2024-08-12 07:00:00","54401025","51694226","2706799","58820.33622652755"
"2024-08-12 08:00:00","57473170","51061035","6412135","58475.25489199581"
"2024-08-12 09:00:00","58900315","48608644","10291671","58662.791999233916"
"2024-08-12 10:00:00","61426479","50846269","10580210","58586.36106589743"
"2024-08-12 11:00:00","54183928","52282819","1901109","58531.005143957016"
"2024-08-12 12:00:00","60824560","49223579","11600981","58598.93498484666"
"2024-08-12 13:00:00","57720177","52251758","5468419","58586.58348561951"
"2024-08-12 14:00:00","60319105","50887710","9431395","58419.60833279784"
"2024-08-12 15:00:00","64396120","48553492","15842628","58584.86009495324"
"2024-08-12 16:00:00","52834351","50766420","2067931","58576.79980009569"
"2024-08-12 17:00:00","55005768","49148158","5857610","58354.7428073742"
"2024-08-12 18:00:00","56189051","50432526","5756525","58814.73480652726"
"2024-08-12 19:00:00","52573470","52321911","251559","59904.36771243609"
"2024-08-12 20:00:00","50952259","51598658","-646399","59686.2425370695"
"2024-08-12 21:00:00","55088468","55518230","-429762","58749.10376155689"
"2024-08-12 22:00:00","50348043","48526634","1821409","60397.677786927474"
"2024-08-12 23:00:00","56512889","50934330","5578559","60024.08514871707"
"2024-08-13 00:00:00","49199066","52234763","-3035697","59728.981356993216"
"2024-08-13 01:00:00","58366185","52612858","5753327","59397.48248649513"
"2024-08-13 02:00:00","55863768","52889710","2974058","58852.53303077809"
"2024-08-13 03:00:00","57630978","49003537","8627441","59107.788126655636"
"2024-08-13 04:00:00","53040816","56587209","-3546393","59100.480536870324"
"2024-08-13 05:00:00","57434934","54360654","3074280","59070.61624363937"
"2024-08-13 06:00:00","57253248","51571881","5681367","59089.61500276813"
"2024-08-13 07:00:00","55885555","53919408","1966147","59337.86740219676"
"2024-08-13 08:00:00","54697558","55385834","-688276","59723.00666505884"
"2024-08-13 09:00:00","53763792","57015700","-3251908","59715.57966729367"
"2024-08-13 10:00:00","53401151","56950484","-3549333","59460.30187810434"
"2024-08-13 11:00:00","59261184","57773145","1488039","59013.563924337395"
"2024-08-13 12:00:00","59839561","54792918","5046643","59239.39579039136"
"2024-08-13 13:00:00","55292663","57580963","-2288300","59211.80655072377"
"2024-08-13 14:00:00","56438193","57640259","-1202066","59388.144375572294"
"2024-08-13 15:00:00","56449016","60227589","-3778573","59274.824719569144"
"2024-08-13 16:00:00","57896779","56206065","1690714","59060.36158739713"
"2024-08-13 17:00:00","63372918","55028575","8344343","59005.46987400263"
"2024-08-13 18:00:00","49657563","44486239","5171324","58675.34486277461"
"2024-08-13 19:00:00","54527976","53738443","789533","58789.65734541576"
"2024-08-13 20:00:00","49877168","50039054","-161886","59032.83864248434"
"2024-08-13 21:00:00","44792886","47274446","-2481560","59320.09219440961"
"2024-08-13 22:00:00","57894497","60213975","-2319478","59629.45832409877"
"2024-08-13 23:00:00","56021641","60226463","-4204822","59481.16077501691"
"2024-08-14 00:00:00","64308624","62751165","1557459","61115.83657851575"
"2024-08-14 01:00:00","55512753","69125311","-13612558","61306.473803769135"
"2024-08-14 02:00:00","59375449","60795609","-1420160","60867.37220572678"
"2024-08-14 03:00:00","45789583","44945248","844335","60851.06421261105"
"2024-08-14 04:00:00","51414165","48144004","3270161","60654.25749816786"
"2024-08-14 05:00:00","61538559","57003366","4535193","60971.043608774045"
"2024-08-14 06:00:00","54126310","56771140","-2644830","60607.172513665646"
"2024-08-14 07:00:00","61783671","57921745","3861926","60560.02140481982"
"2024-08-14 08:00:00","57871008","55409095","2461913","60786.409423672914"
"2024-08-14 09:00:00","58794067","60250434","-1456367","60626.453416730634"
"2024-08-14 10:00:00","65314966","58197146","7117820","60837.88284431976"
"2024-08-14 11:00:00","66535246","62099327","4435919","61069.618725314744"
"2024-08-14 12:00:00","66394439","59906392","6488047","61011.0329501453"
"2024-08-14 13:00:00","65118382","58997456","6120926","60859.14679741802"
"2024-08-14 14:00:00","59137273","52643372","6493901","60860.77311980396"
"2024-08-14 15:00:00","67937198","57903879","10033319","60900.227469966856"
"2024-08-14 16:00:00","64102185","56328544","7773641","60878.262663871305"
"2024-08-14 17:00:00","63803816","63302994","500822","60852.10012055856"
"2024-08-14 18:00:00","67690169","63394480","4295689","61183.935770277305"
"2024-08-14 19:00:00","56178599","46325428","9853171","61340.33981664352"
"2024-08-14 20:00:00","57277268","69256837","-11979569","61100.581652880646"
"2024-08-14 21:00:00","49145930","52982374","-3836444","60157.61991319143"
"2024-08-14 22:00:00","67000368","49555013","17445355","59496.76809127308"
"2024-08-14 23:00:00","60185349","37799420","22385929","59573.75445860095"
"2024-08-15 00:00:00","54349469","47644464","6705005","59144.197330598276"
"2024-08-15 01:00:00","59885896","53797558","6088338","59203.208911517344"
"2024-08-15 02:00:00","59635853","53874870","5760983","59013.46761998139"
"2024-08-15 03:00:00","63393313","47552743","15840570","58910.69446899345"
"2024-08-15 04:00:00","60331940","48090715","12241225","59132.195776995584"
"2024-08-15 05:00:00","49909337","41965678","7943659","58934.4734222698"
"2024-08-15 06:00:00","60775222","41702390","19072832","58983.1388409176"
"2024-08-15 07:00:00","50304075","41501858","8802217","58747.361348502585"
"2024-08-15 08:00:00","58276273","49567643","8708630","58989.4962222628"
"2024-08-15 09:00:00","58897463","49464103","9433360","58759.09315770663"
"2024-08-15 10:00:00","63235113","42181939","21053174","58456.33737681025"
"2024-08-15 11:00:00","62341669","47466430","14875239","58450.990068249426"
"2024-08-15 12:00:00","62404388","46410257","15994131","58397.338931176"
"2024-08-15 13:00:00","59540519","41825157","17715362","58340.293206223374"
"2024-08-15 14:00:00","66925430","44469843","22455587","58144.22052729587"
"2024-08-15 15:00:00","60447103","41966104","18480999","58035.31437784061"
"2024-08-15 16:00:00","61294336","44711852","16582484","58344.739987512745"
"2024-08-15 17:00:00","62351098","52990972","9360126","58450.620201263686"
"2024-08-15 18:00:00","63138971","53096195","10042776","58405.96046377578"
"2024-08-15 19:00:00","61069160","57069363","3999797","58734.58523291503"
"2024-08-15 20:00:00","58318781","57215052","1103729","59073.520925856785"
"2024-08-15 21:00:00","57244704","53967289","3277415","59338.53865366969"
"2024-08-15 22:00:00","61564407","59613446","1950961","59429.0019150849"
"2024-08-15 23:00:00","60254422","59142766","1111656","59767.20811962817"
"2024-08-16 00:00:00","56693845","66285413","-9591568","59643.477037294644"
"2024-08-16 01:00:00","62028284","60017334","2010950","59298.96756034179"
"2024-08-16 02:00:00","57696792","43219607","14477185","57877.13929764969"
"2024-08-16 03:00:00","65640708","57777322","7863386","57150.979086127125"
"2024-08-16 04:00:00","53027026","48047440","4979586","56523.0995283183"
"2024-08-16 05:00:00","40636684","41865522","-1228838","57350.16578187873"
"2024-08-16 06:00:00","53433238","51084166","2349072","57755.787386643635"
"2024-08-16 07:00:00","56345850","55179954","1165896","57642.401885853935"
"2024-08-16 08:00:00","60117876","55649132","4468744","57515.21019159079"
"2024-08-16 09:00:00","59551980","57935040","1616940","57434.78937406198"
"2024-08-16 10:00:00","58027526","52580747","5446779","58177.862920498825"
"2024-08-16 11:00:00","58055722","50186119","7869603","57958.26482205807"
"2024-08-16 12:00:00","56799206","57599348","-800142","58220.86491445157"
"2024-08-16 13:00:00","52883051","51478963","1404088","58235.32019156595"
"2024-08-16 14:00:00","54208662","55170758","-962096","58561.349931225835"
"2024-08-16 15:00:00","48911848","46194589","2717259","58475.02957002528"
"2024-08-16 16:00:00","57748221","65691224","-7943003","58406.34902855126"
"2024-08-16 17:00:00","51478092","48753429","2724663","58593.55070412705"
"2024-08-16 18:00:00","54845097","60046442","-5201345","58435.845500049494"
"2024-08-16 19:00:00","59058196","61115566","-2057370","58371.49669114597"
"2024-08-16 20:00:00","57015196","58417973","-1402777","57949.086693281926"
"2024-08-16 21:00:00","55643662","55863119","-219457","58302.32732045642"
"2024-08-16 22:00:00","54871499","54699510","171989","58110.54729995936"
"2024-08-16 23:00:00","56451483","54980140","1471343","58010.412636660054"
"2024-08-17 00:00:00","58000208","55434541","2565667","58484.161680379395"
"2024-08-17 01:00:00","47484441","55979434","-8494993","58997.12501348847"
"2024-08-17 02:00:00","45159451","61316337","-16156886","59430.45719785221"
"2024-08-17 03:00:00","51868012","65093099","-13225087","59667.3182308159"
"2024-08-17 04:00:00","54275360","59827241","-5551881","59280.10289352813"
"2024-08-17 05:00:00","52099449","49064528","3034921","59030.85185263796"
"2024-08-17 06:00:00","45201096","42813858","2387238","59024.78620079032"
"2024-08-17 07:00:00","43123723","40257062","2866661","58879.36594774608"
"2024-08-17 08:00:00","50972006","43252029","7719977","59241.67196323515"
"2024-08-17 09:00:00","50303143","50456306","-153163","59278.82844826293"
"2024-08-17 10:00:00","50496257","48528220","1968037","59214.40256671762"
"2024-08-17 11:00:00","51608085","45452475","6155610","59137.227531970966"
"2024-08-17 12:00:00","49729598","42621656","7107942","59269.986711025296"
"2024-08-17 13:00:00","37385936","33477756","3908180","59219.81216932027"
"2024-08-17 14:00:00","49744182","45931403","3812779","59196.943056140044"
"2024-08-17 15:00:00","51284731","54855267","-3570536","59267.924712769665"
"2024-08-17 16:00:00","44431303","42162140","2269163","59280.75403278421"
"2024-08-17 17:00:00","51050419","48100751","2949668","59336.333811995064"
"2024-08-17 18:00:00","52169376","50136467","2032909","59186.70006505531"
"2024-08-17 19:00:00","53082096","46683189","6398907","59149.15494474502"
"2024-08-17 20:00:00","53824597","48783345","5041252","59260.53613640093"
"2024-08-17 21:00:00","50451193","51080307","-629114","59325.494454894935"
"2024-08-17 22:00:00","49996465","53895457","-3898992","59463.83354564693"
"2024-08-17 23:00:00","49724037","61273879","-11549842","59431.89270083925"
"2024-08-18 00:00:00","51202016","48464936","2737080","59635.322751147585"
"2024-08-18 01:00:00","59417042","71268955","-11851913","59494.24643246472"
"2024-08-18 02:00:00","60881053","67190117","-6309064","59434.32763003584"
"2024-08-18 03:00:00","58846453","64179154","-5332701","59487.15199593185"
"2024-08-18 04:00:00","60869475","66655426","-5785951","59409.13418198935"
"2024-08-18 05:00:00","60656619","62584664","-1928045","59350.00766706811"
"2024-08-18 06:00:00","53865373","52331602","1533771","59345.809788129154"
"2024-08-18 07:00:00","44680517","35798954","8881563","59469.54878283032"
"2024-08-18 08:00:00","56460893","63764187","-7303294","59687.91145461698"
"2024-08-18 09:00:00","55240412","62155239","-6914827","59493.01975078188"
"2024-08-18 10:00:00","60244430","62935830","-2691400","59904.01283862958"
"2024-08-18 11:00:00","52660095","51916743","743352","59460.2179985016"
"2024-08-18 12:00:00","61368787","47567851","13800936","59416.953241510324"
"2024-08-18 13:00:00","55042318","47773737","7268581","59531.43233086255"
"2024-08-18 14:00:00","60492501","52391722","8100779","59601.83805045871"
"2024-08-18 15:00:00","59140588","50627442","8513146","59604.78002076211"
"2024-08-18 16:00:00","44826713","37807277","7019436","59693.86199510631"
"2024-08-18 17:00:00","59951500","56309007","3642493","59914.90021891004"
"2024-08-18 18:00:00","57078091","60134196","-3056105","59923.680370088005"
"2024-08-18 19:00:00","58537306","57620453","916853","59891.854672061054"
"2024-08-18 20:00:00","59751800","62347825","-2596025","60035.41346756536"
"2024-08-18 21:00:00","51020336","55471774","-4451438","59960.16206770217"
"2024-08-18 22:00:00","57154111","57483056","-328945","59852.99937121891"
"2024-08-18 23:00:00","55548363","56625550","-1077187","59864.67146100463"
"2024-08-19 00:00:00","59075996","59341232","-265236","59867.581168077915"
"2024-08-19 01:00:00","60891036","58071685","2819351","59531.52905990399"
"2024-08-19 02:00:00","61963235","53071788","8891447","59610.062406396915"
"2024-08-19 03:00:00","59913762","50701293","9212469","59710.67686427542"
"2024-08-19 04:00:00","57565444","61629935","-4064491","59788.10999870269"
"2024-08-19 05:00:00","56751337","59764820","-3013483","59488.73961132146"
"2024-08-19 06:00:00","61218935","54279210","6939725","59430.09271787128"
"2024-08-19 07:00:00","66097423","51195822","14901601","58720.22539619211"
"2024-08-19 08:00:00","68229811","53306730","14923081","58498.312122553405"
"2024-08-19 09:00:00","70082341","51429017","18653324","58560.53591014454"
"2024-08-19 10:00:00","72902956","55583076","17319880","58726.629388274676"
"2024-08-19 11:00:00","68161434","55629348","12532086","58724.394934319316"
"2024-08-19 12:00:00","61918752","56653529","5265223","58563.526297239805"
"2024-08-19 13:00:00","71663036","56509567","15153469","58483.319802066246"
"2024-08-19 14:00:00","64925743","57466878","7458865","58603.96100430069"
"2024-08-19 15:00:00","71103013","56882897","14220116","58521.72904822553"
"2024-08-19 16:00:00","75138715","56785464","18353251","58636.169822364034"
"2024-08-19 17:00:00","69174567","59329736","9844831","58297.49562209921"
"2024-08-19 18:00:00","64933164","53847818","11085346","58102.90817567282"
"2024-08-19 19:00:00","61998799","56667374","5331425","58286.520993082224"
"2024-08-19 20:00:00","51395708","52630437","-1234729","58451.00668010318"
"2024-08-19 21:00:00","56844900","56166001","678899","58377.675319086775"
"2024-08-19 22:00:00","56974628","56231733","742895","58474.199703036524"
"2024-08-19 23:00:00","50518618","50980392","-461774","58607.93516437198"
"2024-08-20 00:00:00","59194512","58064290","1130222","58658.39739307202"
"2024-08-20 01:00:00","59181817","62166936","-2985119","58999.50955532803"
"2024-08-20 02:00:00","58575164","62383333","-3808169","59053.573151616256"
"2024-08-20 03:00:00","59846542","64185721","-4339179","59104.38644993308"
"2024-08-20 04:00:00","63378610","63690609","-311999","59120.09722996399"
"2024-08-20 05:00:00","49245681","51648079","-2402398","59090.349427790636"
"2024-08-20 06:00:00","61809929","61111717","698212","59250.50114750199"
"2024-08-20 07:00:00","64407744","74165015","-9757271","59503.681876833434"
"2024-08-20 08:00:00","54266914","66560873","-12293959","60380.383914682454"
"2024-08-20 09:00:00","54134483","64319251","-10184768","60544.308008121865"
"2024-08-20 10:00:00","63471661","77705189","-14233528","60482.01665482715"
"2024-08-20 11:00:00","63423994","85093129","-21669135","60611.06904824787"
"2024-08-20 12:00:00","62497451","80820505","-18323054","60912.49945981389"
"2024-08-20 13:00:00","59066618","83230646","-24164028","61125.354024102235"
"2024-08-20 14:00:00","48960863","49432180","-471317","61009.491199171425"
"2024-08-20 15:00:00","52059658","61845946","-9786288","60907.17556417023"
"2024-08-20 16:00:00","49064620","47551223","1513397","60760.51136710551"
"2024-08-20 17:00:00","62384601","62882879","-498278","60861.68941950964"
"2024-08-20 18:00:00","59929539","64395914","-4466375","60801.096164537004"
"2024-08-20 19:00:00","56974752","55226576","1748176","60527.68391314009"
"2024-08-20 20:00:00","64719000","63077470","1641530","60703.303387584114"
"2024-08-20 21:00:00","60789222","57811797","2977425","60903.86095166284"
"2024-08-20 22:00:00","60999036","61345824","-346788","59649.66812158035"
"2024-08-20 23:00:00","61194653","54011253","7183400","58930.92271549012"
"2024-08-21 00:00:00","60602439","46583798","14018641","58817.23936235868"
"2024-08-21 01:00:00","66783025","48354738","18428287","59021.76765750059"
"2024-08-21 02:00:00","49740849","46666629","3074220","59287.52114061667"
"2024-08-21 03:00:00","59605001","54615740","4989261","59441.23095051149"
"2024-08-21 04:00:00","60759569","57997754","2761815","59424.36205719077"
"2024-08-21 05:00:00","63062483","53033606","10028877","59260.178573241654"
"2024-08-21 06:00:00","57658353","50576202","7082151","59347.81054558522"
"2024-08-21 07:00:00","63860922","58264767","5596155","59046.7092853462"
"2024-08-21 08:00:00","62515017","47639057","14875960","59027.80845689245"
"2024-08-21 09:00:00","65955249","52189149","13766100","59104.157369310255"
"2024-08-21 10:00:00","58458618","55539401","2919217","59398.512303305026"
"2024-08-21 11:00:00","59023101","54605185","4417916","59356.24365109685"
"2024-08-21 12:00:00","64018464","53789632","10228832","59379.69169831878"
"2024-08-21 13:00:00","62031553","55452354","6579199","59389.1196217952"
"2024-08-21 14:00:00","59642016","54994333","4647683","59633.762220137534"
"2024-08-21 15:00:00","58028020","61040769","-3012749","59685.85138349073"
"2024-08-21 16:00:00","55637908","64084516","-8446608","59509.06485325825"
"2024-08-21 17:00:00","64801048","52882212","11918836","59242.80777181197"
"2024-08-21 18:00:00","62931428","54478720","8452708","59465.67641951263"
"2024-08-21 19:00:00","57306565","53818032","3488533","59412.79138359876"
"2024-08-21 20:00:00","56019488","51607493","4411995","59499.20943365645"
"2024-08-21 21:00:00","61887894","60752989","1134905","59474.355116597595"
"2024-08-21 22:00:00","51851353","58544614","-6693261","59524.03265341015"
"2024-08-21 23:00:00","64870618","51771162","13099456","59548.856910244496"
"2024-08-22 00:00:00","62093658","56826586","5267072","59853.23772301662"
"2024-08-22 01:00:00","51355109","45119675","6235434","59907.67912231187"
"2024-08-22 02:00:00","62705625","58439464","4266161","60667.88091488984"
"2024-08-22 03:00:00","56317070","71698553","-15381483","61520.34320905543"
"2024-08-22 04:00:00","46395948","81577089","-35181141","61168.44970735135"
"2024-08-22 05:00:00","44330376","41131994","3198382","61206.466323532215"
"2024-08-22 06:00:00","57606872","55874317","1732555","61222.10420495961"
"2024-08-22 07:00:00","57001200","58572014","-1570814","61159.909210460726"
"2024-08-22 08:00:00","56496080","53672227","2823853","60946.94955753575"
"2024-08-22 09:00:00","57867590","55811403","2056187","60945.44095491002"
"2024-08-22 10:00:00","59986088","57129898","2856190","60359.39444726708"
"2024-08-22 11:00:00","58798713","51021602","7777111","60507.8860220048"
"2024-08-22 12:00:00","56936761","54530978","2405783","60790.77432253473"
"2024-08-22 13:00:00","51015300","49264006","1751294","60694.77031367527"
"2024-08-22 14:00:00","62637411","56374404","6263007","60783.76289946158"
"2024-08-22 15:00:00","63701127","55903255","7797872","60943.56021116131"
"2024-08-22 16:00:00","50427070","48140894","2286176","60960.43545650964"
"2024-08-22 17:00:00","59965798","54749838","5215960","60944.742199014065"
"2024-08-22 18:00:00","60510714","55825633","4685081","61350.17494751513"
"2024-08-22 19:00:00","58568583","64520470","-5951887","61340.26831770996"
"2024-08-22 20:00:00","64713766","74114910","-9401144","60887.15072398064"
"2024-08-22 21:00:00","55906620","52583243","3323377","60834.74239181358"
"2024-08-22 22:00:00","56795912","52445571","4350341","60615.86233583446"
"2024-08-22 23:00:00","56747026","52276515","4470511","60317.74583904775"
"2024-08-23 00:00:00","69391852","47424891","21966961","60370.30036973998"
"2024-08-23 01:00:00","71326197","47244454","24081743","60310.35087885495"
"2024-08-23 02:00:00","81001505","50296598","30704907","60401.73937163617"
"2024-08-23 03:00:00","80921845","49845461","31076384","60315.727598571895"
"2024-08-23 04:00:00","85434651","53626410","31808241","60479.45431999233"
"2024-08-23 05:00:00","71915880","52778061","19137819","60560.87187273663"
"2024-08-23 06:00:00","75230818","50189968","25040850","60453.379476966475"
"2024-08-23 07:00:00","82718387","56424892","26293495","60387.045532810924"
"2024-08-23 08:00:00","81749391","54218813","27530578","60733.498247553194"
"2024-08-23 09:00:00","63766596","54643474","9123122","60769.388609009686"
"2024-08-23 10:00:00","63857346","59091717","4765629","60660.72665163186"
"2024-08-23 11:00:00","59959999","56081625","3878374","60603.94396059473"
"2024-08-23 12:00:00","68794246","58994453","9799793","60689.08248480973"
"2024-08-23 13:00:00","52791546","48859736","3931810","60847.75729380073"
"2024-08-23 14:00:00","62358902","59716867","2642035","61067.74292493156"
"2024-08-23 15:00:00","57254981","67192507","-9937526","61054.861748062154"
"2024-08-23 16:00:00","61976042","62511019","-534977","61236.52832533607"
"2024-08-23 17:00:00","59259148","67325311","-8066163","61069.3876487047"
"2024-08-23 18:00:00","63665834","61499865","2165969","61097.37767123666"
"2024-08-23 19:00:00","64050272","58901807","5148465","60743.25852140035"
"2024-08-23 20:00:00","65869016","53347578","12521438","61064.89295092756"
"2024-08-23 21:00:00","62918338","61119235","1799103","61042.964021642234"
"2024-08-23 22:00:00","50592262","62963468","-12371206","61188.473538976046"
"2024-08-23 23:00:00","60626699","48085796","12540903","61537.40781984158"
"2024-08-24 00:00:00","57665720","58024061","-358341","61732.45913328847"
"2024-08-24 01:00:00","61718715","62086118","-367403","62680.31664973345"
"2024-08-24 02:00:00","43502211","40944107","2558104","63287.96244842044"
"2024-08-24 03:00:00","59348597","71513656","-12165059","63588.08967662802"
"2024-08-24 04:00:00","66379717","70534608","-4154891","63652.3165147925"
"2024-08-24 05:00:00","67039996","71557795","-4517799","64385.91637203087"
"2024-08-24 06:00:00","62652927","68511420","-5858493","64429.743384063986"
"2024-08-24 07:00:00","54522285","51039069","3483216","64137.57698019033"
"2024-08-24 08:00:00","57445127","54208617","3236510","64088.8274162598"
"2024-08-24 09:00:00","60880872","56808633","4072239","63820.366060206536"
"2024-08-24 10:00:00","58994901","55284244","3710657","64006.537311277505"
"2024-08-24 11:00:00","61269144","53452760","7816384","63889.52351595693"
"2024-08-24 12:00:00","62714778","56277826","6436952","63955.31816459887"
"2024-08-24 13:00:00","66706442","57209192","9497250","64028.56168565678"
"2024-08-24 14:00:00","62325732","64993746","-2668014","64132.25956041275"
"2024-08-24 15:00:00","61444761","59623488","1821273","64323.80210290825"
"2024-08-24 16:00:00","62130914","59922061","2208853","64328.52023688707"
"2024-08-24 17:00:00","56691003","63638587","-6947584","64348.436254089174"
"2024-08-24 18:00:00","60156564","68237213","-8080649","64188.688386904156"
"2024-08-24 19:00:00","64205284","62550052","1655232","64040.399573273426"
"2024-08-24 20:00:00","65329530","62187489","3142041","64153.526019363424"
"2024-08-24 21:00:00","71608343","61651380","9956963","64198.80159706399"
"2024-08-24 22:00:00","69282396","61070285","8212111","64178.75418498837"
"2024-08-24 23:00:00","63599722","61683092","1916630","63979.69849650615"
"2024-08-25 00:00:00","62840910","66624147","-3783237","64345.84104928482"
"2024-08-25 01:00:00","60533639","65676324","-5142685","64129.98816981847"
"2024-08-25 02:00:00","62253006","64764558","-2511552","64346.77869576305"
"2024-08-25 03:00:00","64765722","65147897","-382175","64329.49175798347"
"2024-08-25 04:00:00","59985729","61181934","-1196205","64182.79027865997"
"2024-08-25 05:00:00","61508225","61523408","-15183","63806.92822698632"
"2024-08-25 06:00:00","61565585","47879505","13686080","63910.62205457445"
"2024-08-25 07:00:00","56590167","53619651","2970516","64161.14309053865"
"2024-08-25 08:00:00","52160407","54423751","-2263344","64294.85310241002"
"2024-08-25 09:00:00","57292486","61323475","-4030989","64210.776752966485"
"2024-08-25 10:00:00","61515148","62739460","-1224312","64207.15297472439"
"2024-08-25 11:00:00","61368402","60850947","517455","64137.262436544144"
"2024-08-25 12:00:00","63571242","57861204","5710038","64193.48182091047"
"2024-08-25 13:00:00","64547368","59543447","5003921","64202.07656840684"
"2024-08-25 14:00:00","64304422","60480277","3824145","64086.71152801023"
"2024-08-25 15:00:00","64211766","60864888","3346878","63886.74401738393"
"2024-08-25 16:00:00","65909794","58369212","7540582","64010.893546523825"
"2024-08-25 17:00:00","42178291","37413027","4765264","63865.125897865204"
"2024-08-25 18:00:00","64176982","57921867","6255115","63886.16542455437"
"2024-08-25 19:00:00","64490495","57213200","7277295","63903.615952582644"
"2024-08-25 20:00:00","65416636","59429231","5987405","63936.692012474094"
"2024-08-25 21:00:00","65686853","62267253","3419600","64097.35324315622"
"2024-08-25 22:00:00","66830500","67054945","-224445","64176.83845910555"
"2024-08-25 23:00:00","66428372","63022385","3405987","64187.89241455133"
"2024-08-26 00:00:00","63518216","62071349","1446867","64070.74438875801"
"2024-08-26 01:00:00","66707244","63095257","3611987","64155.27842571268"
"2024-08-26 02:00:00","66807014","63321962","3485052","64193.01382443753"
"2024-08-26 03:00:00","68118055","62580234","5537821","64208.0673185899"
"2024-08-26 04:00:00","68691582","63857224","4834358","64231.537085356766"
"2024-08-26 05:00:00","64155930","62852917","1303013","64437.73266340326"
"2024-08-26 06:00:00","58699002","68052744","-9353742","64486.12807868539"
"2024-08-26 07:00:00","59493991","69997551","-10503560","64373.564248562914"
"2024-08-26 08:00:00","66581818","53284346","13297472","64059.40625153158"
"2024-08-26 09:00:00","54328168","43516517","10811651","63969.47371618918"
"2024-08-26 10:00:00","69649152","57828031","11821121","64063.927915951026"
"2024-08-26 11:00:00","66589689","56149721","10439968","64093.360773074055"
"2024-08-26 12:00:00","65877982","53167269","12710713","64032.424882732324"
"2024-08-26 13:00:00","65525820","58595981","6929839","64004.75721858221"
"2024-08-26 14:00:00","60435872","53729537","6706335","63749.410813393035"
"2024-08-26 15:00:00","64600342","55447252","9153090","63657.41908665135"
"2024-08-26 16:00:00","67596895","54645679","12951216","63795.34716528724"
"2024-08-26 17:00:00","67595308","58126169","9469139","63775.29230951319"
"2024-08-26 18:00:00","60520932","56904362","3616570","63850.63476516089"
"2024-08-26 19:00:00","58018167","62061540","-4043373","63893.455098565384"
"2024-08-26 20:00:00","55207399","56416878","-1209479","63615.08953204728"
"2024-08-26 21:00:00","61873380","53007041","8866339","63753.890768121215"
"2024-08-26 22:00:00","63501172","57783122","5718050","63425.46270265423"
"2024-08-26 23:00:00","60001428","55751976","4249452","63568.261755285734"
"2024-08-27 00:00:00","58075447","59551062","-1475615","63709.87518012127"
"2024-08-27 01:00:00","59788454","66824483","-7036029","63388.62532758764"
"2024-08-27 02:00:00","65773512","66533500","-759988","63637.26171933436"
"2024-08-27 03:00:00","59394777","67990630","-8595853","63343.7385541788"
"2024-08-27 04:00:00","63138482","55602742","7535740","63429.61566332663"
"2024-08-27 05:00:00","69348381","71383469","-2035088","63142.67677849696"
"2024-08-27 06:00:00","57292387","44801820","12490567","63052.35779063227"
"2024-08-27 07:00:00","77535367","52995078","24540289","62927.4693579158"
"2024-08-27 08:00:00","69069215","46995068","22074147","62834.75722955958"
"2024-08-27 09:00:00","77647045","51439065","26207980","63105.44248766808"
"2024-08-27 10:00:00","73588347","56278347","17310000","62972.73680217058"
"2024-08-27 11:00:00","74473413","56867635","17605778","62989.49649426863"
"2024-08-27 12:00:00","74728388","57918156","16810232","63014.62842539546"
"2024-08-27 13:00:00","74063217","55778211","18285006","63153.55790681464"
"2024-08-27 14:00:00","67809383","50392794","17416589","62791.91275792501"
"2024-08-27 15:00:00","72663298","53908643","18754655","62859.2857548322"
"2024-08-27 16:00:00","72141637","53741698","18399939","62807.322769347935"
"2024-08-27 17:00:00","69491766","55632096","13859670","62677.48873134572"
"2024-08-27 18:00:00","72120745","55041841","17078904","62338.23859186833"
"2024-08-27 19:00:00","81183472","52376924","28806548","62413.24710569528"
"2024-08-27 20:00:00","77413572","51343686","26069886","62445.73777510995"
"2024-08-27 21:00:00","77129340","55272301","21857039","62231.13179591773"
"2024-08-27 22:00:00","78490295","47972417","30517878","61944.398003031754"
"2024-08-27 23:00:00","88357327","54217960","34139367","61648.0416978574"
"2024-08-28 00:00:00","65837051","51755947","14081104","61587.6836860035"
"2024-08-28 01:00:00","67339216","52276612","15062604","61886.390208285586"
"2024-08-28 02:00:00","60855776","51690401","9165375","62110.796458599216"
"2024-08-28 03:00:00","61272396","55689760","5582636","61965.98942526094"
"2024-08-28 04:00:00","52937070","56530488","-3593418","61900.518843744016"
"2024-08-28 05:00:00","67050859","52636554","14414305","60657.58976600371"
"2024-08-28 06:00:00","49548473","38230595","11317878","59406.109409986755"
"2024-08-28 07:00:00","57102331","53132779","3969552","59550.64819718612"
"2024-08-28 08:00:00","55818139","49480158","6337981","59106.94256899342"
"2024-08-28 09:00:00","61364223","53374224","7989999","59453.4677602268"
"2024-08-28 10:00:00","62022519","56156721","5865798","59331.398132173395"
"2024-08-28 11:00:00","63699350","57352522","6346828","59571.29175510285"
"2024-08-28 12:00:00","59309833","59676673","-366840","59395.69394500847"
"2024-08-28 13:00:00","62831711","52526732","10304979","59383.43394838742"
"2024-08-28 14:00:00","67261018","52651040","14609978","59202.561042866575"
"2024-08-28 15:00:00","64465753","56022200","8443553","58674.407031329654"
"2024-08-28 16:00:00","70894770","47553177","23341593","59294.75282407359"
"2024-08-28 17:00:00","63665823","54791361","8874462","59926.25785978552"
"2024-08-28 18:00:00","53310778","51658254","1652524","59772.97208864207"
"2024-08-28 19:00:00","57666342","46123646","11542696","59959.291658207054"
"2024-08-28 20:00:00","58005172","53977971","4027201","60042.95021100427"
"2024-08-28 21:00:00","46364866","49647172","-3282306","59676.733221658316"
"2024-08-28 22:00:00","65250619","51880851","13369768","59242.73094106188"
"2024-08-28 23:00:00","59489689","52635345","6854344","58926.919817068876"
"2024-08-29 00:00:00","49903535","50966247","-1062712","58903.12832293048"
"2024-08-29 01:00:00","55921731","51140127","4781604","58775.37000682002"
"2024-08-29 02:00:00","60557845","49090815","11467030","59165.90703664483"
"2024-08-29 03:00:00","53400875","50787524","2613351","59206.983024704175"
"2024-08-29 04:00:00","70181651","36378225","33803426","59263.38892942118"
"2024-08-29 05:00:00","56418121","52018965","4399156","59202.81049920869"
"2024-08-29 06:00:00","55007270","44430352","10576918","59163.5688563865"
"2024-08-29 07:00:00","63382119","55449931","7932188","59069.8114099963"
"2024-08-29 08:00:00","61815073","45489921","16325152","59156.77158958424"
"2024-08-29 09:00:00","62987678","55812382","7175296","59049.19439239739"
"2024-08-29 10:00:00","77442050","51717558","25724492","59126.22361957962"
"2024-08-29 11:00:00","67355115","56064534","11290581","59165.584689385156"
"2024-08-29 12:00:00","67180017","54715428","12464589","59206.691158724105"
"2024-08-29 13:00:00","68490539","55806082","12684457","59470.58524335228"
"2024-08-29 14:00:00","63163889","56058823","7105066","59603.62942695544"
"2024-08-29 15:00:00","63162594","62800454","362140","59605.92026383166"
"2024-08-29 16:00:00","56507181","65164770","-8657589","59570.280889340596"
"2024-08-29 17:00:00","61495810","64775272","-3279462","59619.66995102324"
"2024-08-29 18:00:00","58205117","67269909","-9064792","59670.75638152944"
"2024-08-29 19:00:00","55510061","77203306","-21693245","60197.4241257002"
"2024-08-29 20:00:00","53142598","53237253","-94655","60348.45267017098"
"2024-08-29 21:00:00","61714112","59967506","1746606","60627.48114150536"
"2024-08-29 22:00:00","53645639","51693967","1951672","60763.676899457496"
"2024-08-29 23:00:00","48757099","53168959","-4411860","60907.74129926364"
"2024-08-30 00:00:00","57784233","56269510","1514723","60418.33411726762"
"2024-08-30 01:00:00","65511124","57108408","8402716","60512.613430035744"
"2024-08-30 02:00:00","65863245","59275621","6587624","59114.792027146"
"2024-08-30 03:00:00","69910088","50439158","19470930","59248.2067673922"
"2024-08-30 04:00:00","66915054","47870650","19044404","59496.696220869024"
"2024-08-30 05:00:00","60894216","52469544","8424672","59538.40271919817"
"2024-08-30 06:00:00","49169794","47075168","2094626","59195.72148782886"
"2024-08-30 07:00:00","66044163","55867144","10177019","59379.926940476806"
"2024-08-30 08:00:00","56246422","50212688","6033734","59238.44749462054"
"2024-08-30 09:00:00","65538411","55437143","10101268","59247.985067772635"
"2024-08-30 10:00:00","65923590","53447785","12475805","59188.14580595248"
"2024-08-30 11:00:00","64428180","55723840","8704340","59072.98066892837"
"2024-08-30 12:00:00","74987887","56044301","18943586","59031.9854832363"
"2024-08-30 13:00:00","75646559","55581060","20065499","58858.24366960581"
"2024-08-30 14:00:00","84512470","55103933","29408537","59243.213926106786"
"2024-08-30 15:00:00","59819421","51607952","8211469","59352.788327847724"
"2024-08-30 16:00:00","55512628","43537033","11975595","59445.40132210267"
"2024-08-30 17:00:00","56636345","57746654","-1110309","59617.10551265156"
"2024-08-30 18:00:00","60523547","61348937","-825390","59603.10631952828"
"2024-08-30 19:00:00","61609943","62974006","-1364063","59447.15411037598"
"2024-08-30 20:00:00","60993745","56294936","4698809","59577.07469955405"
"2024-08-30 21:00:00","63964491","63412438","552053","59496.21091773673"
"2024-08-30 22:00:00","50759967","57098434","-6338467","58665.85615554583"
"2024-08-30 23:00:00","95251940","39678236","55573704","58148.4861017657"
"2024-08-31 00:00:00","65396021","42252614","23143407","58474.54986896136"
"2024-08-31 01:00:00","55312417","45737832","9574585","58599.77709301005"
"2024-08-31 02:00:00","53457987","44177079","9280908","59327.74438207635"
"2024-08-31 03:00:00","58400798","52086396","6314402","58851.55906660563"
"2024-08-31 04:00:00","61075294","44321249","16754045","58970.95161509037"
"2024-08-31 05:00:00","57578742","52823937","4754805","59043.04748730354"
"2024-08-31 06:00:00","57306461","51332055","5974406","59262.20953068659"
"2024-08-31 07:00:00","54978748","53074462","1904286","59180.45617966453"
"2024-08-31 08:00:00","50888436","47269580","3618856","59272.14891933929"
"2024-08-31 09:00:00","56348912","51068647","5280265","59327.22436028424"
"2024-08-31 10:00:00","58730539","52425664","6304875","59215.815306089025"
"2024-08-31 11:00:00","60966552","51587523","9379029","59269.92222630143"
"2024-08-31 12:00:00","56692065","53460624","3231441","59338.880256363635"
"2024-08-31 13:00:00","58210336","55055729","3154607","59303.71672319852"
"2024-08-31 14:00:00","57015213","49958814","7056399","59217.259841036896"
"2024-08-31 15:00:00","49633566","50951937","-1318371","59145.35197419568"
"2024-08-31 16:00:00","51285170","45274551","6010619","59070.808535333024"
"2024-08-31 17:00:00","51505006","49943679","1561327","58964.534391123416"
"2024-08-31 18:00:00","54405621","50752003","3653618","59116.1916770657"
"2024-08-31 19:00:00","60381470","53188113","7193357","59144.021414085575"
"2024-08-31 20:00:00","58630541","57095947","1534594","59211.43542883804"
"2024-08-31 21:00:00","61146444","53383695","7762749","59057.92366789648"
"2024-08-31 22:00:00","60703948","55262185","5441763","59124.007826096466"
"2024-08-31 23:00:00","62894128","55076765","7817363","59010.20383668021"
"2024-09-01 00:00:00","60737345","54386687","6350658","58972.030490685385"
"2024-09-01 01:00:00","55138251","55053605","84646","58937.94490054862"
"2024-09-01 02:00:00","59258516","52299468","6959048","58989.08215469558"
"2024-09-01 03:00:00","60122590","50054189","10068401","58866.61198273348"
"2024-09-01 04:00:00","61659618","47056653","14602965","58956.42521695441"
"2024-09-01 05:00:00","60750582","52145355","8605227","59092.33817851688"
"2024-09-01 06:00:00","49807534","44214645","5592889","59024.78071859811"
"2024-09-01 07:00:00","60611882","54222697","6389185","58969.44183720556"
"2024-09-01 08:00:00","51838834","48503285","3335549","58974.14900508318"
"2024-09-01 09:00:00","60499187","53892628","6606559","58867.491251055915"
"2024-09-01 10:00:00","57301181","50591263","6709918","58498.93498398433"
"2024-09-01 11:00:00","69212401","54931153","14281248","58562.08161411074"
"2024-09-01 12:00:00","71133978","51706891","19427087","58438.747383544796"
"2024-09-01 13:00:00","74073848","46321202","27752646","58048.17244148639"
"2024-09-01 14:00:00","67157141","50250127","16907014","58207.0812657685"
"2024-09-01 15:00:00","62766099","51190451","11575648","58353.758354662474"
"2024-09-01 16:00:00","58635791","50113235","8522556","58286.1019354401"
"2024-09-01 17:00:00","64532482","53781429","10751053","58263.4946149233"
"2024-09-01 18:00:00","64478359","44684235","19794124","58204.824421930374"
"2024-09-01 19:00:00",,,,"58205.06347567246"
"2024-09-01 20:00:00",,,,"58103.52622054709"
"2024-09-01 21:00:00","61936721","52740193","9196528","58289.444950676574"
"2024-09-01 22:00:00","56040606","54282209","1758397","57878.398349124254"
"2024-09-01 23:00:00","54599531","54219730","379801","58071.93614674584"
"2024-09-02 00:00:00","49318544","50566805","-1248261","58195.89856517913"
"2024-09-02 01:00:00","53283349","56295789","-3012440","58080.42675396682"
"2024-09-02 02:00:00","54963196","54142026","821170","58563.061352019875"
"2024-09-02 03:00:00","55419377","52817329","2602048","58477.09991123551"
"2024-09-02 04:00:00","48570946","56348234","-7777288","58422.62833102951"
"2024-09-02 05:00:00","56403420","51898668","4504752","58357.42117928052"
"2024-09-02 06:00:00","48270224","43569658","4700566","57531.53318615759"
"2024-09-02 07:00:00","90224314","42585817","47638497","57372.10871426816"
"2024-09-02 08:00:00","80736434","45709531","35026903","57451.70163234324"
"2024-09-02 09:00:00","74684274","54895350","19788924","57357.972575205786"
"2024-09-02 10:00:00","79959457","54813191","25146266","57457.78564457335"
"2024-09-02 11:00:00","72812110","50443540","22368570","57657.962138232426"
"2024-09-02 12:00:00","62690833","54042130","8648703","57465.28756544399"
"2024-09-02 13:00:00","83923895","57672038","26251857","57735.09222318021"
"2024-09-02 14:00:00","62019690","56688008","5331682","57712.288423592574"
"2024-09-02 15:00:00","61592537","53360855","8231682","57499.16122826589"
"2024-09-02 16:00:00","75363228","50018531","25344697","58122.408421186745"
"2024-09-02 17:00:00","56760032","58732623","-1972591","58310.644762746204"
"2024-09-02 18:00:00","56871797","58770172","-1898375","58454.138158330425"
"2024-09-02 19:00:00","59880940","61091439","-1210499","58414.60606874742"
"2024-09-02 20:00:00","57239927","58936436","-1696509","58365.63028606995"
"2024-09-02 21:00:00","60304736","57295926","3008810","58220.66793358562"
"2024-09-02 22:00:00","63475015","52342053","11132962","58648.39878651636"
"2024-09-02 23:00:00","54489177","60417332","-5928155","58609.56172365932"
"2024-09-03 00:00:00","62311320","57430754","4880566","58348.02758266307"
"2024-09-03 01:00:00","63297839","58106311","5191528","58526.55857711274"
"2024-09-03 02:00:00","60787353","60663705","123648","58461.19504700867"
"2024-09-03 03:00:00","58856882","61963356","-3106474","58485.782061894126"
"2024-09-03 04:00:00","57221182","54704264","2516918","58855.93213808537"
"2024-09-03 05:00:00","57416336","57769376","-353040","59082.67098246436"
"2024-09-03 06:00:00","50503452","57348556","-6845104","59254.28284850733"
"2024-09-03 07:00:00","54749365","64238585","-9489220","59136.19785362439"
"2024-09-03 08:00:00","54976802","56889289","-1912487","59223.25501532363"
"2024-09-03 09:00:00","60279203","61811710","-1532507","59351.36729366651"
"2024-09-03 10:00:00","59262808","63514452","-4251644","59462.46932815816"
"2024-09-03 11:00:00","57191392","53980301","3211091","59158.60198420327"
"2024-09-03 12:00:00","59071301","50847342","8223959","59125.84140160167"
"2024-09-03 13:00:00","58688271","55780615","2907656","59193.08029123308"
"2024-09-03 14:00:00","55299081","55735598","-436517","58948.36746362491"
"2024-09-03 15:00:00","62682749","53930739","8752010","59103.91690290033"
"2024-09-03 16:00:00","60209861","54907386","5302475","58804.92495403247"
"2024-09-03 17:00:00","57009198","54179362","2829836","58906.263402901066"
"2024-09-03 18:00:00","56837855","57120988","-283133","59103.18246367915"
"2024-09-03 19:00:00","62470095","56379148","6090947","59056.58388480049"
"2024-09-03 20:00:00","61374126","59347101","2027025","59164.82832728893"
"2024-09-03 21:00:00","56338170","54247008","2091162","58436.71583587237"
"2024-09-03 22:00:00","57245122","56284341","960781","57744.624779362224"
"2024-09-03 23:00:00","70490524","49132631","21357893","57696.8902311792"
"2024-09-04 00:00:00","72180451","50214467","21965984","57706.306528972455"
"2024-09-04 01:00:00","81799809","54868025","26931784","57862.63881137637"
"2024-09-04 02:00:00","82947232","53911289","29035943","57951.016811159025"
"2024-09-04 03:00:00","66143093","53322501","12820592","57951.84321360969"
"2024-09-04 04:00:00","64172782","51110817","13061965","58152.13218321352"
"2024-09-04 05:00:00","67114414","54710138","12404276","58090.6647420896"
"2024-09-04 06:00:00","54330718","47699322","6631396","57878.31804328756"
"2024-09-04 07:00:00","74067740","56903762","17163978","57447.09147033856"
"2024-09-04 08:00:00","84096792","45183972","38912820","57501.79063330356"
"2024-09-04 09:00:00","64330263","33779026","30551237","56646.88872681898"
"2024-09-04 10:00:00","51761417","52076610","-315193","56679.53852692454"
"2024-09-04 11:00:00","66339629","48943977","17395652","56682.74841601342"
"2024-09-04 12:00:00","73775963","52792339","20983624","56660.577294651586"
"2024-09-04 13:00:00","73205473","53960874","19244599","56290.63716045115"
"2024-09-04 14:00:00","71006180","50097612","20908568","56401.298986285714"
"2024-09-04 15:00:00","75714499","48030684","27683815","56681.23907195069"
"2024-09-04 16:00:00","54958677","42442629","12516048","56799.01489192699"
"2024-09-04 17:00:00","58271902","51830061","6441841","56610.79332612193"
"2024-09-04 18:00:00","61419680","53211585","8208095","56538.335101333556"
"2024-09-04 19:00:00","65241711","46058521","19183190","56591.56470557662"
"2024-09-04 20:00:00","59858866","46710611","13148255","56651.082025452204"
"2024-09-04 21:00:00","63813396","51802763","12010633","56462.75125815352"
"2024-09-04 22:00:00","57455828","39129917","18325911","56997.444407656294"
"2024-09-04 23:00:00","57449623","50115723","7333900","57911.37749995057"
"2024-09-05 00:00:00","52673044","60502595","-7829551","58431.402035188315"
"2024-09-05 01:00:00","62414152","62309045","105107","57976.04505022882"
"2024-09-05 02:00:00","57558273","47690765","9867508","57679.86941115728"
"2024-09-05 03:00:00","57961114","42815326","15145788","58033.893146950126"
"2024-09-05 04:00:00","54163477","48361598","5801879","58053.82466354074"
"2024-09-05 05:00:00","52831876","53092563","-260687","58082.48137155301"
"2024-09-05 06:00:00","39752892","44354488","-4601596","58135.093864014394"
"2024-09-05 07:00:00","56273411","55007476","1265935","58028.40797574379"
"2024-09-05 08:00:00","48962409","46163749","2798660","58072.85771190681"
"2024-09-05 09:00:00","55758767","47389548","8369219","58089.724685840585"
"2024-09-05 10:00:00","57248824","48939068","8309756","57708.48656945966"
"2024-09-05 11:00:00","58890270","47535198","11355072","57089.34169293811"
"2024-09-05 12:00:00","55398509","44001233","11397276","57249.66242713398"
"2024-09-05 13:00:00","62798773","50969645","11829128","57206.867351803674"
"2024-09-05 14:00:00","61333793","51416281","9917512","56850.94066203233"
"2024-09-05 15:00:00","56802360","51240344","5562016","57167.54644767454"
"2024-09-05 16:00:00","58095633","50260138","7835495","56992.463253261805"
"2024-09-05 17:00:00","61717180","51325063","10392117","56830.88836027341"
"2024-09-05 18:00:00","56367738","44465331","11902407","56743.21008273775"
"2024-09-05 19:00:00","65273798","51714217","13559581","56690.51787031052"
"2024-09-05 20:00:00","62809162","45627801","17181361","56668.50572130597"
"2024-09-05 21:00:00","70361400","50702658","19658742","56849.73460660339"
"2024-09-05 22:00:00","41816324","40994599","821725","56900.25311671251"
"2024-09-05 23:00:00","76259643","45362618","30897025","55978.227265315974"
"2024-09-06 00:00:00","81353151","48108364","33244787","56292.58987585692"
"2024-09-06 01:00:00","65426060","52697230","12728830","56520.303853127116"
"2024-09-06 02:00:00","61728631","53405325","8323306","56583.757341109886"
"2024-09-06 03:00:00","60379332","53549416","6829916","56122.297497576736"
"2024-09-06 04:00:00","71161101","49757104","21403997","56067.06619035267"
"2024-09-06 05:00:00","69275574","52544093","16731481","56119.053832539386"
"2024-09-06 06:00:00","50318263","46535136","3783127","56104.314459484405"
"2024-09-06 07:00:00","64836758","56248294","8588464","56154.43223083133"
"2024-09-06 08:00:00","49390147","48184077","1206070","56109.30347928744"
"2024-09-06 09:00:00","55689470","55364502","324968","56543.567301397314"
"2024-09-06 10:00:00","62012470","55645320","6367150","56728.80804358164"
"2024-09-06 11:00:00","59089536","54850221","4239315","56666.954461131696"
"2024-09-06 12:00:00","61301819","52144486","9157333","56619.86699290258"
"2024-09-06 13:00:00","58511849","56114606","2397243","56465.71811854896"
"2024-09-06 14:00:00","66259570","54654991","11604579","56377.67024541833"
"2024-09-06 15:00:00","66634556","52283542","14351014","55805.751898994975"
"2024-09-06 16:00:00","47281170","40973461","6307709","55761.8304994138"
"2024-09-06 17:00:00","51728130","49640861","2087269","55840.061040220135"
"2024-09-06 18:00:00","57948526","51652562","6295964","56165.846972141146"
"2024-09-06 19:00:00","62839662","52186802","10652860","55997.558057364564"
"2024-09-06 20:00:00","59203782","47650745","11553037","56696.21176239389"
"2024-09-06 21:00:00","48028477","53851251","-5822774","56274.48259845813"
"2024-09-06 22:00:00","56658850","46094184","10564666","54565.16778130017"
"2024-09-06 23:00:00","46585034","37069326","9515708","54115.73389575686"
"2024-09-07 00:00:00","59892946","36734741","23158205","54076.88453995888"
"2024-09-07 01:00:00","50128550","46509824","3618726","54047.12401260798"
"2024-09-07 02:00:00","63836116","43303795","20532321","53553.99842739841"
"2024-09-07 03:00:00","74859544","31294710","43564834","53506.45917141844"
"2024-09-07 04:00:00","70135577","40877620","29257957","53133.651066017475"
"2024-09-07 05:00:00","57473549","34073611","23399938","53735.99286338432"
"2024-09-07 06:00:00","47665028","43235890","4429138","53660.55013539831"
"2024-09-07 07:00:00","55985678","40997306","14988372","53985.1099631756"
"2024-09-07 08:00:00","41526412","40976252","550160","53960.58437775013"
"2024-09-07 09:00:00","48459662","42468326","5991336","53859.713232998496"
"2024-09-07 10:00:00","50551339","42822495","7728844","53932.05260997064"
"2024-09-07 11:00:00","49382292","42402525","6979767","53866.17252251729"
"2024-09-07 12:00:00","49599090","43074243","6524847","54114.545311243215"
"2024-09-07 13:00:00","55106123","47335353","7770770","54242.79157635533"
"2024-09-07 14:00:00","61564560","49783428","11781132","54363.183598630014"
"2024-09-07 15:00:00","49536569","55230006","-5693437","54350.16968369056"
"2024-09-07 16:00:00","60736050","53068488","7667562","54417.727278958955"
"2024-09-07 17:00:00","58763760","56285136","2478624","54317.861982844726"
"2024-09-07 18:00:00","53913621","57310879","-3397258","54414.84297073015"
"2024-09-07 19:00:00","59294288","56053122","3241166","54407.11717950411"
"2024-09-07 20:00:00","56078966","54794452","1284514","54662.49239240865"
"2024-09-07 21:00:00","53887287","58061216","-4173929","54614.50251369944"
"2024-09-07 22:00:00","55682490","58778163","-3095673","54737.27085327272"
"2024-09-07 23:00:00","57154142","51285125","5869017","54897.01499741552"
"2024-09-08 00:00:00","53115275","50936093","2179182","54622.38643305816"
"2024-09-08 01:00:00","54713544","46884266","7829278","54342.56078655831"
"2024-09-08 02:00:00","61082219","43592205","17490014","54453.42271758197"
"2024-09-08 03:00:00","60328851","48055335","12273516","54534.31772549075"
"2024-09-08 04:00:00","55397092","49090883","6306209","54294.68653428483"
"2024-09-08 05:00:00","62815685","44206011","18609674","54074.20357522387"
"2024-09-08 06:00:00","52682262","37336831","15345431","54077.76400350831"
"2024-09-08 07:00:00","63937956","43139217","20798739","54223.27196713957"
"2024-09-08 08:00:00","53030410","40178839","12851571","54253.85125439531"
"2024-09-08 09:00:00","57929307","44447583","13481724","54249.645826403634"
"2024-09-08 10:00:00","58732792","49032392","9700400","54369.384901338606"
"2024-09-08 11:00:00","56969088","50076287","6892801","54374.25451247185"
"2024-09-08 12:00:00","56620567","50011537","6609030","54530.17730693417"
"2024-09-08 13:00:00","50263236","57989673","-7726437","54430.615609322864"
"2024-09-08 14:00:00","53878479","51473561","2404918","54388.786107799824"
"2024-09-08 15:00:00","56952400","51658442","5293958","54512.17547182197"
"2024-09-08 16:00:00","56823436","50467891","6355545","54559.49973435551"
"2024-09-08 17:00:00","61849725","56518629","5331096","54507.935908289655"
"2024-09-08 18:00:00","58029634","49859830","8169804","54680.54109283227"
"2024-09-08 19:00:00","59150276","58048557","1101719","54599.1307678373"
"2024-09-08 20:00:00","57711962","57302849","409113","54321.801840223285"
"2024-09-08 21:00:00","57986518","45433476","12553042","54349.546177653065"
"2024-09-08 22:00:00","58823731","57186002","1637729","54186.83951945013"
"2024-09-08 23:00:00","62633407","49720024","12913383","53876.190463206505"
"2024-09-09 00:00:00","58338320","40878814","17459506","53933.09121471804"
"2024-09-09 01:00:00","62829700","50316621","12513079","54392.76972632168"
"2024-09-09 02:00:00","50900751","53725397","-2824646","54459.65024953738"
"2024-09-09 03:00:00","55700588","47462065","8238523","54374.62153618116"
"2024-09-09 04:00:00","50615576","48385592","2229984","54362.682226742276"
"2024-09-09 05:00:00","54219895","48700774","5519121","54502.71375745359"
"2024-09-09 06:00:00","44028700","46752037","-2723337","54609.25239799106"
"2024-09-09 07:00:00","53988976","42961861","11027115","54891.8059860025"
"2024-09-09 08:00:00","47412855","40573947","6838908","54986.61212655167"
"2024-09-09 09:00:00","53638432","57389497","-3751065","55122.39983630134"
"2024-09-09 10:00:00","53798348","54806233","-1007885","55038.85697582845"
"2024-09-09 11:00:00","54103327","59494057","-5390730","55134.424964866885"
"2024-09-09 12:00:00","53708522","59253379","-5544857","54898.04123669945"
"2024-09-09 13:00:00","55431502","52331836","3099666","54728.118521002885"
"2024-09-09 14:00:00","52779603","44285641","8493962","54837.69378562385"
"2024-09-09 15:00:00","55912465","52033241","3879224","54987.82429363694"
"2024-09-09 16:00:00","47558213","50646718","-3088505","55256.16107680939"
"2024-09-09 17:00:00","49390343","50407364","-1017021","55262.40948211391"
"2024-09-09 18:00:00","56850456","50515159","6335297","55433.4405432228"
"2024-09-09 19:00:00","55568434","51443254","4125180","55259.67129707203"
"2024-09-09 20:00:00","58614488","49758343","8856145","55296.83818504224"
"2024-09-09 21:00:00","49861229","60045827","-10184598","55620.11067745208"
"2024-09-09 22:00:00","52190677","54970298","-2779621","54936.27243707771"
"2024-09-09 23:00:00","54626947","45040203","9586744","55418.20939111655"
"2024-09-10 00:00:00","45551584","52324988","-6773404","56366.4201512771"
"2024-09-10 01:00:00","48869268","46079365","2789903","56548.98133426049"
"2024-09-10 02:00:00","53142082","56281275","-3139193","56502.74269142711"
"2024-09-10 03:00:00","52339684","56086543","-3746859","57044.1794224053"
"2024-09-10 04:00:00","47765617","57965948","-10200331","57025.816175148"
"2024-09-10 05:00:00","60560428","61408821","-848393","57456.8964082402"
"2024-09-10 06:00:00","39473363","43274974","-3801611","57232.41525249934"
"2024-09-10 07:00:00","52079879","49630988","2448891","57041.78862320353"
"2024-09-10 08:00:00","57367693","43607683","13760010","56909.81864015093"
"2024-09-10 09:00:00","58644890","45307026","13337864","56886.542144936415"
"2024-09-10 10:00:00","60085879","50210082","9875797","56800.567913764506"
"2024-09-10 11:00:00","61380651","50083374","11297277","56586.7050420513"
"2024-09-10 12:00:00","64427693","49180105","15247588","56625.98451292462"
"2024-09-10 13:00:00","55908243","49522352","6385891","56921.14371110838"
"2024-09-10 14:00:00","47415794","53656210","-6240416","56829.36900325119"
"2024-09-10 15:00:00","48642464","50550444","-1907980","57174.8136511264"
"2024-09-10 16:00:00","46938794","48822110","-1883316","57150.25078191398"
"2024-09-10 17:00:00","53523372","49161758","4361614","57162.97040034849"
"2024-09-10 18:00:00","52418722","49036834","3381888","57140.641053012885"
"2024-09-10 19:00:00","56853485","49428629","7424856","57219.13454704625"
"2024-09-10 20:00:00","53462187","52409700","1052487","57213.29145270309"
"2024-09-10 21:00:00","53705188","53763827","-58639","56767.948057517795"
"2024-09-10 22:00:00","51219973","43995091","7224882","56929.2418461955"
"2024-09-10 23:00:00","52256535","49706224","2550311","56824.978067233824"
"2024-09-11 00:00:00","52042883","45039323","7003560","56851.25470374944"
"2024-09-11 01:00:00","52835059","52742976","92083","57163.39663190483"
"2024-09-11 02:00:00","55459823","50114208","5345615","57681.53513415224"
"2024-09-11 03:00:00","52265196","54055217","-1790021","57946.1271322287"
"2024-09-11 04:00:00","42885539","63025350","-20139811","57684.064907453365"
"2024-09-11 05:00:00","53349951","52226501","1123450","57541.41551660112"
"2024-09-11 06:00:00","48320499","43159264","5161235","57567.018531643356"
"2024-09-11 07:00:00","56556867","53514953","3041914","57662.5664187866"
"2024-09-11 08:00:00","54207203","53909551","297652","57655.70289513382"
"2024-09-11 09:00:00","55587453","55453940","133513","56999.545875922704"
"2024-09-11 10:00:00","61655331","42620085","19035246","56981.23129433287"
"2024-09-11 11:00:00","57439410","50289472","7149938","56763.812967919956"
"2024-09-11 12:00:00","58399162","47245577","11153585","56523.599156200275"
"2024-09-11 13:00:00","62925020","47312970","15612050","56245.43746432251"
"2024-09-11 14:00:00","60425497","45530196","14895301","56473.19982112888"
"2024-09-11 15:00:00","58041745","48196062","9845683","56701.86674800264"
"2024-09-11 16:00:00","48965921","47063411","1902510","56406.46964288794"
"2024-09-11 17:00:00","57105316","48837852","8267464","56689.61100209929"
"2024-09-11 18:00:00","51479968","49048952","2431016","56516.694373491766"
"2024-09-11 19:00:00","40251707","32191558","8060149","56768.48004903152"
"2024-09-11 20:00:00","49957976","50634789","-676813","56820.63068890557"
"2024-09-11 21:00:00","47736125","49496853","-1760728","56128.6332705812"
"2024-09-11 22:00:00","53872946","41837971","12034975","55787.90630072509"
"2024-09-11 23:00:00","56440592","45289366","11151226","56755.72220536631"
"2024-09-12 00:00:00","54083493","46284471","7799022","57218.94344978317"
"2024-09-12 01:00:00","54490802","53290224","1200578","57679.2366543338"
"2024-09-12 02:00:00","55499074","71569580","-16070506","57521.08917271107"
"2024-09-12 03:00:00","49213442","49255756","-42314","57655.04571794189"
"2024-09-12 04:00:00","37349232","57559438","-20210206","57517.23487297727"
"2024-09-12 05:00:00","56016396","62431828","-6415432","57401.48730034025"
"2024-09-12 06:00:00","57472929","50606085","6866844","57378.59021569012"
"2024-09-12 07:00:00","60397702","64155732","-3758030","57382.538804404656"
"2024-09-12 08:00:00","43831367","38286180","5545187","57657.113111733044"
"2024-09-12 09:00:00","51114468","65255495","-14141027","57810.97039391175"
"2024-09-12 10:00:00","23527831","44631805","-21103974","57924.12314284689"
"2024-09-12 11:00:00","51885320","42287443","9597877","58219.40574165075"
"2024-09-12 12:00:00","42106663","46855613","-4748950","58275.88626901723"
"2024-09-12 13:00:00","48804704","47540128","1264576","57992.54625627897"
"2024-09-12 14:00:00","56947990","51463264","5484726","57999.20534678922"
"2024-09-12 15:00:00","53160664","53110830","49834","58111.49323735625"
"2024-09-12 16:00:00","46295671","52429083","-6133412","58160.706423383315"
"2024-09-12 17:00:00","56581339","50736213","5845126","58062.95688240177"
"2024-09-12 18:00:00","54989716","53219514","1770202","57993.65892617265"
"2024-09-12 19:00:00","40183814","37767016","2416798","58093.867778645224"
"2024-09-12 20:00:00","48831684","48152111","679573","57721.60737670841"
"2024-09-12 21:00:00","56931321","54353734","2577587","57456.04263687363"
"2024-09-12 22:00:00","44853571","36316931","8536640","57813.51821654913"
"2024-09-12 23:00:00","55539234","41817609","13721625","57501.82726515036"
"2024-09-13 00:00:00","57527241","41778910","15748331","58118.31363268003"
"2024-09-13 01:00:00","50852641","61315614","-10462973","58323.56526275709"
"2024-09-13 02:00:00","51094327","44622605","6471722","58298.2762233803"
"2024-09-13 03:00:00","54497831","53376689","1121142","58357.3883350108"
"2024-09-13 04:00:00","45589889","56379512","-10789623","58185.24597083672"
"2024-09-13 05:00:00","56905905","57245136","-339231","57992.86480794135"
"2024-09-13 06:00:00","46517603","35479187","11038416","58166.855350710626"
"2024-09-13 07:00:00","43578109","44840962","-1262853","58110.570243569004"
"2024-09-13 08:00:00","42219558","40947843","1271715","58114.90519526413"
"2024-09-13 09:00:00","51067512","42910375","8157137","58105.137999500956"
"2024-09-13 10:00:00","48040964","43800080","4240884","58069.734549417284"
"2024-09-13 11:00:00","51555589","46309697","5245892","57887.9503380069"
"2024-09-13 12:00:00","53351667","44740508","8611159","57880.78481880005"
"2024-09-13 13:00:00","63964176","54206453","9757723","57954.455398522034"
"2024-09-13 14:00:00","53705021","43648524","10056497","57802.6154661985"
"2024-09-13 15:00:00","52001634","40189578","11812056","58022.19998669075"
"2024-09-13 16:00:00","41859671","44044952","-2185281","58000.35907056227"
"2024-09-13 17:00:00","59278829","53510911","5767918","58124.965865425525"
"2024-09-13 18:00:00","47220248","46770208","450040","58314.173054344166"
"2024-09-13 19:00:00","54523406","57166531","-2643125","58003.359620374984"
"2024-09-13 20:00:00","44227006","40891612","3335394","57868.40073919871"
"2024-09-13 21:00:00","45242326","42805752","2436574","58085.543519114835"
"2024-09-13 22:00:00","42518821","45150749","-2631928","58477.54158782798"
"2024-09-13 23:00:00","43816602","49199162","-5382560","59677.19159399379"
"2024-09-14 00:00:00","45425184","63978009","-18552825","59578.61791541925"
"2024-09-14 01:00:00","53900792","68053709","-14152917","59815.460494178944"
"2024-09-14 02:00:00","62786151","72919025","-10132874","59894.89976738054"
"2024-09-14 03:00:00","57547126","63352825","-5805699","59813.20086407735"
"2024-09-14 04:00:00","47636947","55510179","-7873232","60080.411534751314"
"2024-09-14 05:00:00","54528078","59265036","-4736958","60317.522410400554"
"2024-09-14 06:00:00","54351126","59584389","-5233263","60639.31415514095"
"2024-09-14 07:00:00","42381118","58777997","-16396879","60631.70969457394"
"2024-09-14 08:00:00","50714578","60535797","-9821219","60557.882718484274"
"2024-09-14 09:00:00","64219270","63843304","375966","60594.07718835193"
"2024-09-14 10:00:00","58604433","59282560","-678127","60428.90402002075"
"2024-09-14 11:00:00","64764366","60704867","4059499","60489.2130417207"
"2024-09-14 12:00:00","55163685","50296292","4867393","60319.506457662574"
"2024-09-14 13:00:00","56157148","50242034","5915114","60129.77032937904"
"2024-09-14 14:00:00","59536065","52008646","7527419","60128.9857512111"
"2024-09-14 15:00:00","52726335","48095485","4630850","60219.86258296141"
"2024-09-14 16:00:00","48830400","48821211","9189","60090.87078047204"
"2024-09-14 17:00:00","55064981","45983433","9081548","60170.11790256549"
"2024-09-14 18:00:00","55496509","44679706","10816803","59969.14002787776"
"2024-09-14 19:00:00","47516857","42900420","4616437","59853.370284449076"
"2024-09-14 20:00:00","57690430","45185945","12504485","59932.391857369286"
"2024-09-14 21:00:00","56618033","47247308","9370725","59899.951279339926"
"2024-09-14 22:00:00","72137128","53707163","18429965","60063.80364436579"
"2024-09-14 23:00:00","57079378","48557299","8522079","59996.86500765971"
"2024-09-15 00:00:00","56004272","45522261","10482011","60087.46809579881"
"2024-09-15 01:00:00","58770878","49547430","9223448","60024.18533400834"
"2024-09-15 02:00:00","59850697","47948758","11901939","59951.52580831109"
"2024-09-15 03:00:00","50029799","49463410","566389","59983.045417220106"
"2024-09-15 04:00:00","49891790","48098609","1793181","60174.948430528915"
"2024-09-15 05:00:00","46841007","50764601","-3923594","60179.22675808664"
"2024-09-15 06:00:00","35902889","44466385","-8563496","60222.74273567405"
"2024-09-15 07:00:00","44383841","49428474","-5044633","60167.90452831026"
"2024-09-15 08:00:00","55263463","54597044","666419","60216.05141683034"
"2024-09-15 09:00:00","48952756","47959641","993115","60408.966854613245"
"2024-09-15 10:00:00","44940351","49944315","-5003964","60399.491441632985"
"2024-09-15 11:00:00","53259657","62253414","-8993757","60322.75534902828"
"2024-09-15 12:00:00","47384110","51218318","-3834208","60303.93930120852"
"2024-09-15 13:00:00","56438857","61327977","-4889120","60346.37685287675"
"2024-09-15 14:00:00","55202555","62285875","-7083320","60321.82100016957"
"2024-09-15 15:00:00","48462773","54145909","-5683136","60344.8977865325"
"2024-09-15 16:00:00","49001011","51909130","-2908119","60250.864757340016"
"2024-09-15 17:00:00","60839578","63328129","-2488551","60027.703762426994"
"2024-09-15 18:00:00","60142319","62307564","-2165245","59985.15697479471"
"2024-09-15 19:00:00","61053540","56650382","4403158","60004.296372136385"
"2024-09-15 20:00:00","51762433","56028920","-4266487","60188.23438404625"
"2024-09-15 21:00:00","51472205","50007513","1464692","60313.224434465534"
"2024-09-15 22:00:00","52386178","48655241","3730937","60417.55853972865"
"2024-09-15 23:00:00","58289996","59459441","-1169445","60469.874695338076"
"2024-09-16 00:00:00","46816160","50061992","-3245832","60130.61221541448"
"2024-09-16 01:00:00","49274173","51800443","-2526270","60023.911912133975"
"2024-09-16 02:00:00","55655577","46231953","9423624","60148.58048441216"
"2024-09-16 03:00:00","56257205","52221456","4035749","60067.03554339814"
"2024-09-16 04:00:00","52459899","47615072","4844827","60010.580860540496"
"2024-09-16 05:00:00","54541992","48797423","5744569","59861.32156927426"
"2024-09-16 06:00:00","47456159","33596154","13860005","59598.64102519045"
"2024-09-16 07:00:00","56716287","42553428","14162859","59218.46454126384"
"2024-09-16 08:00:00","44882292","33505580","11376712","58671.880053980065"
"2024-09-16 09:00:00","63503231","54095687","9407544","58639.8859385033"
"2024-09-16 10:00:00","49333086","45004891","4328195","58245.33186774268"
"2024-09-16 11:00:00","60331300","41932704","18398596","58556.47510169909"
"2024-09-16 12:00:00","69802434","49816560","19985874","58420.820159864445"
"2024-09-16 13:00:00","60375217","44020583","16354634","58620.26341332734"
"2024-09-16 14:00:00","53128563","47032724","6095839","58675.89792671204"
"2024-09-16 15:00:00","53647948","42171555","11476393","58927.969202522785"
"2024-09-16 16:00:00","51406225","50814931","591294","58939.975946906925"
"2024-09-16 17:00:00","46315858","44538240","1777618","58681.22802532006"
"2024-09-16 18:00:00","50493979","41610790","8883189","58699.40088104754"
"2024-09-16 19:00:00","51109381","43678125","7431256","58661.719596435956"
"2024-09-16 20:00:00","44772153","44502760","269393","58576.6247985481"
"2024-09-16 21:00:00","66262369","48118903","18143466","58439.10181994619"
"2024-09-16 22:00:00","51124872","40496933","10627939","57785.1215428396"
"2024-09-16 23:00:00","57143378","52595190","4548188","57917.63966341389"
"2024-09-17 00:00:00","58093516","48831505","9262011","57831.17647280958"
"2024-09-17 01:00:00","60954472","51149859","9804613","58162.15842996687"
"2024-09-17 02:00:00","42165636","42875083","-709447","57824.24964545899"
"2024-09-17 03:00:00","58186967","50806019","7380948","57987.75607689703"
"2024-09-17 04:00:00","43321719","40636189","2685530","57716.17546832669"
"2024-09-17 05:00:00","50634607","39577792","11056815","57951.604135425776"
"2024-09-17 06:00:00","33115409","31921154","1194255","57956.530048503526"
"2024-09-17 07:00:00","40631022","40261283","369739","58204.02925119369"
"2024-09-17 08:00:00","38865865","39895398","-1029533","57856.21069107068"
"2024-09-17 09:00:00","58174077","45426257","12747820","57866.134057047646"
"2024-09-17 10:00:00","53225681","51276430","1949251","58099.35650310038"
"2024-09-17 11:00:00","46423548","42148311","4275237","58081.72428513192"
"2024-09-17 12:00:00","45874563","45050050","824513","58246.077521023515"
"2024-09-17 13:00:00","51920114","51647494","272620","58593.76736754242"
"2024-09-17 14:00:00","44251127","45402041","-1150914","58547.73680179524"
"2024-09-17 15:00:00","43415915","45538886","-2122971","58664.39226463407"
"2024-09-17 16:00:00","43462058","45747272","-2285214","58756.08274107721"
"2024-09-17 17:00:00","44359931","46506120","-2146189","58995.71653703129"
"2024-09-17 18:00:00","47180901","46899356","281545","59264.5401160685"
"2024-09-17 19:00:00","52354878","53236566","-881688","59142.06364971216"
"2024-09-17 20:00:00","49948752","49827434","121318","59401.47517940057"
"2024-09-17 21:00:00","51725462","52960144","-1234682","59040.08859949742"
"2024-09-17 22:00:00","40013009","40471242","-458233","60183.594753161145"
"2024-09-17 23:00:00","45155505","51704932","-6549427","61041.967653664455"
"2024-09-18 00:00:00","48861262","54079658","-5218396","60942.029761658465"
"2024-09-18 01:00:00","42514943","55556935","-13041992","60943.71000346542"
"2024-09-18 02:00:00","49127823","54561973","-5434150","60740.125436259084"
"2024-09-18 03:00:00","44965704","40678091","4287613","60233.15500416063"
"2024-09-18 04:00:00","44612328","39620053","4992275","60227.24679074474"
"2024-09-18 05:00:00","46312093","44879153","1432940","60390.09646302413"
"2024-09-18 06:00:00","39672703","38356271","1316432","60290.942510494184"
"2024-09-18 07:00:00","46429964","50108948","-3678984","60313.3222299016"
"2024-09-18 08:00:00","46623791","42637444","3986347","60277.96322632998"
"2024-09-18 09:00:00","44295354","46240050","-1944696","60100.308371148334"
"2024-09-18 10:00:00","49536883","45221647","4315236","60300.77063029519"
"2024-09-18 11:00:00","50120818","45766314","4354504","60563.778841620704"
"2024-09-18 12:00:00","48508241","61640296","-13132055","60448.94122046687"
"2024-09-18 13:00:00","47248796","52988348","-5739552","60267.86768403393"
"2024-09-18 14:00:00","47495925","48184637","-688712","60417.48614509225"
"2024-09-18 15:00:00","51704602","54607042","-2902440","60446.857630053455"
"2024-09-18 16:00:00","49354460","55947909","-6593449","60218.02952355106"
"2024-09-18 17:00:00","38194964","38254366","-59402","59834.01877320404"
"2024-09-18 18:00:00","51862866","44603465","7259401","59872.313202631514"
"2024-09-18 19:00:00","37939989","39737682","-1797693","59933.088895030654"
"2024-09-18 20:00:00","40086257","47065951","-6979694","59975.62297376335"
"2024-09-18 21:00:00","50494878","51450831","-955953","59382.42921370381"
"2024-09-18 22:00:00","47931306","37587869","10343437","59615.902922838075"
"2024-09-18 23:00:00","55426370","37300198","18126172","59496.41041200836"
"2024-09-19 00:00:00","52143125","36725474","15417651","59924.00252583573"
"2024-09-19 01:00:00","40363179","38482565","1880614","60017.079086461024"
"2024-09-19 02:00:00","19399616","26655365","-7255749","60779.58731500814"
"2024-09-19 03:00:00","46218269","41110728","5107541","60338.42245134054"
"2024-09-19 04:00:00","50836888","43368246","7468642","60187.06305510083"
"2024-09-19 05:00:00","47820483","45234959","2585524","60297.48056650801"
"2024-09-19 06:00:00","37336352","38722636","-1386284","60639.66625417391"
"2024-09-19 07:00:00","46969072","51065555","-4096483","61624.1150792673"
"2024-09-19 08:00:00","43173622","62625947","-19452325","62294.7810331151"
"2024-09-19 09:00:00","49767803","52277874","-2510071","61979.0500687941"
"2024-09-19 10:00:00","46153943","52666759","-6512816","62137.6898127407"
"2024-09-19 11:00:00","47268787","51843668","-4574881","62100.70499247815"
"2024-09-19 12:00:00","50454380","51079350","-624970","62077.214449975596"
"2024-09-19 13:00:00","49144626","50154607","-1009981","61985.56832756461"
"2024-09-19 14:00:00","53766371","52728643","1037728","62001.27035086217"
"2024-09-19 15:00:00","53387403","49225327","4162076","62055.881233059525"
"2024-09-19 16:00:00","51311436","49227556","2083880","61924.55735910393"
"2024-09-19 17:00:00","53953743","49504129","4449614","62229.91311695789"
"2024-09-19 18:00:00","52475541","52642123","-166582","62374.07884322386"
"2024-09-19 19:00:00","48475584","46578687","1896897","62697.64627798701"
"2024-09-19 20:00:00","50912553","59486387","-8573834","63046.72401477356"
"2024-09-19 21:00:00","50444865","51118388","-673523","63072.89073344318"
"2024-09-19 22:00:00","43380374","55136833","-11756459","63197.612823744195"
"2024-09-19 23:00:00","48728694","48559214","169480","63188.24930307517"
"2024-09-20 00:00:00","47318454","54714238","-7395784","63572.66938774947"
"2024-09-20 01:00:00","53168843","66559781","-13390938","63820.5004425113"
"2024-09-20 02:00:00","52075099","66326630","-14251531","63624.69527636108"
"2024-09-20 03:00:00","53507222","69524504","-16017282","63356.56913184791"
"2024-09-20 04:00:00","49616118","49423448","192670","63131.21355097278"
"2024-09-20 05:00:00","52014109","48702653","3311456","62966.79557297262"
"2024-09-20 06:00:00","40832488","41325628","-493140","62960.11947522854"
"2024-09-20 07:00:00","49694331","49844360","-150029","62998.459919454675"
"2024-09-20 08:00:00","51147297","46607442","4539855","62824.007311096415"
"2024-09-20 09:00:00","49966092","45982378","3983714","63068.82655713301"
"2024-09-20 10:00:00","51675010","50910542","764468","63019.96952168604"
"2024-09-20 11:00:00","50567126","51678755","-1111629","63623.759296705415"
"2024-09-20 12:00:00","48315618","72806635","-24491017","63830.30790766291"
"2024-09-20 13:00:00","51989088","59440352","-7451264","63799.092863064536"
"2024-09-20 14:00:00","47936621","53332998","-5396377","63762.02936365165"
"2024-09-20 15:00:00","51640874","58367610","-6726736","63541.12126680181"
"2024-09-20 16:00:00","49884436","46370533","3513903","63314.219672019164"
"2024-09-20 17:00:00","52330284","47706968","4623316","63501.569925076976"
"2024-09-20 18:00:00","48850473","50869768","-2019295","63626.433286227344"
"2024-09-20 19:00:00","43092939","55921120","-12828181","63415.915141178804"
"2024-09-20 20:00:00","51594334","54571614","-2977280","63413.36624036515"
"2024-09-20 21:00:00","43226181","52823320","-9597139","62932.31349373035"
"2024-09-20 22:00:00","50370029","47271751","3098278","63234.475561909174"
"2024-09-20 23:00:00","44972312","39948592","5023720","63214.23750093387"
"2024-09-21 00:00:00","44311667","44002069","309598","62963.48277036644"
"2024-09-21 01:00:00","51966422","46813071","5153351","62760.66744916205"
"2024-09-21 02:00:00","56947294","46691579","10255715","62902.469704355935"
"2024-09-21 03:00:00","47802020","47597829","204191","62942.50735946628"
"2024-09-21 04:00:00","48521952","47626985","894967","62824.46930279285"
"2024-09-21 05:00:00","51101260","49244053","1857207","63143.04891255085"
"2024-09-21 06:00:00","47322984","49446510","-2123526","63273.42553248966"
"2024-09-21 07:00:00","42170485","51317974","-9147489","63176.37438305436"
"2024-09-21 08:00:00","44299959","49946208","-5646249","63299.90096121694"
"2024-09-21 09:00:00","49290492","52224750","-2934258","62938.31776952113"
"2024-09-21 10:00:00","48532589","43770440","4762149","62980.05068974506"
"2024-09-21 11:00:00","50286785","51051186","-764401","62944.132826048335"
"2024-09-21 12:00:00","44345044","43598509","746535","62907.36691431359"
"2024-09-21 13:00:00","50317395","48155857","2161538","62969.46524903485"
"2024-09-21 14:00:00","50759450","50536509","222941","63093.457547754"
"2024-09-21 15:00:00","43699586","45435920","-1736334","63155.93372737043"
"2024-09-21 16:00:00","50607244","53055455","-2448211","63085.9890384997"
"2024-09-21 17:00:00","52737839","51664172","1073667","63159.66485857236"
"2024-09-21 18:00:00","47416234","47714620","-298386","63033.11577971913"
"2024-09-21 19:00:00","52075800","52008376","67424","63132.20770167224"
"2024-09-21 20:00:00","53173238","56267932","-3094694","63156.09585248088"
"2024-09-21 21:00:00","53352180","46756893","6595287","63216.48744185271"
"2024-09-21 22:00:00","62234968","46807776","15427192","63315.51812251291"
"2024-09-21 23:00:00","58245221","45865351","12379870","63238.668394747525"
"2024-09-22 00:00:00","60752474","50253531","10498943","63255.92332921525"
"2024-09-22 01:00:00","57597090","56639920","957170","63341.92529257407"
"2024-09-22 02:00:00","67751867","50659254","17092613","63292.283118432555"
"2024-09-22 03:00:00","55998262","51828804","4169458","63254.06020023239"
"2024-09-22 04:00:00","61438008","48556000","12882008","63199.312114750835"
"2024-09-22 05:00:00","51030597","53753074","-2722477","63106.580608690005"
"2024-09-22 06:00:00","45334027","47466001","-2131974","63274.120321197406"
"2024-09-22 07:00:00","57625834","55616834","2009000","63424.3480326215"
"2024-09-22 08:00:00","55961705","48467812","7493893","63292.86836807041"
"2024-09-22 09:00:00","63249021","51824197","11424824","63154.800258404655"
"2024-09-22 10:00:00","57111244","50914084","6197160","63026.14595707342"
"2024-09-22 11:00:00","54578852","46675870","7902982","63168.59471683989"
"2024-09-22 12:00:00","56203627","49133982","7069645","63196.82184966023"
"2024-09-22 13:00:00","51926934","51729483","197451","63012.91407481629"
"2024-09-22 14:00:00","54318578","49798988","4519590","62971.554159373685"
"2024-09-22 15:00:00","54891579","50662726","4228853","63037.478614296924"
"2024-09-22 16:00:00","52857611","54320797","-1463186","63059.01156988504"
"2024-09-22 17:00:00","58090453","57262362","828091","62835.50275588693"
"2024-09-22 18:00:00","52316918","53207733","-890815","62694.15820196631"
"2024-09-22 19:00:00","52161626","48619483","3542143","62864.641058396504"
"2024-09-22 20:00:00","52996527","56826675","-3830148","62878.38170310077"
"2024-09-22 21:00:00","62098243","54808931","7289312","62698.04653388433"
"2024-09-22 22:00:00","56407695","46687095","9720600","62736.201574626044"
"2024-09-22 23:00:00","55584385","47439761","8144624","62815.61932182476"
"2024-09-23 00:00:00","52208983","46616684","5592299","62850.67697544712"
"2024-09-23 01:00:00","52625466","53979673","-1354207","63133.74850622012"
"2024-09-23 02:00:00","47306651","46897900","408751","63075.66927470033"
"2024-09-23 03:00:00","53033753","41875858","11157895","63185.15036592565"
"2024-09-23 04:00:00","48710514","42518482","6192032","63249.27844128914"
"2024-09-23 05:00:00","54519332","49567955","4951377","63069.77311127406"
"2024-09-23 06:00:00","43481728","24243622","19238106","64046.122588533486"
"2024-09-23 07:00:00","47219865","59042756","-11822891","63685.39387862053"
"2024-09-23 08:00:00","48188635","47740742","447893","63562.90115384122"
"2024-09-23 09:00:00","51395854","49511258","1884596","63850.95795123037"
"2024-09-23 10:00:00","52066777","64595117","-12528340","63914.90991668212"
"2024-09-23 11:00:00","53611799","67483740","-13871941","64353.17946721029"
"2024-09-23 12:00:00","51800788","59315644","-7514856","63931.63210448665"
"2024-09-23 13:00:00","63692167","41048065","22644102","63759.3006563491"
"2024-09-23 14:00:00","68102996","41594113","26508883","63737.422147330624"
"2024-09-23 15:00:00","67343056","44861665","22481391","63639.10743504706"
"2024-09-23 16:00:00","63996800","50393325","13603475","63458.08721273087"
"2024-09-23 17:00:00","61047095","49696561","11350534","63616.22027841126"
"2024-09-23 18:00:00","61824755","53340719","8484036","63506.702869526736"
"2024-09-23 19:00:00","61588255","53541237","8047018","63405.77133252351"
"2024-09-23 20:00:00","60323416","53542344","6781072","63389.88390676317"
"2024-09-23 21:00:00","62008965","51041712","10967253","63283.54012658672"
"2024-09-23 22:00:00","49729421","43685639","6043782","63283.304222602186"
"2024-09-23 23:00:00","48937564","42204457","6733107","63714.45785622055"
"2024-09-24 00:00:00","44343706","46014048","-1670342","63278.29723171758"
"2024-09-24 01:00:00","48991281","44589597","4401684","63353.105295677036"
"2024-09-24 02:00:00","51815091","45203967","6611124","63515.11127161198"
"2024-09-24 03:00:00","50502792","46826553","3676239","63300.85664912941"
"2024-09-24 04:00:00","48383907","48487333","-103426","63378.85968691167"
"2024-09-24 05:00:00","51644023","51472867","171156","63411.55404207994"
"2024-09-24 06:00:00","41182589","43810352","-2627763","63254.37141604306"
"2024-09-24 07:00:00","49511389","46495101","3016288","63389.25979312972"
"2024-09-24 08:00:00","47034352","45552022","1482330","63039.253446147566"
"2024-09-24 09:00:00","55167034","41762306","13404728","62975.11990484595"
"2024-09-24 10:00:00","56317523","43124808","13192715","63134.266964329196"
"2024-09-24 11:00:00","47632396","40886346","6746050","63079.321406204566"
"2024-09-24 12:00:00","58915022","46686383","12228639","63061.07999451836"
"2024-09-24 13:00:00","58601485","46414501","12186984","63186.76663194386"
"2024-09-24 14:00:00","50201525","45907351","4294174","63320.37947451279"
"2024-09-24 15:00:00","48754394","50143452","-1389058","63508.17946084476"
"2024-09-24 16:00:00","45531394","55046053","-9514659","63849.14062979432"
"2024-09-24 17:00:00","43017018","53571521","-10554503","63529.6824662015"
"2024-09-24 18:00:00","46095236","52096151","-6000915","63620.92222251102"
"2024-09-24 19:00:00","44094214","51104525","-7010311","63517.263694767724"
"2024-09-24 20:00:00","49906698","53905152","-3998454","63444.490551865514"
"2024-09-24 21:00:00","56106020","56487847","-381827","63671.94009571976"
"2024-09-24 22:00:00","46040348","50152785","-4112437","63158.230075597705"
"2024-09-24 23:00:00","46023468","45823770","199698","63272.515884658416"
"2024-09-25 00:00:00","49668912","45615357","4053555","63305.08089986047"
"2024-09-25 01:00:00","47843583","47511913","331670","63927.48999753599"
"2024-09-25 02:00:00","41363868","54212335","-12848467","63799.20147287237"
"2024-09-25 03:00:00","43807418","57870621","-14063203","64147.465888528626"
"2024-09-25 04:00:00","33138129","55649392","-22511263","64254.65774404002"
"2024-09-25 05:00:00","42566557","54747110","-12180553","64102.5661924549"
"2024-09-25 06:00:00","36830723","44109960","-7279237","64534.2827429217"
"2024-09-25 07:00:00","40353339","84980302","-44626963","64345.1118553839"
"2024-09-25 08:00:00","38211428","52864401","-14652973","64154.793513356126"
"2024-09-25 09:00:00","44536935","47240492","-2703557","64473.49184376235"
"2024-09-25 10:00:00","45509432","84127790","-38618358","64459.39343343999"
"2024-09-25 11:00:00","42775383","61993291","-19217908","64404.695590106014"
"2024-09-25 12:00:00","49034852","58084091","-9049239","64256.520303654"
"2024-09-25 13:00:00","45075170","47601466","-2526296","64175.91965487036"
"2024-09-25 14:00:00","43152098","50025293","-6873195","63890.7506313986"
"2024-09-25 15:00:00","47171736","40697937","6473799","63858.80083890611"
"2024-09-25 16:00:00","53348260","44965732","8382528","63884.25089422359"
"2024-09-25 17:00:00","53645366","45976872","7668494","63771.45459322912"
"2024-09-25 18:00:00","48233103","43767162","4465941","63655.1687943834"
"2024-09-25 19:00:00","52343333","41919602","10423731","63809.276719263034"
"2024-09-25 20:00:00","50125527","44857130","5268397","63688.871767697296"
"2024-09-25 21:00:00","44019684","37272681","6747003","63754.747279646224"
"2024-09-25 22:00:00","43638682","41156439","2482243","63917.756637535305"
"2024-09-25 23:00:00","43564238","47370768","-3806530","63643.43604485183"
"2024-09-26 00:00:00","47921024","40656663","7264361","63539.67875848449"
"2024-09-26 01:00:00","50013018","41060450","8952568","63174.98822564459"
"2024-09-26 02:00:00","60681819","41477827","19203992","63304.1532084215"
"2024-09-26 03:00:00","58019883","43574573","14445310","63283.464063729625"
"2024-09-26 04:00:00","54511739","38850007","15661732","63461.769445822705"
"2024-09-26 05:00:00","56593161","43968792","12624369","63480.491620116205"
"2024-09-26 06:00:00","51246508","42582256","8664252","63306.9802480191"
"2024-09-26 07:00:00","61406085","50191756","11214329","63128.693269869415"
"2024-09-26 08:00:00","56699151","45222933","11476218","62987.1095900472"
"2024-09-26 09:00:00","67888757","46194462","21694295","63105.64873770114"
"2024-09-26 10:00:00","45145704","42708131","2437573","63362.65787586436"
"2024-09-26 11:00:00","47509454","52411022","-4901568","63531.350668456565"
"2024-09-26 12:00:00","47698166","54421027","-6722861","63404.10954210119"
"2024-09-26 13:00:00","49996950","53579318","-3582368","63585.024796628706"
"2024-09-26 14:00:00","50800765","63833839","-13033074","63719.4096331196"
"2024-09-26 15:00:00","47274310","55160857","-7886547","63887.19307315346"
"2024-09-26 16:00:00","49055930","61171258","-12115328","63750.74703252917"
"2024-09-26 17:00:00","48412799","60634623","-12221824","63774.26253912093"
"2024-09-26 18:00:00","51168277","61415612","-10247335","64337.352060162106"
"2024-09-26 19:00:00","51270408","81346831","-30076423","64411.963476727295"
"2024-09-26 20:00:00","48397571","81016157","-32618586","64567.74191269113"
"2024-09-26 21:00:00","35309925","102825502","-67515577","64425.45213015378"
"2024-09-26 22:00:00","45813535","78562661","-32749126","64511.82684780986"
"2024-09-26 23:00:00","43246170","41807397","1438773","65299.07462518451"
"2024-09-27 00:00:00","48294984","53252407","-4957423","65465.35971602044"
"2024-09-27 01:00:00","51888315","66369253","-14480938","65192.090661727954"
"2024-09-27 02:00:00","55491674","52578330","2913344","65176.78507514664"
"2024-09-27 03:00:00","41088056","51258557","-10170501","64897.19714986406"
"2024-09-27 04:00:00","54588865","43334507","11254358","64800.507800769126"
"2024-09-27 05:00:00","54702786","48950802","5751984","65028.91057869941"
"2024-09-27 06:00:00","48380214","43003364","5376850","65110.43780466218"
"2024-09-27 07:00:00","57269295","54940663","2328632","65193.371316757635"
"2024-09-27 08:00:00","50310012","54981908","-4671896","65247.91574239032"
"2024-09-27 09:00:00","52180131","59576347","-7396216","65136.39669166737"
"2024-09-27 10:00:00","61297795","58682875","2614920","64898.529365326234"
"2024-09-27 11:00:00","57460743","63545553","-6084810","65307.82570363695"
"2024-09-27 12:00:00","55824357","66129490","-10305133","65361.24576777611"
"2024-09-27 13:00:00","44417839","53226700","-8808861","65285.76301679754"
"2024-09-27 14:00:00","54066739","55269075","-1202336","65365.31913839147"
"2024-09-27 15:00:00","60220168","60433468","-213300","65516.69097425332"
"2024-09-27 16:00:00","56679145","61720507","-5041362","65748.95278951127"
"2024-09-27 17:00:00","50873253","73527071","-22653818","65770.22668714885"
"2024-09-27 18:00:00","49901885","71718679","-21816794","65499.633086057474"
"2024-09-27 19:00:00","49651389","65264468","-15613079","65430.66865337722"
"2024-09-27 20:00:00","50945035","62650468","-11705433","65802.35448843974"
"2024-09-27 21:00:00","39485380","58320875","-18835495","65599.28013964169"
"2024-09-27 22:00:00","37129687","64343010","-27213323","66311.4986120849"
"2024-09-27 23:00:00","42714643","62119004","-19404361","66195.31715203352"
"2024-09-28 00:00:00","39940286","66883676","-26943390","66383.74148585141"
"2024-09-28 01:00:00","54760668","75245835","-20485167","65853.295327889"
"2024-09-28 02:00:00","62719724","61394558","1325166","65777.50398891633"
"2024-09-28 03:00:00","63281676","59696836","3584840","65752.04789270755"
"2024-09-28 04:00:00","61108230","43480828","17627402","65877.83524012646"
"2024-09-28 05:00:00","62003375","60379734","1623641","65845.24659040026"
"2024-09-28 06:00:00","64278201","56671180","7607021","65927.86677414922"
"2024-09-28 07:00:00","62080651","61089285","991366","65807.10440955461"
"2024-09-28 08:00:00","52573444","47770984","4802460","65948.76358437665"
"2024-09-28 09:00:00","55623460","52104305","3519155","65962.71904367876"
"2024-09-28 10:00:00","60296560","58858394","1438166","66236.95654157548"
"2024-09-28 11:00:00","51105913","61482779","-10376866","66152.60723884968"
"2024-09-28 12:00:00","55505788","59896967","-4391179","66061.4149970656"
"2024-09-28 13:00:00","58178536","60101150","-1922614","66021.3124261482"
"2024-09-28 14:00:00","56032195","58606709","-2574514","65849.55616193806"
"2024-09-28 15:00:00","63449650","59526006","3923644","65941.01707653329"
"2024-09-28 16:00:00","52839714","58380622","-5540908","65775.7503388317"
"2024-09-28 17:00:00","56729904","48963343","7766561","65700.75989168997"
"2024-09-28 18:00:00","48831425","50176478","-1345053","65853.56069760186"
"2024-09-28 19:00:00","49773375","55855757","-6082382","65879.51444279171"
"2024-09-28 20:00:00","45283950","57763032","-12479082","65662.1235183094"
"2024-09-28 21:00:00","47387338","47162399","224939","65654.79121643103"
"2024-09-28 22:00:00","49940618","51722525","-1781907","65795.37472586504"
"2024-09-28 23:00:00","56424135","62584208","-6160073","65733.23273560483"
"2024-09-29 00:00:00","52763554","59712847","-6949293","65659.30481988256"
"2024-09-29 01:00:00","55438582","59347171","-3908589","65676.57475557251"
"2024-09-29 02:00:00","57850890","58965011","-1114121","65766.02244197101"
"2024-09-29 03:00:00","57910678","62743418","-4832740","65792.7150208008"
"2024-09-29 04:00:00","55353993","62968102","-7614109","65764.16839531499"
"2024-09-29 05:00:00","57015161","58119090","-1103929","65763.96238409201"
"2024-09-29 06:00:00","46109987","47620847","-1510860","65833.0035019951"
"2024-09-29 07:00:00","56147858","58218236","-2070378","65932.90890615464"
"2024-09-29 08:00:00","48570817","61030950","-12460133","65827.74031977376"
"2024-09-29 09:00:00","54519828","56801625","-2281797","66007.58257073528"
"2024-09-29 10:00:00","55048146","60604565","-5556419","65963.67925509218"
"2024-09-29 11:00:00","54516204","62051139","-7534935","65955.07864247976"
"2024-09-29 12:00:00","56805732","63683824","-6878092","65874.33657454078"
"2024-09-29 13:00:00","54404401","62161539","-7757138","65764.18669607957"
"2024-09-29 14:00:00","59593560","54847308","4746252","65668.23243955737"
"2024-09-29 15:00:00","53624862","54550612","-925750","65654.60156629127"
"2024-09-29 16:00:00","53232659","56925743","-3693084","65727.43180072714"
"2024-09-29 17:00:00","57013224","60281796","-3268572","65748.22081333109"
"2024-09-29 18:00:00","56916957","65720014","-8803057","65707.56239551326"
"2024-09-29 19:00:00","60489549","62410054","-1920505","65827.39847097143"
"2024-09-29 20:00:00","63104306","60924588","2179718","65771.7798433355"
"2024-09-29 21:00:00","59819212","60543775","-724563","65925.32108557683"
"2024-09-29 22:00:00","60315683","68998581","-8682898","65796.77565375068"
"2024-09-29 23:00:00","49326707","60870549","-11543842","65781.74850422343"
"2024-09-30 00:00:00","45489326","64531860","-19042534","65821.26649741222"
"2024-09-30 01:00:00","54534506","59390472","-4855966","65868.5437533973"
"2024-09-30 02:00:00","53223866","64565816","-11341950","65795.45055737293"
"2024-09-30 03:00:00","57232266","62236562","-5004296","65967.90273015994"
"2024-09-30 04:00:00","52221858","57903218","-5681360","65848.09489158825"
"2024-09-30 05:00:00","53476504","57032082","-3555578","65831.87875195689"
"2024-09-30 06:00:00","42785440","48877606","-6092166","65697.0625989929"
"2024-09-30 07:00:00","52409825","48847416","3562409","65639.17306440555"
"2024-09-30 08:00:00","52464668","41847913","10616755","65388.25051069799"
"2024-09-30 09:00:00","55762971","43379924","12383047","64839.15233560925"
"2024-09-30 10:00:00","50703976","39687526","11016450","64405.09628394481"
"2024-09-30 11:00:00","49714068","38783625","10930443","64579.45760419718"
"2024-09-30 12:00:00","56423159","40285851","16137308","64454.156269436484"
"2024-09-30 13:00:00","60120989","43675862","16445127","64485.42175780042"
"2024-09-30 14:00:00","62018785","40692919","21325866","64431.20115635704"
"2024-09-30 15:00:00","58597123","39828942","18768181","64524.33973991312"
"2024-09-30 16:00:00","58418002","42605531","15812471","64210.85094832409"
"2024-09-30 17:00:00","50315451","45314053","5001398","63735.182974847594"
"2024-09-30 18:00:00","52134796","38736676","13398120","63622.21933487476"
"2024-09-30 19:00:00","60000529","49602806","10397723","63716.41180039536"
"2024-09-30 20:00:00","53855504","45431618","8423886","63999.552764402164"
"2024-09-30 21:00:00","54342196","48296723","6045473","64023.39943757145"
"2024-09-30 22:00:00","56637290","52671538","3965752","63779.473199287444"
"2024-09-30 23:00:00","50775468","49068200","1707268","63718.77157411453"
"2024-10-01 00:00:00","57888019","46349806","11538213","63481.703469520005"
"2024-10-01 01:00:00","55622501","50463633","5158868","63591.66471394014"
"2024-10-01 02:00:00","53937063","49739194","4197869","63425.559106124994"
"2024-10-01 03:00:00","67086994","45450653","21636341","63479.92247539569"
"2024-10-01 04:00:00","69759028","44982279","24776749","63759.287797722995"
"2024-10-01 05:00:00","53710525","50374304","3336221","63717.89270477793"
"2024-10-01 06:00:00","54873607","46266604","8607003","63494.00711163139"
"2024-10-01 07:00:00","61391717","50045881","11345836","63319.42173128728"
"2024-10-01 08:00:00","57364188","40943114","16421074","63547.62084816989"
"2024-10-01 09:00:00","49678482","51529840","-1851358","63475.46311616955"
"2024-10-01 10:00:00","54723049","51117211","3605838","63405.593470839136"
"2024-10-01 11:00:00","58890612","46755738","12134874","63704.860865885945"
"2024-10-01 12:00:00","58273101","50639444","7633657","63778.69127965337"
"2024-10-01 13:00:00","51303506","51820248","-516742","63718.74391833115"
"2024-10-01 14:00:00","56487913","50688846","5799067","64037.628819172445"
"2024-10-01 15:00:00","59063510","56092987","2970523","64076.26081552872"
"2024-10-01 16:00:00","62264594","50916409","11348185","63987.812389855215"
"2024-10-01 17:00:00","49998189","49711122","287067","63952.98641959487"
"2024-10-01 18:00:00","53000396","52356500","643896","63947.89905721321"
"2024-10-01 19:00:00","53876400","52823329","1053071","63772.285881203214"
"2024-10-01 20:00:00","52585459","51860440","725019","63710.16437058082"
"2024-10-01 21:00:00","55682493","49540107","6142386","62809.830566460616"
"2024-10-01 22:00:00","46105129","37410030","8695099","62588.086763678984"
"2024-10-01 23:00:00","59308006","47425407","11882599","62707.943748155325"
"2024-10-02 00:00:00","49124059","45938732","3185327","62416.188433215124"
"2024-10-02 01:00:00","41758820","42815096","-1056276","62111.57229581954"
"2024-10-02 02:00:00","49631629","51373610","-1741981","62010.25092826878"
"2024-10-02 03:00:00","49508633","52101184","-2592551","61878.106196976834"
"2024-10-02 04:00:00","50609512","67607714","-16998202","60807.65826331204"
"2024-10-02 05:00:00","45741852","43937390","1804462","61128.71082538444"
"2024-10-02 06:00:00","38864787","39401680","-536893","60905.48093787777"
"2024-10-02 07:00:00","50102146","45367011","4735135","61050.31436028933"
"2024-10-02 08:00:00","48291496","40521529","7769967","61172.833305198"
"2024-10-02 09:00:00","50685334","48104102","2581232","61450.16912764755"
"2024-10-02 10:00:00","51690965","54534993","-2844028","61820.55131763568"
"2024-10-02 11:00:00","49446688","55063078","-5616390","61805.43856215456"
"2024-10-02 12:00:00","51625836","55408158","-3782322","61663.09800005101"
"2024-10-02 13:00:00","49671668","54912623","-5240955","61581.279531853164"
"2024-10-02 14:00:00","52239788","53757338","-1517550","61825.08845113692"
"2024-10-02 15:00:00","50037050","56384757","-6347707","61818.87079504115"
"2024-10-02 16:00:00","49122499","46384308","2738191","61817.99215797862"
"2024-10-02 17:00:00","53354548","49323997","4030551","61374.77686776651"
"2024-10-02 18:00:00","50572781","43448977","7123804","61418.52747529561"
"2024-10-02 19:00:00","53841477","43514702","10326775","61332.88688170172"
"2024-10-02 20:00:00","58294958","44935779","13359179","60827.66279596646"
"2024-10-02 21:00:00","53117390","45980203","7137187","61119.612020398716"
"2024-10-02 22:00:00","42753517","43954982","-1201465","61374.13812564498"
"2024-10-02 23:00:00","43350674","36273450","7077224","61821.45145875743"
"2024-10-03 00:00:00","37746834","46775894","-9029060","61917.55381824861"
"2024-10-03 01:00:00","43407106","41412968","1994138","61665.46227757493"
"2024-10-03 02:00:00","44329725","41957253","2372472","60973.02966597149"
"2024-10-03 03:00:00","57244789","40029106","17215683","60369.798465832304"
"2024-10-03 04:00:00","59804053","35428268","24375785","60805.820317420956"
"2024-10-03 05:00:00","46229898","45156019","1073879","60845.57555783976"
"2024-10-03 06:00:00","38600502","43968566","-5368064","60802.33993872528"
"2024-10-03 07:00:00","49242137","44233700","5008437","60661.48706938052"
"2024-10-03 08:00:00","48527548","41042561","7484987","60932.314972896755"
"2024-10-03 09:00:00","56691383","45174495","11516888","61042.041969778285"
"2024-10-03 10:00:00","53482028","46246830","7235198","61275.90445422958"
"2024-10-03 11:00:00","49899309","47172846","2726463","61517.79492463198"
"2024-10-03 12:00:00","52556142","46187175","6368967","61467.62878122863"
"2024-10-03 13:00:00","47891507","49212294","-1320787","61310.901836450656"
"2024-10-03 14:00:00","48894067","49272300","-378233","61454.85015519877"
"2024-10-03 15:00:00","48372218","49509527","-1137309","61013.06026112001"
"2024-10-03 16:00:00","51887158","42616838","9270320","60273.29755994069"
"2024-10-03 17:00:00","71911029","46141906","25769123","60748.85063174078"
"2024-10-03 18:00:00","50559268","46203907","4355361","60950.92295587538"
"2024-10-03 19:00:00","49809027","43378783","6430244","60859.15702465546"
"2024-10-03 20:00:00","48501429","43767262","4734167","60590.2018063257"
"2024-10-03 21:00:00","68004572","40752514","27252058","60321.941496577194"
"2024-10-03 22:00:00","37439604","38928603","-1488999","60339.175642570895"
"2024-10-03 23:00:00","60911953","42481925","18430028","60576.0054783325"
"2024-10-04 00:00:00","48815636","44747097","4068539","60110.037393964485"
"2024-10-04 01:00:00","60086665","44436494","15650171","60573.659251564255"
"2024-10-04 02:00:00","52297529","49113995","3183534","60709.26690182077"
"2024-10-04 03:00:00","49107816","48644188","463628","61037.518427518735"
"2024-10-04 04:00:00","45294263","48434265","-3140002","60894.46629438746"
"2024-10-04 05:00:00","43622581","40063915","3558666","60798.20312458215"
"2024-10-04 06:00:00","34537174","38724931","-4187757","60885.48863296454"
"2024-10-04 07:00:00","45590540","46302736","-712196","60780.11833479236"
"2024-10-04 08:00:00","42258930","41067067","1191863","60533.16426563844"
"2024-10-04 09:00:00","62011085","41368197","20642888","61168.756134241936"
"2024-10-04 10:00:00","41767491","47479445","-5711954","61109.992525469606"
"2024-10-04 11:00:00","45669128","46148813","-479685","60940.32882450873"
"2024-10-04 12:00:00","47508829","45250335","2258494","61012.29722334248"
"2024-10-04 13:00:00","45044610","45777533","-732923","61214.78830853019"
"2024-10-04 14:00:00","44927949","46001612","-1073663","61145.56186379139"
"2024-10-04 15:00:00","44558894","42073754","2485140","61461.58746198871"
"2024-10-04 16:00:00","45420354","54778285","-9357931","61572.091879661886"
"2024-10-04 17:00:00","47830857","52020681","-4189824","61412.36130100861"
"2024-10-04 18:00:00","48671913","45485878","3186035","61378.48935425105"
"2024-10-04 19:00:00","48967260","43503557","5463703","61497.845581055684"
"2024-10-04 20:00:00","52944371","47519284","5425087","61946.363401225106"
"2024-10-04 21:00:00","43547689","46598614","-3050925","61590.9605013113"
"2024-10-04 22:00:00","45921202","47238544","-1317342","61199.47154364774"
"2024-10-04 23:00:00","49939568","47309780","2629788","61814.486077135756"
"2024-10-05 00:00:00","44845700","52104992","-7259292","62265.26200605615"
"2024-10-05 01:00:00","47402677","56367190","-8964513","62089.952392232335"
"2024-10-05 02:00:00","46394265","54080171","-7685906","62301.26793141627"
"2024-10-05 03:00:00","42862399","50958567","-8096168","62360.30624356204"
"2024-10-05 04:00:00","40838051","54669246","-13831195","62462.91849818648"
"2024-10-05 05:00:00","46130518","65982625","-19852107","62327.8947901628"
"2024-10-05 06:00:00","44010519","51644541","-7634022","62271.74921686789"
"2024-10-05 07:00:00","45383381","56609553","-11226172","62101.60712141049"
"2024-10-05 08:00:00","47106377","44907144","2199233","62194.56223428439"
"2024-10-05 09:00:00","52289454","53214633","-925179","62123.99891670517"
"2024-10-05 10:00:00","47668154","48025184","-357030","61879.02523148954"
"2024-10-05 11:00:00","50809712","46847188","3962524","61943.4801530464"
"2024-10-05 12:00:00","57646965","48199555","9447410","62017.61010104167"
"2024-10-05 13:00:00","48624687","45531855","3092832","62180.77102229453"
"2024-10-05 14:00:00","48970740","54091725","-5120985","62264.80910294351"
"2024-10-05 15:00:00","48094021","54751045","-6657024","62165.075991406295"
"2024-10-05 16:00:00","53133393","56214787","-3081394","62170.97837149837"
"2024-10-05 17:00:00","56692545","54503592","2188953","62304.501205647735"
"2024-10-05 18:00:00","50864989","50682207","182782","62272.585044453706"
"2024-10-05 19:00:00","64927005","56462594","8464411","62259.28254730426"
"2024-10-05 20:00:00","67284264","56272336","11011928","62353.64855227714"
"2024-10-05 21:00:00","62599223","53704395","8894828","62265.909068965"
"2024-10-05 22:00:00","59863438","61439091","-1575653","62264.631100512495"
"2024-10-05 23:00:00","63489444","58458921","5030523","62252.109214169395"
"2024-10-06 00:00:00","57239884","57951495","-711611","62109.57195720852"
"2024-10-06 01:00:00","52886791","59255988","-6369197","62116.06138973027"
"2024-10-06 02:00:00","55040020","60683279","-5643259","61977.83277758741"
"2024-10-06 03:00:00","52079126","57835562","-5756436","61961.3559247655"
"2024-10-06 04:00:00","51095254","65078391","-13983137","61883.02074092473"
"2024-10-06 05:00:00","55089330","58914938","-3825608","62037.92167578874"
"2024-10-06 06:00:00","44578042","55009910","-10431868","62169.92830872136"
"2024-10-06 07:00:00","50890304","63894898","-13004594","62236.097690787516"
"2024-10-06 08:00:00","46364192","55648761","-9284569","62049.887960118074"
"2024-10-06 09:00:00","52025322","59585156","-7559834","62190.68926142754"
"2024-10-06 10:00:00","50944734","61347846","-10403112","62098.72564985633"
"2024-10-06 11:00:00","50431649","60812613","-10380964","62041.471841817365"
"2024-10-06 12:00:00","51373721","61534991","-10161270","61969.71246092436"
"2024-10-06 13:00:00","50167263","53677308","-3510045","62064.0020601957"
"2024-10-06 14:00:00","51428404","56437704","-5009300","62057.02833648582"
"2024-10-06 15:00:00","52946502","53279475","-332973","62081.586796232616"
"2024-10-06 16:00:00","51401710","55738219","-4336509","62127.53382172417"
"2024-10-06 17:00:00","52008105","61674734","-9666629","62183.46220646816"
"2024-10-06 18:00:00","56081263","59845490","-3764227","62153.18609570379"
"2024-10-06 19:00:00","47675969","56916898","-9240929","62237.17242772463"
"2024-10-06 20:00:00","47269150","57006940","-9737790","62307.99456993632"
"2024-10-06 21:00:00","50440153","52626875","-2186722","62399.00532495466"
"2024-10-06 22:00:00","55757427","50273208","5484219","62789.47333183805"
"2024-10-06 23:00:00","44057162","51265726","-7208564","62693.93707543047"
"2024-10-07 00:00:00","44637599","51177799","-6540200","62683.61331829392"
"2024-10-07 01:00:00","45459928","54743455","-9283527","62643.68983864654"
"2024-10-07 02:00:00","44652893","54926458","-10273565","62841.38750223046"
"2024-10-07 03:00:00","46588248","54773330","-8185082","62770.86959054341"
"2024-10-07 04:00:00","42573034","50269365","-7696331","62679.91759095716"
"2024-10-07 05:00:00","44707363","54199017","-9491654","62420.76189261773"
"2024-10-07 06:00:00","48836508","31067184","17769324","62645.68831190423"
"2024-10-07 07:00:00","56862982","49480787","7382195","62836.236998584885"
"2024-10-07 08:00:00","48243737","49721416","-1477679","63319.3360382806"
"2024-10-07 09:00:00","41188099","50396248","-9208149","63784.87883411881"
"2024-10-07 10:00:00","42244709","47917996","-5673287","63606.94243640063"
"2024-10-07 11:00:00","42498882","51705729","-9206847","63453.084537907154"
"2024-10-07 12:00:00","46648599","48828991","-2180392","63449.21707927512"
"2024-10-07 13:00:00","44996939","49573503","-4576564","63374.45505184937"
"2024-10-07 14:00:00","44016179","53372088","-9355909","63662.1139293843"
"2024-10-07 15:00:00","60668762","52905656","7763106","63525.68245076774"
"2024-10-07 16:00:00","56165448","51855725","4309723","63611.81634311994"
"2024-10-07 17:00:00","54102180","59044061","-4941881","63226.27153445994"
"2024-10-07 18:00:00","56380361","46897136","9483225","62883.34722448182"
"2024-10-07 19:00:00","46913315","43104335","3808980","62936.95134732629"
"2024-10-07 20:00:00","44492251","43915272","576979","62886.53301084207"
"2024-10-07 21:00:00","44524847","44232749","292098","63384.85973312623"
"2024-10-07 22:00:00","47285209","45406408","1878801","64057.42660063884"
"2024-10-07 23:00:00","47444812","55042077","-7597265","63712.926706609425"
"2024-10-08 00:00:00","48985467","42431245","6554222","63768.92907242216"
"2024-10-08 01:00:00","48496572","42458620","6037952","63733.70182936139"
"2024-10-08 02:00:00","46363076","43833055","2530021","62922.721630551314"
"2024-10-08 03:00:00","49335065","39023386","10311679","63395.19953339125"
"2024-10-08 04:00:00","43303670","39573004","3730666","63031.860063309075"
"2024-10-08 05:00:00","43712247","41730262","1981985","63358.295326320505"
"2024-10-08 06:00:00","45400773","38899842","6500931","62827.933464624286"
"2024-10-08 07:00:00","43633265","39345188","4288077","62366.19963699356"
"2024-10-08 08:00:00","49002247","33260118","15742129","62551.634119206516"
"2024-10-08 09:00:00","53127787","42936700","10191087","62678.12309282459"
"2024-10-08 10:00:00","50121121","39618538","10502583","62730.06394993337"
"2024-10-08 11:00:00","46573964","39361294","7212670","62606.68120618687"
"2024-10-08 12:00:00","50646525","39174518","11472007","62691.07255605501"
"2024-10-08 13:00:00","49537725","42160440","7377285","62499.90041196489"
"2024-10-08 14:00:00","50595106","41989992","8605114","62449.37943297998"
"2024-10-08 15:00:00","51041074","42413037","8628037","62285.488950353305"
"2024-10-08 16:00:00","51879695","43679138","8200557","62391.065686553884"
"2024-10-08 17:00:00","52928991","42210028","10718963","62550.76816070586"
"2024-10-08 18:00:00","51123022","44853025","6269997","62523.05505913208"
"2024-10-08 19:00:00","50953860","46815109","4138751","62621.96803112523"
"2024-10-08 20:00:00","48690228","44269286","4420942","62543.28625690691"
"2024-10-08 21:00:00","54170686","44050066","10120620","62860.5836875393"
"2024-10-08 22:00:00","42242056","43665600","-1423544","62612.84167661177"
"2024-10-08 23:00:00","41496754","42548649","-1051895","62262.31072394114"
"2024-10-09 00:00:00","38358347","38634112","-275765","62432.183704840434"
"2024-10-09 01:00:00","44821884","45542352","-720468","62242.01011984991"
"2024-10-09 02:00:00","42484395","38685353","3799042","62056.03749804046"
"2024-10-09 03:00:00","51433462","45734225","5699237","62316.72896847881"
"2024-10-09 04:00:00","49588855","40828912","8759943","62286.21181127635"
"2024-10-09 05:00:00","46359967","43917412","2442555","62448.14977035777"
"2024-10-09 06:00:00","37812799","37559035","253764","62174.52711888775"
"2024-10-09 07:00:00","49859764","48967687","892077","62179.89290056505"
"2024-10-09 08:00:00","48314821","41358309","6956512","62079.94564201276"
"2024-10-09 09:00:00","54547053","48437208","6109845","62414.96315880941"
"2024-10-09 10:00:00","51968332","49161468","2806864","62250.89136401442"
"2024-10-09 11:00:00","52612362","50256999","2355363","62379.24124615909"
"2024-10-09 12:00:00","52407914","47615127","4792787","62342.34932498872"
"2024-10-09 13:00:00","53589841","47830579","5759262","62496.54390473409"
"2024-10-09 14:00:00","50831716","48078635","2753081","62405.33533113416"
"2024-10-09 15:00:00","48025889","51164043","-3138154","62239.35403318021"
"2024-10-09 16:00:00","51216713","45710225","5506488","62101.709453305884"
"2024-10-09 17:00:00","57675115","46325605","11349510","62227.57558179983"
"2024-10-09 18:00:00","57143298","49155567","7987731","62093.528357454416"
"2024-10-09 19:00:00","54152338","50124217","4028121","62166.89288688222"
"2024-10-09 20:00:00","56573548","48290181","8283367","61821.28154128723"
"2024-10-09 21:00:00","47340685","42457240","4883445","61844.404392636105"
"2024-10-09 22:00:00","52613546","46907788","5705758","61747.05776031615"
"2024-10-09 23:00:00","50685269","44966524","5718745","62339.563184099185"
"2024-10-10 00:00:00","43773997","46614841","-2840844","61738.28872508758"
"2024-10-10 01:00:00","50894324","49581882","1312442","61730.85723700393"
"2024-10-10 02:00:00","47367422","37264078","10103344","61236.24575570981"
"2024-10-10 03:00:00","53618130","43206793","10411337","61018.89037212467"
"2024-10-10 04:00:00","50584080","42682953","7901127","60604.45552180259"
"2024-10-10 05:00:00","65789937","39525384","26264553","60874.66658206203"
"2024-10-10 06:00:00","37598961","34258241","3340720","60750.7312765761"
"2024-10-10 07:00:00","51768051","42669393","9098658","60590.54284589863"
"2024-10-10 08:00:00","54117529","39612745","14504784","60438.28158474703"
"2024-10-10 09:00:00","70275620","42027060","28248560","60703.92407392367"
"2024-10-10 10:00:00","51649897","41376457","10273440","60872.90363841267"
"2024-10-10 11:00:00","50870109","43090304","7779805","60851.92838226607"
"2024-10-10 12:00:00","53131520","44462552","8668968","60862.911096041"
"2024-10-10 13:00:00","51022634","42731404","8291230","60918.27043554538"
"2024-10-10 14:00:00","51572318","45729375","5842943","61069.84055128887"
"2024-10-10 15:00:00","45324612","44176957","1147655","60881.83136383833"
"2024-10-10 16:00:00","48506315","43646721","4859594","60848.88616227564"
"2024-10-10 17:00:00","53903914","41170930","12732984","60865.00549456432"
"2024-10-10 18:00:00","55395046","43899538","11495508","61017.478163608175"
"2024-10-10 19:00:00","49943523","45554306","4389217","61213.97065454868"
"2024-10-10 20:00:00","45300467","43056923","2243544","60905.93541185864"
"2024-10-10 21:00:00","45965811","38991119","6974692","60990.55072221157"
"2024-10-10 22:00:00","50659911","42996114","7663797","60557.43637833061"
"2024-10-10 23:00:00","59568855","43616133","15952722","60626.38527789793"
"2024-10-11 00:00:00","44725009","37161282","7563727","60407.570992774934"
"2024-10-11 01:00:00","64035364","41451892","22583472","59770.29879812314"
"2024-10-11 02:00:00","53143721","38683235","14460486","59253.34075442555"
"2024-10-11 03:00:00","47315637","38182024","9133613","59640.48387647491"
"2024-10-11 04:00:00","45189984","39045362","6144622","59665.18293724782"
"2024-10-11 05:00:00","44645209","57456396","-12811187","60102.22647444657"
"2024-10-11 06:00:00","31877347","31957634","-80287","60099.82560549393"
"2024-10-11 07:00:00","42146723","45193992","-3047269","60245.69806670418"
"2024-10-11 08:00:00","38930579","38019697","910882","60192.55878742178"
"2024-10-11 09:00:00","49506375","47523899","1982476","60430.79311334359"
"2024-10-11 10:00:00","47770997","42675874","5095123","60523.50161802384"
"2024-10-11 11:00:00","49446568","44503460","4943108","60596.103240449316"
"2024-10-11 12:00:00","51572021","47690448","3881573","60623.73455163551"
"2024-10-11 13:00:00","44261769","43430936","830833","60613.69494362944"
"2024-10-11 14:00:00","51669293","47617718","4051575","60778.161019983796"
"2024-10-11 15:00:00","49504402","49464705","39697","60702.05945223023"
"2024-10-11 16:00:00","42474546","44253843","-1779297","60645.28218998294"
"2024-10-11 17:00:00","46709686","47199403","-489717","61019.77972408609"
"2024-10-11 18:00:00","45564913","45572032","-7119","61136.49080754732"
"2024-10-11 19:00:00","46668544","55037493","-8368949","61174.04211656182"
"2024-10-11 20:00:00","47705488","56423229","-8717741","61307.88181965042"
"2024-10-11 21:00:00","45353236","56973990","-11620754","61659.0794599185"
"2024-10-11 22:00:00","42434178","40612059","1822119","61782.248298175175"
"2024-10-11 23:00:00","47093506","45055501","2038005","62168.772781498694"
"2024-10-12 00:00:00","39898392","46512411","-6614019","62254.5807951434"
"2024-10-12 01:00:00","44528197","56209249","-11681052","62848.063668864655"
"2024-10-12 02:00:00","42337149","52061390","-9724241","62901.530691509965"
"2024-10-12 03:00:00","41307037","55421666","-14114629","63021.150226142796"
"2024-10-12 04:00:00","42899080","59994610","-17095530","63018.186917799736"
"2024-10-12 05:00:00","45304594","61832374","-16527780","62908.01845525481"
"2024-10-12 06:00:00","42558904","47921970","-5363066","62422.27927819907"
"2024-10-12 07:00:00","42831292","44629910","-1798618","62394.88358931794"
"2024-10-12 08:00:00","39542477","36544062","2998415","62713.32396181768"
"2024-10-12 09:00:00","43370416","44354592","-984176","62722.05438551648"
"2024-10-12 10:00:00","40742245","43838972","-3096727","62549.0571182811"
"2024-10-12 11:00:00","43354072","41741334","1612738","62558.99359383222"
"2024-10-12 12:00:00","45970438","41096456","4873982","62599.92669319073"
"2024-10-12 13:00:00","43533664","42329491","1204173","62712.90507441488"
"2024-10-12 14:00:00","41183899","45589871","-4405972","62687.36253650131"
"2024-10-12 15:00:00","45036772","45876595","-839823","62749.59028986477"
"2024-10-12 16:00:00","42627105","48058017","-5430912","62707.3067954775"
"2024-10-12 17:00:00","44571595","57810609","-13239014","62795.207931584664"
"2024-10-12 18:00:00","44665423","51881244","-7215821","62964.07440297315"
"2024-10-12 19:00:00","47094608","51920958","-4826350","62979.92711739775"
"2024-10-12 20:00:00","49544060","49715353","-171293","62953.10076984565"
"2024-10-12 21:00:00","49143369","46807100","2336269","63039.78523587425"
"2024-10-12 22:00:00","52117975","51873321","244654","63316.28773994694"
"2024-10-12 23:00:00","51184828","52353127","-1168299","63099.118506996034"
"2024-10-13 00:00:00","44797769","45776049","-978280","63095.581995678105"
"2024-10-13 01:00:00","51476420","50748362","728058","63121.59792611296"
"2024-10-13 02:00:00","52692798","51401928","1290870","62983.155078229196"
"2024-10-13 03:00:00","50585748","50693480","-107732","63004.49347369347"
"2024-10-13 04:00:00","50620098","51234303","-614205","63044.92562130904"
"2024-10-13 05:00:00","49376954","56562999","-7186045","63147.273671222625"
"2024-10-13 06:00:00","39395960","49491194","-10095234","63285.90084666046"
"2024-10-13 07:00:00","50685214","58579313","-7894099","63190.95022130103"
"2024-10-13 08:00:00","48261686","47356997","904689","63185.19245119155"
"2024-10-13 09:00:00","52384886","56146849","-3761963","62919.89710533015"
"2024-10-13 10:00:00","48356414","48266460","89954","62843.012950324206"
"2024-10-13 11:00:00","49697918","46650000","3047918","62697.13554859868"
"2024-10-13 12:00:00","47997441","49705241","-1707800","62822.060205172274"
"2024-10-13 13:00:00","49214874","47978356","1236518","62855.02998689702"
"2024-10-13 14:00:00","51074764","48645092","2429672","62874.66623659218"
"2024-10-13 15:00:00","50007714","47188120","2819594","62808.82805629621"
"2024-10-13 16:00:00","49374240","48645413","728827","62834.46214518788"
"2024-10-13 17:00:00","50679634","55497722","-4818088","62821.584786324485"
"2024-10-13 18:00:00","52542789","54344744","-1801955","62736.995426218986"
"2024-10-13 19:00:00","50599633","55378075","-4778442","62568.71017741958"
"2024-10-13 20:00:00","51785279","54641556","-2856277","62672.599960157364"
"2024-10-13 21:00:00","53161984","60151892","-6989908","62658.647306658124"
"2024-10-13 22:00:00","53667080","57967318","-4300238","62263.483168624414"
"2024-10-13 23:00:00","59391900","47517596","11874304","62195.155497616375"
"2024-10-14 00:00:00","46291865","42512993","3778872","62649.27814924451"
"2024-10-14 01:00:00","43412670","56857118","-13444448","62484.23705647916"
"2024-10-14 02:00:00","48126552","49879579","-1753027","62432.29387063598"
"2024-10-14 03:00:00","48154705","51177029","-3022324","62737.53117542624"
"2024-10-14 04:00:00","42795814","50734413","-7938599","62702.562055381706"
"2024-10-14 05:00:00","45981359","50110377","-4129018","62894.02365195361"
"2024-10-14 06:00:00","30808665","43384170","-12575505","62774.44699486587"
"2024-10-14 07:00:00","41925151","47793913","-5868762","62831.121643323844"
"2024-10-14 08:00:00","38635433","39875347","-1239914","62578.53225965999"
"2024-10-14 09:00:00","47777048","44559238","3217810","62588.93316927796"
"2024-10-14 10:00:00","46178101","45521223","656878","62528.60399180401"
"2024-10-14 11:00:00","46733063","43206976","3526087","64226.400415396216"
"2024-10-14 12:00:00","42373068","65478183","-23105115","64106.25687127614"
"2024-10-14 13:00:00","44203823","56428809","-12224986","63828.63164558512"
"2024-10-14 14:00:00","42802633","48482178","-5679545","64044.941679923424"
"2024-10-14 15:00:00","38441773","53074949","-14633176","64465.19148021127"
"2024-10-14 16:00:00","35113493","65645405","-30531912","64368.74425259204"
"2024-10-14 17:00:00","40962328","74182345","-33220017","64750.447602828186"
"2024-10-14 18:00:00","42565426","76248809","-33683383","64815.43898387907"
"2024-10-14 19:00:00","37031809","59634179","-22602370","64862.37945280378"
"2024-10-14 20:00:00","40756621","57399767","-16643146","64879.5852141615"
"2024-10-14 21:00:00","42036162","57748773","-15712611","64936.44541948003"
"2024-10-14 22:00:00","40682060","64758491","-24076431","66042.98953526218"
"2024-10-14 23:00:00","47276792","68526799","-21250007","65916.37771780534"
"2024-10-15 00:00:00","37669393","60330295","-22660902","65675.54127310817"
"2024-10-15 01:00:00","37537493","58338793","-20801300","65638.71551091931"
"2024-10-15 02:00:00","31870482","62613095","-30742613","65745.99153626389"
"2024-10-15 03:00:00","40039323","69416435","-29377112","65945.02678446884"
"2024-10-15 04:00:00","35877864","77841901","-41964037","65928.7568220258"
"2024-10-15 05:00:00","36507327","87822983","-51315656","65807.60354134369"
"2024-10-15 06:00:00","32536075","56636769","-24100694","66148.0458652311"
"2024-10-15 07:00:00","31921465","72647180","-40725715","66045.91061671254"
"2024-10-15 08:00:00","34691153","61031483","-26340330","65929.91154930445"
"2024-10-15 09:00:00","44516762","63586831","-19070069","65826.14185863135"
"2024-10-15 10:00:00","47549646","53119609","-5569963","65755.80398922866"
"2024-10-15 11:00:00","47503187","47509726","-6539","65360.90622529496"
"2024-10-15 12:00:00","52503345","45132087","7371258","65587.29992415861"
"2024-10-15 13:00:00","46930402","46042737","887665","65271.06987264063"
"2024-10-15 14:00:00","51012435","42806917","8205518","65439.5677545961"
"2024-10-15 15:00:00","71116696","48122880","22993816","65660.23606209806"
"2024-10-15 16:00:00","52038987","46675071","5363916","65683.28759950906"
"2024-10-15 17:00:00","55378308","43725202","11653106","65614.62967616992"
"2024-10-15 18:00:00","60510257","47463224","13047033","65658.27129935334"
"2024-10-15 19:00:00","55820538","47762619","8057919","65370.07199248598"
"2024-10-15 20:00:00","49180710","42005743","7174967","65776.63046264907"
"2024-10-15 21:00:00","38232850","52388359","-14155509","67141.18020674714"
"2024-10-15 22:00:00","38789701","86617397","-47827696","65618.07885427399"
"2024-10-15 23:00:00","56044692","39462079","16582613","65992.38160650617"
"2024-10-16 00:00:00","42446252","41864650","581602","66707.99149263337"
"2024-10-16 01:00:00","40251891","47763664","-7511773","66682.28042897471"
"2024-10-16 02:00:00","40799063","41532213","-733150","66991.43940910559"
"2024-10-16 03:00:00","47062181","55793674","-8731493","66910.21240880273"
"2024-10-16 04:00:00","48103261","50655131","-2551870","66546.29903715108"
"2024-10-16 05:00:00","44904939","45705521","-800582","66368.89532867471"
"2024-10-16 06:00:00","42211319","42433047","-221728","66739.5057878237"
"2024-10-16 07:00:00","50864964","53668109","-2803145","66898.43020982224"
"2024-10-16 08:00:00","45412120","50927794","-5515674","66814.6603845366"
"2024-10-16 09:00:00","50541053","57602196","-7061143","67259.61067903036"
"2024-10-16 10:00:00","50330003","69586256","-19256253","67301.0984403981"
"2024-10-16 11:00:00","52059646","59602816","-7543170","67146.70038467571"
"2024-10-16 12:00:00","49380927","56096806","-6715879","66959.28766045136"
"2024-10-16 13:00:00","52979176","54805908","-1826732","67180.41665822125"
"2024-10-16 14:00:00","45101902","55805508","-10703606","67078.33088421938"
"2024-10-16 15:00:00","50967858","57301920","-6334062","66919.44430981266"
"2024-10-16 16:00:00","51199335","52919667","-1720332","67168.77553467258"
"2024-10-16 17:00:00","46099385","51156929","-5057544","67371.86033706983"
"2024-10-16 18:00:00","47302018","74363811","-27061793","67630.65577900983"
"2024-10-16 19:00:00","43524736","88150740","-44626004","68143.59073046946"
"2024-10-16 20:00:00","50165468","67666886","-17501418","67802.77472469311"
"2024-10-16 21:00:00","45880046","65109992","-19229946","67297.33913910788"
"2024-10-16 22:00:00","54629524","51734337","2895187","67621.89581173043"
"2024-10-16 23:00:00","49249928","54379171","-5129243","67803.39714965569"
"2024-10-17 00:00:00","38863583","50076274","-11212691","67685.54236740996"
"2024-10-17 01:00:00","54093064","54680286","-587222","67985.27675289287"
"2024-10-17 02:00:00","51999801","62784417","-10784616","67807.8979819776"
"2024-10-17 03:00:00","53139755","63920278","-10780523","67773.7132406196"
"2024-10-17 04:00:00","48536549","55768597","-7232048","67663.89464751014"
"2024-10-17 05:00:00","55345864","54074484","1271380","67551.77385472646"
"2024-10-17 06:00:00","53884346","47113357","6770989","67734.37325712122"
"2024-10-17 07:00:00","57693860","58331244","-637384","67641.12001346624"
"2024-10-17 08:00:00","57171939","50284628","6887311","67757.15306495866"
"2024-10-17 09:00:00","62759781","55678906","7080875","67720.16507565498"
"2024-10-17 10:00:00","51495995","60475506","-8979511","67468.44756024492"
"2024-10-17 11:00:00","59359249","56218137","3141112","67592.48728661638"
"2024-10-17 12:00:00","59014628","59718409","-703781","67349.62013183715"
"2024-10-17 13:00:00","69490205","52451579","17038626","67344.00753078696"
"2024-10-17 14:00:00","61216574","51493780","9722794","67348.45662220559"
"2024-10-17 15:00:00","63089760","50125603","12964157","67213.1424150967"
"2024-10-17 16:00:00","69988760","50225075","19763685","67393.41016328281"
"2024-10-17 17:00:00","63539278","51382597","12156681","67180.55956499361"
"2024-10-17 18:00:00","56337983","50348186","5989797","67175.66477160931"
"2024-10-17 19:00:00","59437176","47186460","12250716","66846.08605893128"
"2024-10-17 20:00:00","61382045","48828324","12553721","67072.34727590102"
"2024-10-17 21:00:00","51203175","46968310","4234865","66990.701137363"
"2024-10-17 22:00:00","48999717","44117508","4882209","67105.09542511753"
"2024-10-17 23:00:00","45759522","45277986","481536","67519.94262397662"
"2024-10-18 00:00:00","43142603","48786374","-5643771","67400.82964131699"
"2024-10-18 01:00:00","59875016","47165204","12709812","67258.88143842472"
"2024-10-18 02:00:00","59576908","47902294","11674614","66892.75779852616"
"2024-10-18 03:00:00","52765299","48291477","4473822","66806.97066619524"
"2024-10-18 04:00:00","50035048","44968290","5066758","66975.08192163562"
"2024-10-18 05:00:00","54663927","63911357","-9247430","67050.59967051928"
"2024-10-18 06:00:00","45044534","51994816","-6950282","67393.06633047851"
"2024-10-18 07:00:00","44634543","45552878","-918335","67305.87489347802"
"2024-10-18 08:00:00","40359003","46922132","-6563129","67174.42326911073"
"2024-10-18 09:00:00","47469441","55056848","-7587407","68136.58732686943"
"2024-10-18 10:00:00","42697150","61239735","-18542585","67984.25918377034"
"2024-10-18 11:00:00","48129376","59420558","-11291182","67714.29815060316"
"2024-10-18 12:00:00","48733689","45347180","3386509","67741.39823445037"
"2024-10-18 13:00:00","51031592","47840305","3191287","67902.97761501984"
"2024-10-18 14:00:00","47418119","60919059","-13500940","68014.64136497729"
"2024-10-18 15:00:00","56775065","61968976","-5193911","67922.78246183717"
"2024-10-18 16:00:00","57435923","61686331","-4250408","67906.97174853747"
"2024-10-18 17:00:00","57588793","52262047","5326746","67826.0651047157"
"2024-10-18 18:00:00","62397796","52688365","9709431","67849.84463490598"
"2024-10-18 19:00:00","60105015","61101865","-996850","67726.95815662055"
"2024-10-18 20:00:00","68089081","54984421","13104660","67618.47650704822"
"2024-10-18 21:00:00","67358423","57843558","9514865","68043.2282960925"
"2024-10-18 22:00:00","60521465","62806653","-2285188","68434.29195907264"
"2024-10-18 23:00:00","56286988","83448556","-27161568","68789.18757804998"
"2024-10-19 00:00:00","41524493","75849014","-34324521","68761.72411760161"
"2024-10-19 01:00:00","62080727","82195988","-20115261","68760.37408081008"
"2024-10-19 02:00:00","49773643","84473090","-34699447","68851.94338198683"
"2024-10-19 03:00:00","48441300","94740331","-46299031","68625.9088345553"
"2024-10-19 04:00:00","44459277","77816474","-33357197","68419.89321513986"
"2024-10-19 05:00:00","53988666","61863941","-7875275","68404.98778122493"
"2024-10-19 06:00:00","53506511","53487890","18621","68274.2749028332"
"2024-10-19 07:00:00","50149207","46119268","4029939","68430.27281232741"
"2024-10-19 08:00:00","48539640","47293925","1245715","68373.21481684454"
"2024-10-19 09:00:00","54317562","54889557","-571995","68345.1509710165"
"2024-10-19 10:00:00","55714228","53791765","1922463","68431.28332218932"
"2024-10-19 11:00:00","57437385","56718991","718394","68481.22758522931"
"2024-10-19 12:00:00","59403468","64961250","-5557782","68353.0828991276"
"2024-10-19 13:00:00","49149677","57875702","-8726025","68389.69989785689"
"2024-10-19 14:00:00","47653962","56463862","-8809900","68341.56058185626"
"2024-10-19 15:00:00","48698561","58915417","-10216856","68353.1204760496"
"2024-10-19 16:00:00","51432026","64041545","-12609519","68396.25732489275"
"2024-10-19 17:00:00","52416102","54176363","-1760261","68359.45710285511"
"2024-10-19 18:00:00","49254973","65633946","-16378973","68252.99022249135"
"2024-10-19 19:00:00","52931616","57583013","-4651397","68147.3495309473"
"2024-10-19 20:00:00","50473784","55630631","-5156847","68225.33288829029"
"2024-10-19 21:00:00","52185682","54219901","-2034219","68114.45442354323"
"2024-10-19 22:00:00","50103151","51678009","-1574858","68271.56672966396"
"2024-10-19 23:00:00","55756525","54210299","1546226","68191.59508896389"
"2024-10-20 00:00:00","49735730","50329606","-593876","68064.78724156934"
"2024-10-20 01:00:00","51462512","56083491","-4620979","68094.85804520897"
"2024-10-20 02:00:00","54398356","53712807","685549","68172.98840504342"
"2024-10-20 03:00:00","53490078","58252503","-4762425","68165.500031973"
"2024-10-20 04:00:00","52942817","58425582","-5482765","68217.03231155725"
"2024-10-20 05:00:00","54515965","57270308","-2754343","68240.52215068214"
"2024-10-20 06:00:00","43871596","47145860","-3274264","68300.99879429258"
"2024-10-20 07:00:00","53890791","59465918","-5575127","68323.61129534381"
"2024-10-20 08:00:00","52822852","54421078","-1598226","68226.59222219036"
"2024-10-20 09:00:00","56994364","54636863","2357501","68118.76434904254"
"2024-10-20 10:00:00","58480855","56454173","2026682","68135.89736835337"
"2024-10-20 11:00:00","52727089","53780149","-1053060","68150.07501545608"
"2024-10-20 12:00:00","52302221","57539275","-5237054","68222.67688108176"
"2024-10-20 13:00:00","52807504","58366281","-5558777","68174.00848800446"
"2024-10-20 14:00:00","54851777","58518627","-3666850","68249.09304757054"
"2024-10-20 15:00:00","52473139","59052488","-6579349","68334.47665429197"
"2024-10-20 16:00:00","60582342","54729447","5852895","68346.47219940153"
"2024-10-20 17:00:00","58501293","56469401","2031892","68391.58330261541"
"2024-10-20 18:00:00","56964388","61026388","-4062000","68343.44618129982"
"2024-10-20 19:00:00","48755527","60835779","-12080252","68388.08131015273"
"2024-10-20 20:00:00","49832013","57967018","-8135005","68333.03601585327"
"2024-10-20 21:00:00","53118767","65723167","-12604400","68429.78387812438"
"2024-10-20 22:00:00","60628198","64767138","-4138940","68594.3425943866"
"2024-10-20 23:00:00","62119610","82164389","-20044779","68535.82334498805"
"2024-10-21 00:00:00","55603462","72519997","-16916535","68469.65804405189"
"2024-10-21 01:00:00","54504384","77588806","-23084422","68513.8882940664"
"2024-10-21 02:00:00","59977003","75745736","-15768733","68569.78572839698"
"2024-10-21 03:00:00","57421645","77055712","-19634067","68461.1474006438"
"2024-10-21 04:00:00","57370150","77208124","-19837974","68755.00809640458"
"2024-10-21 05:00:00","52372623","82388583","-30015960","68700.01718574156"
"2024-10-21 06:00:00","42077121","79195745","-37118624","69196.96432818104"
"2024-10-21 07:00:00","46340423","76435174","-30094751","68938.60419380393"
"2024-10-21 08:00:00","46028630","58970771","-12942141","69073.62110206105"
"2024-10-21 09:00:00","49885244","59608927","-9723683","69270.28967196534"
"2024-10-21 10:00:00","56154869","64968457","-8813588","68856.65890212907"
"2024-10-21 11:00:00","49183186","42897399","6285787","68868.97200431584"
"2024-10-21 12:00:00","59064748","49388516","9676232","68927.46894844652"
"2024-10-21 13:00:00","55464008","53392834","2071174","68978.57564760659"
"2024-10-21 14:00:00","53161092","64314668","-11153576","68833.49669934859"
"2024-10-21 15:00:00","54989154","51219778","3769376","68480.0149320888"
"2024-10-21 16:00:00","53911567","46160605","7750962","68387.25675565632"
"2024-10-21 17:00:00","55915517","53579822","2335695","68213.17026812013"
"2024-10-21 18:00:00","59304421","50755066","8549355","68314.41117305195"
"2024-10-21 19:00:00","55850557","59953780","-4103223","68219.88928218641"
"2024-10-21 20:00:00","50939451","51874314","-934863","68096.92288095086"
"2024-10-21 21:00:00","57782254","60529927","-2747673","67436.15079899557"
"2024-10-21 22:00:00","52216805","53303169","-1086364","67174.89762682472"
"2024-10-21 23:00:00","55621228","54381919","1239309","67208.87704833798"
"2024-10-22 00:00:00","56068063","49447274","6620789","67076.01055504466"
"2024-10-22 01:00:00","55254353","51197860","4056493","67536.84550738483"
"2024-10-22 02:00:00","46083438","50579269","-4495831","67248.9580235691"
"2024-10-22 03:00:00","58222962","46906508","11316454","67695.40276196595"
"2024-10-22 04:00:00","35328930","39458460","-4129530","67687.73557484418"
"2024-10-22 05:00:00","45895424","49005362","-3109938","67759.87289493067"
"2024-10-22 06:00:00","35921155","41225092","-5303937","67708.86329700233"
"2024-10-22 07:00:00","46627393","52719407","-6092014","67419.95771591812"
"2024-10-22 08:00:00","43875245","42308449","1566796","66913.12797169448"
"2024-10-22 09:00:00","44466792","48755090","-4288298","67406.76555244706"
"2024-10-22 10:00:00","48719279","49522422","-803143","67331.21226959293"
"2024-10-22 11:00:00","50732453","45658017","5074436","67347.54521991222"
"2024-10-22 12:00:00","48991551","52636778","-3645227","67425.6659159679"
"2024-10-22 13:00:00","49865080","47892607","1972473","67525.96780614593"
"2024-10-22 14:00:00","52475655","49712721","2762934","67605.62017714167"
"2024-10-22 15:00:00","49739791","50399743","-659952","67406.83216546694"
"2024-10-22 16:00:00","47263219","46138065","1125154","66975.08043981525"
"2024-10-22 17:00:00","55203972","43369820","11834152","66823.30202287612"
"2024-10-22 18:00:00","64898689","50722108","14176581","67108.74741200502"
"2024-10-22 19:00:00","52238567","47842336","4396231","67268.46363961943"
"2024-10-22 20:00:00","44866903","52943784","-8076881","66986.52069033367"
"2024-10-22 21:00:00","57673485","46961827","10711658","66972.93630491228"
"2024-10-22 22:00:00","59825671","46115144","13710527","67469.3546117871"
"2024-10-22 23:00:00","49334293","55405859","-6071566","67293.41754795393"
"2024-10-23 00:00:00","43362623","46962600","-3599977","66926.47562804088"
"2024-10-23 01:00:00","53004493","46064229","6940264","67288.6583769878"
"2024-10-23 02:00:00","48669811","50838079","-2168268","67348.54844260063"
"2024-10-23 03:00:00","46525388","52085646","-5560258","67457.05813602044"
"2024-10-23 04:00:00","43717343","53266297","-9548954","67496.34464565458"
"2024-10-23 05:00:00","47085504","56704342","-9618838","67438.0751769859"
"2024-10-23 06:00:00","40160543","48873997","-8713454","67708.7536516881"
"2024-10-23 07:00:00","45532316","60848396","-15316080","67388.70987963496"
"2024-10-23 08:00:00","41203880","52116324","-10912444","67116.93253270187"
"2024-10-23 09:00:00","56334954","43005569","13329385","67263.3475591174"
"2024-10-23 10:00:00","51976595","47062103","4914492","67036.01240368962"
"2024-10-23 11:00:00","53238757","47334991","5903766","67028.07911528605"
"2024-10-23 12:00:00","55688483","45681668","10006815","67091.69926892318"
"2024-10-23 13:00:00","55343868","47759540","7584328","67029.37688258871"
"2024-10-23 14:00:00","60486294","49700613","10785681","67005.61238298749"
"2024-10-23 15:00:00","57906768","47999346","9907422","66798.51434461224"
"2024-10-23 16:00:00","63325590","46046125","17279465","66500.2588765377"
"2024-10-23 17:00:00","56951067","45708276","11242791","66465.91606103204"
"2024-10-23 18:00:00","61557307","45108974","16448333","66374.95892784167"
"2024-10-23 19:00:00","60194922","52139415","8055507","66438.32386766444"
"2024-10-23 20:00:00","61646983","44554003","17092980","66340.82172115028"
"2024-10-23 21:00:00","62683507","45449602","17233905","66592.57329647882"
"2024-10-23 22:00:00","43517810","43827680","-309870","66552.30344568001"
"2024-10-23 23:00:00","52268186","48134767","4133419","66137.26926522028"
"2024-10-24 00:00:00","48710007","41658998","7051009","65803.88231136581"
"2024-10-24 01:00:00","64551930","45977867","18574063","65688.53795907844"
"2024-10-24 02:00:00","64787079","50428122","14358957","65791.40283954144"
"2024-10-24 03:00:00","47027127","45313904","1713223","66273.0568224716"
"2024-10-24 04:00:00","44020478","46699010","-2678532","66550.23495995275"
"2024-10-24 05:00:00","48263293","50251195","-1987902","66360.40348208217"
"2024-10-24 06:00:00","38896586","43426099","-4529513","66455.41855081334"
"2024-10-24 07:00:00","46045483","54192788","-8147305","66663.68284526176"
"2024-10-24 08:00:00","37613613","48221486","-10607873","67202.95843344559"
"2024-10-24 09:00:00","43198233","57369736","-14171503","67185.7186415498"
"2024-10-24 10:00:00","46048849","49055186","-3006337","67280.73233641346"
"2024-10-24 11:00:00","47438827","52279533","-4840706","67192.98018259065"
"2024-10-24 12:00:00","46860456","54380377","-7519921","67299.33348567656"
"2024-10-24 13:00:00","48551127","56759668","-8208541","67286.42087503758"
"2024-10-24 14:00:00","51104263","54095901","-2991638","67126.48217687826"
"2024-10-24 15:00:00","56105954","52344401","3761553","67020.38494804787"
"2024-10-24 16:00:00","48168293","49636778","-1468485","66936.96417445182"
"2024-10-24 17:00:00","57779608","59305572","-1525964","66857.5889221992"
"2024-10-24 18:00:00","54170866","46802917","7367949","66929.50226883676"
"2024-10-24 19:00:00","60117870","51554245","8563625","67199.64519853608"
"2024-10-24 20:00:00","55298520","56110007","-811487","67417.6426352721"
"2024-10-24 21:00:00","47135428","51459458","-4324030","67776.00925194527"
"2024-10-24 22:00:00","43097434","57486993","-14389559","67712.67543730911"
"2024-10-24 23:00:00","46820125","53235730","-6415605","67676.76356417956"
"2024-10-25 00:00:00","41166612","54183453","-13016841","67632.9860821278"
"2024-10-25 01:00:00","46660237","57585622","-10925385","67647.43516338688"
"2024-10-25 02:00:00","47734634","61929431","-14194797","67732.41017335067"
"2024-10-25 03:00:00","43622088","64812757","-21190669","68206.95290764398"
"2024-10-25 04:00:00","40324727","50914429","-10589702","68170.41062379858"
"2024-10-25 05:00:00","47796141","57619238","-9823097","68292.99420111896"
"2024-10-25 06:00:00","37869323","45359546","-7490223","68154.45951135312"
"2024-10-25 07:00:00","43424289","55444872","-12020583","68114.9185622865"
"2024-10-25 08:00:00","41621342","47401250","-5779908","67990.42714938585"
"2024-10-25 09:00:00","51300277","54019135","-2718858","67887.74173865975"
"2024-10-25 10:00:00","54269736","52064169","2205567","68002.69614734937"
"2024-10-25 11:00:00","55302382","46357554","8944828","67972.05251939863"
"2024-10-25 12:00:00","50851229","52076488","-1225259","67686.58736214109"
"2024-10-25 13:00:00","50983219","54888220","-3905001","67728.46705806292"
"2024-10-25 14:00:00","55222115","51852685","3369430","67632.71489436839"
"2024-10-25 15:00:00","54846428","49189039","5657389","67377.24705178424"
"2024-10-25 16:00:00","52152662","47599385","4553277","67604.60477320774"
"2024-10-25 17:00:00","50743527","51567679","-824152","67659.10647542501"
"2024-10-25 18:00:00","51109372","52535939","-1426567","67793.2947895395"
"2024-10-25 19:00:00","52163068","51532982","630086","68063.2114582639"
"2024-10-25 20:00:00","51275289","51010144","265145","68015.84071604135"
"2024-10-25 21:00:00","50040693","54119958","-4079265","68120.20815074912"
"2024-10-25 22:00:00","44846847","50402230","-5555383","68375.54809221705"
"2024-10-25 23:00:00","47873900","52257177","-4383277","67849.42820865207"
"2024-10-26 00:00:00","47324789","42874194","4450595","67699.99663162298"
"2024-10-26 01:00:00","51296806","44158847","7137959","67030.64370055005"
"2024-10-26 02:00:00","57057201","44420105","12637096","67174.95754534789"
"2024-10-26 03:00:00","45030389","44601376","429013","66873.17514285576"
"2024-10-26 04:00:00","48029261","42832624","5196637","66767.94477325557"
"2024-10-26 05:00:00","52646427","39487057","13159370","67093.82922811797"
"2024-10-26 06:00:00","42262394","44194025","-1931631","66850.76159363877"
"2024-10-26 07:00:00","50136509","38179629","11956880","66476.68631484646"
"2024-10-26 08:00:00","37920648","38380773","-460125","66677.77470312269"
"2024-10-26 09:00:00","45324987","46693705","-1368718","66608.88137659011"
"2024-10-26 10:00:00","44184674","45124712","-940038","66755.32103637536"
"2024-10-26 11:00:00","51793307","42859423","8933884","66835.49708744601"
"2024-10-26 12:00:00","49851973","46027457","3824516","66880.38698407823"
"2024-10-26 13:00:00","48971586","47777171","1194415","67071.0084438805"
"2024-10-26 14:00:00","50548710","48436837","2111873","67141.6934108148"
"2024-10-26 15:00:00","53213377","48532785","4680592","66954.75659807134"
"2024-10-26 16:00:00","46840400","50187838","-3347438","67078.49951463481"
"2024-10-26 17:00:00","49673215","49549179","124036","67026.12815533418"
"2024-10-26 18:00:00","48498437","48998210","-499773","66986.97165365184"
"2024-10-26 19:00:00","51319758","52440401","-1120643","67044.40534335213"
"2024-10-26 20:00:00","53671073","50099838","3571235","66960.50808816738"
"2024-10-26 21:00:00","50207258","55495752","-5288494","66907.43515516024"
"2024-10-26 22:00:00","52286146","49242810","3043336","66734.0802582756"
"2024-10-26 23:00:00","53265143","53584517","-319374","66809.44800431257"
"2024-10-27 00:00:00","51250157","45162364","6087793","66882.17350317718"
"2024-10-27 01:00:00","56222232","45364528","10857704","67001.6775944518"
"2024-10-27 02:00:00","54618223","47639112","6979111","67014.25983472452"
"2024-10-27 03:00:00","53153552","56841255","-3687703","67060.28362483945"
"2024-10-27 04:00:00","54672499","53888847","783652","67195.54217531349"
"2024-10-27 05:00:00","55765182","49938093","5827089","67103.62172633476"
"2024-10-27 06:00:00","37081951","40120086","-3038135","67082.04936362975"
"2024-10-27 07:00:00","46136734","49971411","-3834677","67025.03468736768"
"2024-10-27 08:00:00","40738603","40117308","621295","66936.16781433224"
"2024-10-27 09:00:00","42739698","46918927","-4179229","66963.04703717117"
"2024-10-27 10:00:00","47334314","46452316","881998","66963.53646208582"
"2024-10-27 11:00:00","46123004","51180841","-5057837","67170.31191017541"
"2024-10-27 12:00:00","48387597","46139779","2247818","67083.87273860764"
"2024-10-27 13:00:00","49443237","49357005","86232","67120.03936415794"
"2024-10-27 14:00:00","49193770","50864452","-1670682","67085.33349537266"
"2024-10-27 15:00:00","53799382","50254529","3544853","67123.12092309336"
"2024-10-27 16:00:00","51978056","49381483","2596573","67149.42869691466"
"2024-10-27 17:00:00","55483763","49595777","5887986","67108.30518137662"
"2024-10-27 18:00:00","50125511","55998425","-5872914","67014.48765893985"
"2024-10-27 19:00:00","42998637","51829340","-8830703","67065.15627070979"
"2024-10-27 20:00:00","50018768","48293238","1725530","67298.57860772504"
"2024-10-27 21:00:00","54896442","46528774","8367668","67554.38139197853"
"2024-10-27 22:00:00","53051257","51229323","1821934","67603.54062138998"
"2024-10-27 23:00:00","53065031","52204701","860330","67674.24568204841"
"2024-10-28 00:00:00","47165645","52485226","-5319581","67675.57045819692"
"2024-10-28 01:00:00","54541253","56213041","-1671788","67756.68434449847"
"2024-10-28 02:00:00","47613275","54874665","-7261390","67547.19623065575"
"2024-10-28 03:00:00","45055725","50499038","-5443313","67781.35002087864"
"2024-10-28 04:00:00","41812772","48326559","-6513787","67711.52875600685"
"2024-10-28 05:00:00","45410151","53043904","-7633753","67776.37154673216"
"2024-10-28 06:00:00","31820030","37376068","-5556038","68054.41647075795"
"2024-10-28 07:00:00","43112191","58594397","-15482206","67950.0009751482"
"2024-10-28 08:00:00","37504575","50942573","-13437998","67838.64500402445"
"2024-10-28 09:00:00","40457886","48947500","-8489614","67675.32667602073"
"2024-10-28 10:00:00","41263703","46727783","-5464080","67703.04239141876"
"2024-10-28 11:00:00","47311833","45754324","1557509","67652.98380447422"
"2024-10-28 12:00:00","43679252","47790448","-4111196","67653.68096466504"
"2024-10-28 13:00:00","46222977","48940954","-2717977","67811.44576941167"
"2024-10-28 14:00:00","46305284","46751797","-446513","67801.24597443336"
"2024-10-28 15:00:00","43392461","44070396","-677935","68370.58583612808"
"2024-10-28 16:00:00","40482606","59365272","-18882666","68267.55699760093"
"2024-10-28 17:00:00","41664143","53519001","-11854858","68366.30257502249"
"2024-10-28 18:00:00","42961331","52044394","-9083063","68577.79670583544"
"2024-10-28 19:00:00","44936209","67414206","-22477997","68660.28273459639"
"2024-10-28 20:00:00","45753472","64759312","-19005840","68929.32170261018"
"2024-10-28 21:00:00","43719511","81795930","-38076419","68922.76871462291"
"2024-10-28 22:00:00","37443088","64833846","-27390758","68809.76916861723"
"2024-10-28 23:00:00","44731017","68962283","-24231266","68509.15339969248"
"2024-10-29 00:00:00","47479868","51828489","-4348621","68684.35530363135"
"2024-10-29 01:00:00","51777333","62396170","-10618837","68984.62994806889"
"2024-10-29 02:00:00","46617756","92467412","-45849656","69043.16342933183"
"2024-10-29 03:00:00","53066954","97227479","-44160525","69511.19985201857"
"2024-10-29 04:00:00","37570333","125141549","-87571216","69486.44712583363"
"2024-10-29 05:00:00","47276641","134213034","-86936393","69671.43752496796"
"2024-10-29 06:00:00","39853976","137637822","-97783846","69812.36948672676"
"2024-10-29 07:00:00","50861066","79246754","-28385688","69877.9379963996"
"2024-10-29 08:00:00","44769353","70119450","-25350097","69838.8747171481"
"2024-10-29 09:00:00","49591900","70402457","-20810557","70100.78252678181"
"2024-10-29 10:00:00","44113775","86933038","-42819263","71129.27143253369"
"2024-10-29 11:00:00","41034817","75761857","-34727040","71029.87128036395"
"2024-10-29 12:00:00","47129071","58382571","-11253500","70993.11423697916"
"2024-10-29 13:00:00","49894975","64017436","-14122461","70945.85558966159"
"2024-10-29 14:00:00","45436968","66301889","-20864921","71185.40974063755"
"2024-10-29 15:00:00","48742580","82293005","-33550425","70901.83084496115"
"2024-10-29 16:00:00","51851710","62063796","-10212086","71099.49078810227"
"2024-10-29 17:00:00","54136529","77197565","-23061036","71169.04500651303"
"2024-10-29 18:00:00","54627683","79954566","-25326883","71138.65115233377"
"2024-10-29 19:00:00","48977458","80725049","-31747591","71337.24421924945"
"2024-10-29 20:00:00","47370393","95283480","-47913087","71211.4951266228"
"2024-10-29 21:00:00","51109440","65574807","-14465367","71523.95215254849"
"2024-10-29 22:00:00","36924471","113685321","-76760850","71825.57910908671"
"2024-10-29 23:00:00","49131154","115852001","-66720847","72336.12267954616"
"2024-10-30 00:00:00","47758128","113227117","-65468989","72796.31035931721"
"2024-10-30 01:00:00","57949189","100489089","-42539900","72757.69355805955"
"2024-10-30 02:00:00","48660321","100779518","-52119197","73007.33091778634"
"2024-10-30 03:00:00","41440298","93456082","-52015784","72690.38304229545"
"2024-10-30 04:00:00","38399404","39155059","-755655","72218.56766071507"
"2024-10-30 05:00:00","41626538","38189152","3437386","72264.67548738881"
"2024-10-30 06:00:00","30642857","52726474","-22083617","72732.90392114516"
"2024-10-30 07:00:00","47483310","92454568","-44971258","72692.83855246646"
"2024-10-30 08:00:00","44161635","97064742","-52903107","72193.66154142121"
"2024-10-30 09:00:00","50594037","46659384","3934653","72252.78016591241"
"2024-10-30 10:00:00","46099578","67368341","-21268763","72371.44452332135"
"2024-10-30 11:00:00","48256634","79698209","-31441575","72205.99517999562"
"2024-10-30 12:00:00","49037028","58095615","-9058587","72241.87657147946"
"2024-10-30 13:00:00","49104476","60310273","-11205797","72453.96016788161"
"2024-10-30 14:00:00","51737471","79741579","-28004108","72325.00837674929"
"2024-10-30 15:00:00","51918016","75680803","-23762787","72169.73186792208"
"2024-10-30 16:00:00","48205842","57357733","-9151891","72205.35264195391"
"2024-10-30 17:00:00","53512638","57916182","-4403544","72474.4484154778"
"2024-10-30 18:00:00","48680564","81321490","-32640926","72347.32292700432"
"2024-10-30 19:00:00","49054825","83931843","-34877018","72067.7821043319"
"2024-10-30 20:00:00","48683688","59450901","-10767213","71889.44270289477"
"2024-10-30 21:00:00","39558812","58011547","-18452735","71893.2175386051"
"2024-10-30 22:00:00","44268444","53965232","-9696788","72278.98453940019"
"2024-10-30 23:00:00","41466869","57916245","-16449376","72009.40165072428"
"2024-10-31 00:00:00","47938302","52907412","-4969110","72073.85431838367"
"2024-10-31 01:00:00","48966411","61259769","-12293358","71784.3394671571"
"2024-10-31 02:00:00","56451409","54620309","1831100","72024.62600807019"
"2024-10-31 03:00:00","52708857","65960687","-13251830","71930.33862726903"
"2024-10-31 04:00:00","49785175","57070670","-7285495","72723.8422633488"
"2024-10-31 05:00:00","46628076","108682996","-62054920","72354.87108038388"
"2024-10-31 06:00:00","39069989","64142277","-25072288","72362.26305267742"
"2024-10-31 07:00:00","58478714","83305277","-24826563","72448.51936160805"
"2024-10-31 08:00:00","47173274","76641819","-29468545","72116.07770562662"
"2024-10-31 09:00:00","57177120","51434504","5742616","72251.33591070768"
"2024-10-31 10:00:00","58819835","52086849","6732986","72444.25877881405"
"2024-10-31 11:00:00","54015789","82437070","-28421281","72324.17201879775"
"2024-10-31 12:00:00","57363846","81035617","-23671771","72255.75389588792"
"2024-10-31 13:00:00","59048647","59632429","-583782","72265.68545158657"
"2024-10-31 14:00:00","56012036","60914703","-4902667","72218.20623208783"
"2024-10-31 15:00:00","58252685","58752034","-499349","72409.8670715342"
"2024-10-31 16:00:00","58789908","76956304","-18166396","72229.36896879935"
"2024-10-31 17:00:00","55641112","61077145","-5436033","72326.10013435855"
"2024-10-31 18:00:00","53803808","59403509","-5599701","72624.49864506329"
"2024-10-31 19:00:00","51165755","103362660","-52196905","72227.5146808488"
"2024-10-31 20:00:00","54055663","56829751","-2774088","72016.30309232828"
"2024-10-31 21:00:00","47397424","48843322","-1445898","71310.07127702514"
"2024-10-31 22:00:00","60972163","38609593","22362570","70828.3990732208"
"2024-10-31 23:00:00","60803385","43558879","17244506","70717.09258249598"
"2024-11-01 00:00:00","64936952","50454890","14482062","70400.20926930603"
"2024-11-01 01:00:00","64808417","50744979","14063438","70636.07344039962"
"2024-11-01 02:00:00","52256311","53329761","-1073450","70541.32000969643"
"2024-11-01 03:00:00","63638435","51306573","12331862","70271.54881963474"
"2024-11-01 04:00:00","70826614","39500046","31326568","69828.17647163257"
"2024-11-01 05:00:00","60948462","52221148","8727314","70336.24379929277"
"2024-11-01 06:00:00","38324001","40798824","-2474823","70356.43822964847"
"2024-11-01 07:00:00","52481957","49796828","2685129","70350.66875177166"
"2024-11-01 08:00:00","45635790","45230457","405333","70153.23179863115"
"2024-11-01 09:00:00","58153678","47912376","10241302","69666.05655606136"
"2024-11-01 10:00:00","84073864","44561648","39512216","69386.2877434099"
"2024-11-01 11:00:00","54934132","57811108","-2876976","69291.57515803796"
"2024-11-01 12:00:00","51434978","61888512","-10453534","69461.09209823412"
"2024-11-01 13:00:00","57914235","62502674","-4588439","69559.37093062722"
"2024-11-01 14:00:00","60259088","63375727","-3116639","69285.70155224798"
"2024-11-01 15:00:00","68970415","52757091","16213324","69246.45553869038"
"2024-11-01 16:00:00","58711051","46331885","12379166","69362.64579756245"
"2024-11-01 17:00:00","64281118","57298061","6983057","69469.71130333173"
"2024-11-01 18:00:00","66068671","61911429","4157242","69889.83168103149"
"2024-11-01 19:00:00","55217633","50086951","5130682","70022.32293970541"
"2024-11-01 20:00:00","49969726","49149596","820130","70222.42072361072"
"2024-11-01 21:00:00","51606878","55127431","-3520553","70903.7070067897"
"2024-11-01 22:00:00","40187688","54935478","-14747790","71179.78742618555"
"2024-11-01 23:00:00","42592895","47724874","-5131979","69521.2343646733"
"2024-11-02 00:00:00","60740308","44226184","16514124","70056.17214372028"
"2024-11-02 01:00:00","62645788","51848315","10797473","69767.37764249902"
"2024-11-02 02:00:00","66577810","51907712","14670098","69287.88840120293"
"2024-11-02 03:00:00","72446031","46786151","25659880","69162.3651419683"
"2024-11-02 04:00:00","61552770","46621813","14930957","69300.71048002999"
"2024-11-02 05:00:00","64209530","50647217","13562313","69074.9752511479"
"2024-11-02 06:00:00","61368074","48146760","13221314","69514.96400931447"
"2024-11-02 07:00:00","64229987","47596359","16633628","69556.93986446623"
"2024-11-02 08:00:00","53690737","47218692","6472045","69718.98686031303"
"2024-11-02 09:00:00","54584317","51247187","3337130","69680.20786190766"
"2024-11-02 10:00:00","53950812","50809476","3141336","69834.54859432903"
"2024-11-02 11:00:00","47762331","57634329","-9871998","69651.12971656928"
"2024-11-02 12:00:00","52137618","57023406","-4885788","69562.30233947602"
"2024-11-02 13:00:00","48377544","52933620","-4556076","69682.11934022627"
"2024-11-02 14:00:00","52136692","53040139","-903447","69747.42595400356"
"2024-11-02 15:00:00","50546973","55041786","-4494813","69836.26237546552"
"2024-11-02 16:00:00","49404445","54547519","-5143074","69699.40413071561"
"2024-11-02 17:00:00","46068461","55113629","-9045168","69611.4728307076"
"2024-11-02 18:00:00","53782117","55331017","-1548900","69631.99631664532"
"2024-11-02 19:00:00","50153582","56251326","-6097744","69643.74359185454"
"2024-11-02 20:00:00","52745882","56877881","-4131999","69561.07829227843"
"2024-11-02 21:00:00","65268122","50065584","15202538","69554.60190365776"
"2024-11-02 22:00:00","62718319","50241764","12476555","69254.85199460473"
"2024-11-02 23:00:00","72030595","46472258","25558337","69505.21742659199"
"2024-11-03 00:00:00","64151569","51509390","12642179","69664.47499288851"
"2024-11-03 01:00:00","62014737","52217118","9797619","69555.60132414536"
"2024-11-03 02:00:00","61695204","54713451","6981753","69615.98106099533"
"2024-11-03 03:00:00","67588310","56892594","10695716","69691.74086366987"
"2024-11-03 04:00:00","64517597","55666472","8851125","69720.18868778642"
"2024-11-03 05:00:00","69128227","51267992","17860235","69644.16092500702"
"2024-11-03 06:00:00","53891858","46635728","7256130","69622.97912400134"
"2024-11-03 07:00:00","68397707","55485020","12912687","69438.65233749426"
"2024-11-03 08:00:00","64555442","55411444","9143998","69404.79200497312"
"2024-11-03 09:00:00","67884112","60925436","6958676","69245.00410377019"
"2024-11-03 10:00:00","76876476","51730021","25146455","68259.1265701539"
"2024-11-03 11:00:00","50808180","46200547","4607633","68599.1074194292"
"2024-11-03 12:00:00","51519801","50531239","988562","68736.04499417752"
"2024-11-03 13:00:00","50267035","53510555","-3243520","68626.21656495068"
"2024-11-03 14:00:00","48125676","52983555","-4857879","68730.06787151942"
"2024-11-03 15:00:00","48734230","55787696","-7053466","68555.76346799728"
"2024-11-03 16:00:00","50035925","49403230","632695","68619.75929778506"
"2024-11-03 17:00:00","54464701","56030885","-1566184","68376.01434132206"
"2024-11-03 18:00:00","57924377","51741212","6183165","68641.10222878889"
"2024-11-03 19:00:00","57805985","52718461","5087524","68502.56603385122"
"2024-11-03 20:00:00","52614411","48228255","4386156","68670.21143703329"
"2024-11-03 21:00:00","59754012","55395090","4358922","68287.02538375517"
"2024-11-03 22:00:00","57766805","56924371","842434","67939.04367474312"
"2024-11-03 23:00:00","60930082","50558238","10371844","68034.5451405695"
"2024-11-04 00:00:00","45961451","50481262","-4519811","68377.24120926416"
"2024-11-04 01:00:00","46559585","50346464","-3786879","68499.20530176132"
"2024-11-04 02:00:00","54367140","44452273","9914867","68063.49526044233"
"2024-11-04 03:00:00","55931179","42768529","13162650","68822.63476668787"
"2024-11-04 04:00:00","46149788","47598670","-1448882","69075.49289565554"
"2024-11-04 05:00:00","43764636","41533373","2231263","69366.76007874405"
"2024-11-04 06:00:00","49936684","46084288","3852396","69077.48547717731"
"2024-11-04 07:00:00","40424586","41717751","-1293165","68897.13164780676"
"2024-11-04 08:00:00","45515724","44865487","650237","68623.08677202226"
"2024-11-04 09:00:00","52412262","46997737","5414525","69054.69590358764"
"2024-11-04 10:00:00","49929406","50395315","-465909","69252.1824450134"
"2024-11-04 11:00:00","50762617","50174374","588243","69000.32429293876"
"2024-11-04 12:00:00","50066484","49832815","233669","69191.17382052555"
"2024-11-04 13:00:00","53334938","49883721","3451217","68850.8978076808"
"2024-11-04 14:00:00","54820571","51682187","3138384","69037.78439120177"
"2024-11-04 15:00:00","54462265","53938652","523613","68648.31084918191"
"2024-11-04 16:00:00","52993838","49448646","3545192","68552.88293595644"
"2024-11-04 17:00:00","50780845","48750327","2030518","68574.25090315646"
"2024-11-04 18:00:00","53509755","51518558","1991197","68748.36714197283"
"2024-11-04 19:00:00","52936801","56081768","-3144967","68723.45734338404"
"2024-11-04 20:00:00","54172888","56986070","-2813182","68930.11377891713"
"2024-11-04 21:00:00","52526132","52891766","-365634","68771.61782594454"
"2024-11-04 22:00:00","54443581","53534643","908938","68292.03102808529"
"2024-11-04 23:00:00","60104018","45590423","14513595","68555.14691578897"
"2024-11-05 00:00:00","54025135","44751885","9273250","67772.11523396718"
"2024-11-05 01:00:00","59073485","48078438","10995047","67809.16276916587"
"2024-11-05 02:00:00","49589760","49652660","-62900","67718.95158509188"
"2024-11-05 03:00:00","53724200","48575308","5148892","67843.7932865885"
"2024-11-05 04:00:00","51075653","52916519","-1840866","67412.78736118952"
"2024-11-05 05:00:00","74030030","45664775","28365255","66976.05717193894"
"2024-11-05 06:00:00","69335350","48600282","20735068","67944.5887541335"
"2024-11-05 07:00:00","40962008","41740949","-778941","67763.74712888867"
"2024-11-05 08:00:00","42685979","44123794","-1437815","67972.67848124247"
"2024-11-05 09:00:00","50164095","53174422","-3010327","67990.12371055396"
"2024-11-05 10:00:00","49116254","50341010","-1224756","67896.94200913746"
"2024-11-05 11:00:00","50793496","55618940","-4825444","68067.69896349014"
"2024-11-05 12:00:00","50385870","51670356","-1284486","68341.78451144457"
"2024-11-05 13:00:00","52705599","53742481","-1036882","68572.25430649224"
"2024-11-05 14:00:00","55283369","54828487","454882","68734.26135188765"
"2024-11-05 15:00:00","50930071","62250846","-11320775","68853.78495766768"
"2024-11-05 16:00:00","48295839","57349403","-9053564","68943.65140874525"
"2024-11-05 17:00:00","51726796","57579775","-5852979","68775.53886403098"
"2024-11-05 18:00:00","51712505","57115429","-5402924","68711.99079386877"
"2024-11-05 19:00:00","51620661","53737892","-2117231","68833.02908918606"
"2024-11-05 20:00:00","54387471","51802380","2585091","68859.54108528295"
"2024-11-05 21:00:00","53981678","54501602","-519924","68814.84568247957"
"2024-11-05 22:00:00","51052716","56549250","-5496534","70030.07554754707"
"2024-11-05 23:00:00","40622388","44766303","-4143915","69599.58916994547"
"2024-11-06 00:00:00","55414123","49984337","5429786","70053.85354927387"
"2024-11-06 01:00:00","52286221","54517427","-2231206","70066.49188721835"
"2024-11-06 02:00:00","57488767","51782757","5706010","70163.05553051933"
"2024-11-06 03:00:00","54685918","55178632","-492714","69337.52216818364"
"2024-11-06 04:00:00","46622010","41345674","5276336","69518.34569053259"
"2024-11-06 05:00:00","50657975","47167630","3490345","69282.77065567416"
"2024-11-06 06:00:00","51849073","51873339","-24266","69529.49936387643"
"2024-11-06 07:00:00","41579552","46907545","-5327993","69604.82276384962"
"2024-11-06 08:00:00","47842153","53204007","-5361854","71090.94423556396"
"2024-11-06 09:00:00","50468782","55099042","-4630260","71128.70354257687"
"2024-11-06 10:00:00","58599776","62046822","-3447046","72997.33942671632"
"2024-11-06 11:00:00","47512216","96235284","-48723068","74344.46484033235"
"2024-11-06 12:00:00","44425674","91425589","-46999915","74444.72018337755"
"2024-11-06 13:00:00","53872521","90265189","-36392668","74717.1386551914"
"2024-11-06 14:00:00","51552180","111684079","-60131899","74411.25495706576"
"2024-11-06 15:00:00","55616326","64832903","-9216577","73803.9091742949"
"2024-11-06 16:00:00","49881471","52116576","-2235105","73045.00676668408"
"2024-11-06 17:00:00","52424195","65421939","-12997744","73933.09745346925"
"2024-11-06 18:00:00","47925717","65487020","-17561303","73894.6182923783"
"2024-11-06 19:00:00","52650894","63997746","-11346852","74224.14375939054"
"2024-11-06 20:00:00","52841096","67010779","-14169683","74328.00838699627"
"2024-11-06 21:00:00","52540078","63288683","-10748605","73967.51251763877"
"2024-11-06 22:00:00","58189343","60095566","-1906223","73929.10393930758"
"2024-11-06 23:00:00","54223546","53656286","567260","74259.61277479868"
"2024-11-07 00:00:00","51073166","102395142","-51321976","74384.72377518305"
"2024-11-07 01:00:00","57749028","97024502","-39275474","74565.26492908096"
"2024-11-07 02:00:00","56851513","108265082","-51413569","75121.93231089723"
"2024-11-07 03:00:00","52388687","96655069","-44266382","75784.22581944008"
"2024-11-07 04:00:00","50191949","97493608","-47301659","76244.0963896495"
"2024-11-07 05:00:00","38317505","60894975","-22577470","75880.00307506212"
"2024-11-07 06:00:00","57220239","75672556","-18452317","75686.52086690758"
"2024-11-07 07:00:00","49701004","52723126","-3022122","75645.35295891803"
"2024-11-07 08:00:00","56528102","53765019","2763083","75255.05751890992"
"2024-11-07 09:00:00","57762350","65615636","-7853286","75377.2769231212"
"2024-11-07 10:00:00","60599612","61216159","-616547","75201.8936061207"
"2024-11-07 11:00:00","61855006","64513049","-2658043","75075.96212099826"
"2024-11-07 12:00:00","78663427","92960573","-14297146","74769.42743761226"
"2024-11-07 13:00:00","68845516","62915068","5930448","74820.80284920166"
"2024-11-07 14:00:00","72312029","69996913","2315116","74747.76678953976"
"2024-11-07 15:00:00","64052106","69150585","-5098479","74878.05508918039"
"2024-11-07 16:00:00","58462191","61482552","-3020361","75087.56475896378"
"2024-11-07 17:00:00","63767825","60790569","2977256","74945.0275495663"
"2024-11-07 18:00:00","65917412","61571370","4346042","74975.9149439816"
"2024-11-07 19:00:00","68503131","62687990","5815141","74778.3857054336"
"2024-11-07 20:00:00","64733023","56980349","7752674","74948.63764692727"
"2024-11-07 21:00:00","69972663","62897497","7075166","74614.90965779292"
"2024-11-07 22:00:00","62533638","59955963","2577675","74701.5087009991"
"2024-11-07 23:00:00","57103443","68452853","-11349410","75828.77816045796"
"2024-11-08 00:00:00","48002922","80012126","-32009204","75918.14590401076"
"2024-11-08 01:00:00","56936401","79174695","-22238294","76335.05626101459"
"2024-11-08 02:00:00","60277446","80259232","-19981786","76623.60497716117"
"2024-11-08 03:00:00","44261571","106257304","-61995733","76440.39922038492"
"2024-11-08 04:00:00","50400303","118754799","-68354496","76503.02052181838"
"2024-11-08 05:00:00","54799623","134599160","-79799537","75984.67909751236"
"2024-11-08 06:00:00","59445538","58557263","888275","75738.33987682195"
"2024-11-08 07:00:00","50080114","59968759","-9888645","75842.1881059887"
"2024-11-08 08:00:00","56673276","60709426","-4036150","76089.96319596807"
"2024-11-08 09:00:00","62769322","72722362","-9953040","75993.15009539346"
"2024-11-08 10:00:00","68201066","75611429","-7410363","75741.61177313518"
"2024-11-08 11:00:00","65772418","69317590","-3545172","75924.389515179"
"2024-11-08 12:00:00","64332838","80346202","-16013364","75877.689623652"
"2024-11-08 13:00:00","40872104","41930811","-1058707","76014.10182530098"
"2024-11-08 14:00:00","63075067","77697127","-14622060","75936.21750619756"
"2024-11-08 15:00:00","64216038","78075951","-13859913","76210.78786642072"
"2024-11-08 16:00:00","55665630","78655722","-22990092","75868.14473313175"
"2024-11-08 17:00:00","62212214","74186904","-11974690","76068.30298246602"
"2024-11-08 18:00:00","65700381","79874615","-14174234","76156.7816885252"
"2024-11-08 19:00:00","66340667","97515852","-31175185","76102.7372869731"
"2024-11-08 20:00:00","68680111","70710224","-2030113","76158.92945075095"
"2024-11-08 21:00:00","67489468","85077653","-17588185","76164.17942079702"
"2024-11-08 22:00:00","66825084","115986287","-49161203","75851.26765883944"
"2024-11-08 23:00:00","63800327","78297708","-14497381","76368.44800944938"
"2024-11-09 00:00:00","70348058","106234566","-35886508","76049.80683235863"
"2024-11-09 01:00:00","74159540","65428662","8730878","76304.71544976674"
"2024-11-09 02:00:00","66118910","130119259","-64000349","76923.909625338"
"2024-11-09 03:00:00","59756200","130826860","-71070660","77110.70666366327"
"2024-11-09 04:00:00","54513736","112280186","-57766450","76632.77229318587"
"2024-11-09 05:00:00","83391392","94761774","-11370382","76497.39490480245"
"2024-11-09 06:00:00","92799019","82905452","9893567","76400.67783532792"
"2024-11-09 07:00:00","89134319","74051985","15082334","76544.19419728433"
"2024-11-09 08:00:00","88274189","78076931","10197258","76495.61069294983"
"2024-11-09 09:00:00","86851289","80695799","6155490","76374.35940711283"
"2024-11-09 10:00:00","82820199","64924283","17895916","76381.86673197555"
"2024-11-09 11:00:00","85413931","72706713","12707218","76357.77344391211"
"2024-11-09 12:00:00","89250589","77461759","11788830","76397.89952475429"
"2024-11-09 13:00:00","91521397","78859120","12662277","76565.90874116222"
"2024-11-09 14:00:00","89569347","85488451","4080896","76562.43831046269"
"2024-11-09 15:00:00","91369629","84879571","6490058","76513.0863883228"
"2024-11-09 16:00:00","92691583","82721783","9969800","76620.43809319912"
"2024-11-09 17:00:00","88571422","88609492","-38070","76625.9431573158"
"2024-11-09 18:00:00","93335068","86210970","7124098","76489.92464001599"
"2024-11-09 19:00:00","89550371","86799761","2750610","76508.52946796852"
"2024-11-09 20:00:00","90797416","90055350","742066","76384.78876453172"
"2024-11-09 21:00:00","92662438","68069485","24592953","76400.68214402765"
"2024-11-09 22:00:00","88367473","81892616","6474857","76337.47960010853"
"2024-11-09 23:00:00","84299208","76969890","7329318","76329.7608477309"
"2024-11-10 00:00:00","88417953","70416921","18001032","76118.82586350304"
"2024-11-10 01:00:00","69852255","78711457","-8859202","76073.60598620826"
"2024-11-10 02:00:00","66944410","80216946","-13272536","76354.70998292546"
"2024-11-10 03:00:00","52116980","97000147","-44883167","76167.4949549553"
"2024-11-10 04:00:00","63505966","89879088","-26373122","76314.7208129348"
"2024-11-10 05:00:00","68664129","103422491","-34758362","76432.19536183143"
"2024-11-10 06:00:00","67706977","109772688","-42065711","76520.33230981728"
"2024-11-10 07:00:00","56705564","103726376","-47020812","76788.25861629094"
"2024-11-10 08:00:00","61894742","94989115","-33094373","76898.79349407139"
"2024-11-10 09:00:00","67377804","94122333","-26744529","76728.50030799299"
"2024-11-10 10:00:00","83989463","91588042","-7598579","77253.68013455633"
"2024-11-10 11:00:00","62921025","95748358","-32827333","77283.5542090929"
"2024-11-10 12:00:00","67715634","101231173","-33515539","78971.68131705327"
"2024-11-10 13:00:00","37651818","79053666","-41401848","79069.33109108779"
"2024-11-10 14:00:00","47949273","67875607","-19926334","78844.68307527617"
"2024-11-10 15:00:00","51938063","58903428","-6965365","78854.97941581615"
"2024-11-10 16:00:00","77086738","59600703","17486035","79070.38589859697"
"2024-11-10 17:00:00","83099181","81875875","1223306","79423.71794105397"
"2024-11-10 18:00:00","82663065","147709105","-65046040","79564.30785695741"
"2024-11-10 19:00:00","76217593","145673394","-69455801","79970.23669819406"
"2024-11-10 20:00:00","75080919","83153760","-8072841","79637.2897672414"
"2024-11-10 21:00:00","73234203","83359313","-10125110","79779.89572018449"
"2024-11-10 22:00:00","79337817","89600023","-10262206","79497.63683885807"
"2024-11-10 23:00:00","57599956","85083233","-27483277","79676.03260487888"
"2024-11-11 00:00:00","63152948","97340783","-34187835","79783.14947585527"
"2024-11-11 01:00:00","64727233","99070084","-34342851","80544.63841645358"
"2024-11-11 02:00:00","49098922","83536235","-34437313","80787.20875379068"
"2024-11-11 03:00:00","58145565","71149306","-13003741","79970.4428413673"
"2024-11-11 04:00:00","62361205","54387182","7974023","79021.54881939542"
"2024-11-11 05:00:00","59647751","43390300","16257451","79627.2491584054"
"2024-11-11 06:00:00","57205294","53184041","4021253","80470.53183295744"
"2024-11-11 07:00:00","57842715","49471102","8371613","80319.52636667037"
"2024-11-11 08:00:00","56408803","51270892","5137911","80567.82862807119"
"2024-11-11 09:00:00","54094073","63001580","-8907507","81103.61604059993"
"2024-11-11 10:00:00","55213194","83482851","-28269657","81337.46144083461"
"2024-11-11 11:00:00","54432260","95913926","-41481666","81720.23619929166"
"2024-11-11 12:00:00","38174630","45555671","-7381041","81499.5632415105"
"2024-11-11 13:00:00","62256658","81569252","-19312594","80631.9389899906"
"2024-11-11 14:00:00","68346866","54673625","13673241","81101.17552888989"
"2024-11-11 15:00:00","61879270","65344348","-3465078","81133.9463556437"
"2024-11-11 16:00:00","54129724","83725076","-29595352","81364.11634232714"
"2024-11-11 17:00:00","56433418","76952606","-20519188","81655.86647499196"
"2024-11-11 18:00:00","62933016","86761039","-23828023","82099.68214841471"
"2024-11-11 19:00:00","61944004","72795066","-10851062","82192.88852406114"
"2024-11-11 20:00:00","57646375","84606403","-26960028","82295.2569135162"
"2024-11-11 21:00:00","65854469","79971148","-14116679","81928.76431999629"
"2024-11-11 22:00:00","64851518","77613252","-12761734","82500.33490726507"
"2024-11-11 23:00:00","56622153","101143537","-44521384","83893.239279676"
"2024-11-12 00:00:00","52052831","90406585","-38353754","84044.43933369045"
"2024-11-12 01:00:00","54387732","110276011","-55888279","84676.23516187652"
"2024-11-12 02:00:00","56140247","112550937","-56410690","85562.9471744236"
"2024-11-12 03:00:00","49003584","65044085","-16040501","86244.10269402183"
"2024-11-12 04:00:00","91136455","82017367","9119088","86909.24185093438"
"2024-11-12 05:00:00","41012707","62525370","-21512663","87811.74065319041"
"2024-11-12 06:00:00","46685062","73408901","-26723839","87485.66007596099"
"2024-11-12 07:00:00","38192364","82701446","-44509082","88582.53333678328"
"2024-11-12 08:00:00","45238145","58950708","-13712563","88446.5234915016"
"2024-11-12 09:00:00","37195830","75834198","-38638368","88700.91697092792"
"2024-11-12 10:00:00","41874982","70867604","-28992622","87697.6808149874"
"2024-11-12 11:00:00","46533427","51472466","-4939039","88029.70572243787"
"2024-11-12 12:00:00","39765309","58842361","-19077052","88698.18071731961"
"2024-11-12 13:00:00","52836219","70192179","-17355960","88461.67869368636"
"2024-11-12 14:00:00","53986675","75421344","-21434669","89739.65083350612"
"2024-11-12 15:00:00","49554290","131292488","-81738198","89195.55768464168"
"2024-11-12 16:00:00","56067367","55097739","969628","89074.77284565735"
"2024-11-12 17:00:00","48482472","133244801","-84762329","88038.98100446918"
"2024-11-12 18:00:00","65804009","48750631","17053378","86672.24419108458"
"2024-11-12 19:00:00","39840235","46127686","-6287451","87460.09757139426"
"2024-11-12 20:00:00","56265228","59212832","-2947604","86523.5743811406"
"2024-11-12 21:00:00","48922343","44595182","4327161","86300.60782763295"
"2024-11-12 22:00:00","42981690","54449833","-11468143","86944.20257508253"
"2024-11-12 23:00:00","49655536","62419267","-12763731","86662.74716280088"
"2024-11-13 00:00:00","59177480","53347792","5829688","87153.62640045807"
"2024-11-13 01:00:00","54367562","54348737","18825","87513.42350331959"
"2024-11-13 02:00:00","58631931","50428105","8203826","88859.34077882685"
"2024-11-13 03:00:00","53133960","76864990","-23731030","88976.33512879538"
"2024-11-13 04:00:00","56775381","62509883","-5734502","89792.97656439689"
"2024-11-13 05:00:00","45521589","140215295","-94693706","88471.70623833955"
"2024-11-13 06:00:00","59092332","53987013","5105319","88683.5187843282"
"2024-11-13 07:00:00","43287179","60501694","-17214515","88068.44592756986"
"2024-11-13 08:00:00","50389715","46629722","3759993","88162.68371107578"
"2024-11-13 09:00:00","58439551","68057870","-9618319","88302.113716635"
"2024-11-13 10:00:00","51361126","67149226","-15788100","87859.02957503058"
"2024-11-13 11:00:00","63735668","69471157","-5735489","87423.00520541938"
"2024-11-13 12:00:00","65534881","49401632","16133249","86923.98722852148"
"2024-11-13 13:00:00","47436285","53318869","-5882584","87117.10395805744"
"2024-11-13 14:00:00","71262409","58905328","12357081","86630.92664083693"
"2024-11-13 15:00:00","73405496","59503110","13902386","87450.04341878441"
"2024-11-13 16:00:00","48871331","59032028","-10160697","87272.7309389918"
"2024-11-13 17:00:00","60510815","62556066","-2045251","87543.68955599493"
"2024-11-13 18:00:00","57945935","61616704","-3670769","87565.05676903916"
"2024-11-13 19:00:00","55954821","64611947","-8657126","87805.43469606547"
"2024-11-13 20:00:00","59771104","70919980","-11148876","87921.50292124705"
"2024-11-13 21:00:00","62944863","75264584","-12319721","89220.60499531249"
"2024-11-13 22:00:00","50214586","146799452","-96584866","91276.978736268"
"2024-11-13 23:00:00","55590433","87356508","-31766075","92461.78406848987"
"2024-11-14 00:00:00","48513982","96604486","-48090504","92468.67802979866"
"2024-11-14 01:00:00","62042965","73008862","-10965897","92250.64879810203"
"2024-11-14 02:00:00","53004503","71358938","-18354435","92948.04317480777"
"2024-11-14 03:00:00","50954121","70764312","-19810191","90595.97091435052"
"2024-11-14 04:00:00","76502569","49570065","26932504","89999.92425210282"
"2024-11-14 05:00:00","62231738","49019536","13212202","88966.15008134213"
"2024-11-14 06:00:00","61722699","57420633","4302066","89795.31647485432"
"2024-11-14 07:00:00","47194253","55670063","-8475810","90550.03355034538"
"2024-11-14 08:00:00","47833018","48735564","-902546","90221.35314167729"
"2024-11-14 09:00:00","55896477","60184459","-4287982","90391.53757751793"
"2024-11-14 10:00:00","52064520","62846228","-10781708","89993.3384383971"
"2024-11-14 11:00:00","61834033","72554371","-10720338","90024.00253982547"
"2024-11-14 12:00:00","63840059","77014127","-13174068","89880.04898984618"
"2024-11-14 13:00:00","59797010","66563384","-6766374","89927.92495289215"
"2024-11-14 14:00:00","63926074","64381125","-455051","89713.86999226407"
"2024-11-14 15:00:00","63889372","52938273","10951099","90703.84986811024"
"2024-11-14 16:00:00","50599713","63016827","-12417114","90644.90584323612"
"2024-11-14 17:00:00","61963370","60339718","1623652","90759.24236044277"
"2024-11-14 18:00:00","58759874","64864564","-6104690","91220.06893599391"
"2024-11-14 19:00:00","57467272","58204128","-736856","91547.89063054422"
"2024-11-14 20:00:00","50003201","70476484","-20473283","91269.94611725394"
"2024-11-14 21:00:00","81993491","75859377","6134114","90864.60003874327"
"2024-11-14 22:00:00","59156304","63375199","-4218895","89214.3699541419"
"2024-11-14 23:00:00","63070416","42594864","20475552","88152.13542997239"
"2024-11-15 00:00:00","56126615","49774102","6352513","89022.02335775537"
"2024-11-15 01:00:00","50734491","66476677","-15742186","89298.17117499937"
"2024-11-15 02:00:00","54729392","62475733","-7746341","89118.61234473457"
"2024-11-15 03:00:00","58361466","61497110","-3135644","89403.44226181334"
"2024-11-15 04:00:00","49454829","59752389","-10297560","87918.46671014199"
"2024-11-15 05:00:00","77550076","46156315","31393761","88222.12562999492"
"2024-11-15 06:00:00","53098138","53184575","-86437","87940.5580120338"
"2024-11-15 07:00:00","65035464","44291657","20743807","87222.15230397915"
"2024-11-15 08:00:00","67002016","48168093","18833923","87977.55446500349"
"2024-11-15 09:00:00","63195852","56532344","6663508","88067.5868825344"
"2024-11-15 10:00:00","62019748","60454029","1565719","88349.64683540401"
"2024-11-15 11:00:00","61745944","65318221","-3572277","88342.06704932709"
"2024-11-15 12:00:00","62026886","73541733","-11514847","87380.35491187751"
"2024-11-15 13:00:00","75809864","57853825","17956039","87759.34151625901"
"2024-11-15 14:00:00","68339785","70089514","-1749729","88040.55219738798"
"2024-11-15 15:00:00","59649268","57539209","2110059","87761.1057328094"
"2024-11-15 16:00:00","73501931","53981110","19520821","88115.46674781329"
"2024-11-15 17:00:00","60101698","64837773","-4736075","89190.04650169623"
"2024-11-15 18:00:00","59731976","74898126","-15166150","89284.07722425093"
"2024-11-15 19:00:00","60126032","81644249","-21518217","89595.61421525244"
"2024-11-15 20:00:00","57381943","80408361","-23026418","89833.2331413785"
"2024-11-15 21:00:00","61424895","60665727","759168","90229.33141132479"
"2024-11-15 22:00:00","58336431","78649897","-20313466","89435.04186064687"
"2024-11-15 23:00:00","51155622","44873610","6282012","88325.465373767"
"2024-11-16 00:00:00","54634808","51795763","2839045","89342.03983818996"
"2024-11-16 01:00:00","55510895","68988508","-13477613","89679.12632962523"
"2024-11-16 02:00:00","60133990","66705854","-6571864","89337.91889477815"
"2024-11-16 03:00:00","60159086","64290999","-4131913","90306.57968729577"
"2024-11-16 04:00:00","56241164","84373060","-28131896","91276.74121459716"
"2024-11-16 05:00:00","53197184","103644203","-50447019","91750.08086272674"
"2024-11-16 06:00:00","55030136","92738207","-37708071","91347.39381363265"
"2024-11-16 07:00:00","57912466","83482109","-25569643","91104.8128940597"
"2024-11-16 08:00:00","54036575","56300092","-2263517","91088.68632745219"
"2024-11-16 09:00:00","58055770","61168800","-3113030","91346.097972598"
"2024-11-16 10:00:00","62976070","86816012","-23839942","91519.69302165856"
"2024-11-16 11:00:00","59859700","89693345","-29833645","91289.69063984398"
"2024-11-16 12:00:00","60387758","89265038","-28877280","91325.95596239656"
"2024-11-16 13:00:00","65946022","89574453","-23628431","91430.00456377227"
"2024-11-16 14:00:00","67471677","84122648","-16650971","91292.07471852668"
"2024-11-16 15:00:00","70321449","85841768","-15520319","91224.4157465317"
"2024-11-16 16:00:00","69463747","84341075","-14877328","91426.79494803287"
"2024-11-16 17:00:00","67000182","87311665","-20311483","91385.22270440431"
"2024-11-16 18:00:00","67851586","82703009","-14851423","91505.19416381893"
"2024-11-16 19:00:00","77267639","95814243","-18546604","91166.18767677956"
"2024-11-16 20:00:00","74314087","70164979","4149108","90969.59228015704"
"2024-11-16 21:00:00","78864491","68923674","9940817","90803.88019183"
"2024-11-16 22:00:00","74671259","70720189","3951070","91067.43847282969"
"2024-11-16 23:00:00","73574466","70420335","3154131","90428.9008061055"
"2024-11-17 00:00:00","72308047","62011395","10296652","90686.85341686354"
"2024-11-17 01:00:00","74221642","68371989","5849653","90991.47336367951"
"2024-11-17 02:00:00","76253817","79804421","-3550604","91294.53794457493"
"2024-11-17 03:00:00","63722288","80355301","-16633013","91090.72407014454"
"2024-11-17 04:00:00","71304284","72680226","-1375942","90803.63041534706"
"2024-11-17 05:00:00","94427951","69621986","24805965","91085.57163804064"
"2024-11-17 06:00:00","76781859","76800021","-18162","90658.95281427413"
"2024-11-17 07:00:00","76560810","46144274","30416536","90648.35951275528"
"2024-11-17 08:00:00","85470945","59848050","25622895","90950.08533805517"
"2024-11-17 09:00:00","87116357","71562298","15554059","90381.84828939459"
"2024-11-17 10:00:00","79696715","56550592","23146123","90228.81227771853"
"2024-11-17 11:00:00","61525365","60872651","652714","90414.60855983873"
"2024-11-17 12:00:00","62997919","60054900","2943019","90671.60763136685"
"2024-11-17 13:00:00","49464938","59244266","-9779328","90641.09863429479"
"2024-11-17 14:00:00","63141395","69245252","-6103857","90741.77937722253"
"2024-11-17 15:00:00","62690220","70133069","-7442849","90622.89358749407"
"2024-11-17 16:00:00","60252584","70106912","-9854328","91074.97210960656"
"2024-11-17 17:00:00","60692412","92613016","-31920604","91306.96558120009"
"2024-11-17 18:00:00","63495844","87675702","-24179858","91145.64094207287"
"2024-11-17 19:00:00","68349454","81898832","-13549378","90830.1321110898"
"2024-11-17 20:00:00","73716679","84395297","-10678618","91094.53683714247"
"2024-11-17 21:00:00","63657199","86516614","-22859415","90574.87299729139"
"2024-11-17 22:00:00","67417385","61402406","6014979","90359.76205874947"
"2024-11-17 23:00:00","69635101","57178310","12456791","90418.498007235"
"2024-11-18 00:00:00","67884539","51614453","16270086","90539.30373233762"
"2024-11-18 01:00:00","69647261","69894364","-247103","90639.73307267614"
"2024-11-18 02:00:00","64576263","69870729","-5294466","90087.55568187554"
"2024-11-18 03:00:00","72998757","53738765","19259992","90175.91913978934"
"2024-11-18 04:00:00","69634042","54310746","15323296","89730.40889634543"
"2024-11-18 05:00:00","85233215","66079075","19154140","89333.01873063439"
"2024-11-18 06:00:00","82630679","63212898","19417781","89636.67680735819"
"2024-11-18 07:00:00","53223306","54640460","-1417154","89894.63469412846"
"2024-11-18 08:00:00","45677241","48064875","-2387634","90033.94705212669"
"2024-11-18 09:00:00","59460912","60453396","-992484","90879.11394199969"
"2024-11-18 10:00:00","58927312","82491474","-23564162","90631.62092506251"
"2024-11-18 11:00:00","63702916","78721387","-15018471","90666.07350756589"
"2024-11-18 12:00:00","62555989","83535778","-20979789","90555.93317607086"
"2024-11-18 13:00:00","60759880","74972385","-14212505","90632.8082091782"
"2024-11-18 14:00:00","65252290","79397997","-14145707","91587.09882283345"
"2024-11-18 15:00:00","52890375","69869925","-16979550","91759.80407265716"
"2024-11-18 16:00:00","54479195","70389746","-15910551","91815.0040699433"
"2024-11-18 17:00:00","59928454","74269593","-14341139","91730.06673433185"
"2024-11-18 18:00:00","60909413","75286598","-14377185","91895.78016973396"
"2024-11-18 19:00:00","61041943","81812891","-20770948","90253.4322910843"
"2024-11-18 20:00:00","66206336","50035649","16170687","90575.09341842512"
"2024-11-18 21:00:00","54970685","48770369","6200316","89430.9341300798"
"2024-11-18 22:00:00","74599929","45673346","28926583","90292.2096343325"
"2024-11-18 23:00:00","56205662","63420966","-7215304","92269.3866873824"
"2024-11-19 00:00:00","40875401","95908463","-55033062","91747.13699541967"
"2024-11-19 01:00:00","55415137","56737120","-1321983","91602.33022382658"
"2024-11-19 02:00:00","51514404","64525684","-13011280","90516.8411169552"
"2024-11-19 03:00:00","67500866","54381033","13119833","90627.2971954707"
"2024-11-19 04:00:00","55810999","52544276","3266723","91440.26240295118"
"2024-11-19 05:00:00","49408210","66904943","-17496733","91392.26767345532"
"2024-11-19 06:00:00","62398734","71231445","-8832711","91344.40309540564"
"2024-11-19 07:00:00","48243004","65019388","-16776384","90552.05528422064"
"2024-11-19 08:00:00","66439546","47431173","19008373","91049.4337630085"
"2024-11-19 09:00:00","59714912","59375204","339708","90820.79544516432"
"2024-11-19 10:00:00","65292940","66255341","-962401","91279.58685876103"
"2024-11-19 11:00:00","59391901","69054187","-9662286","91478.44448527409"
"2024-11-19 12:00:00","57820882","82530011","-24709129","91513.89800362752"
"2024-11-19 13:00:00","64170516","83560026","-19389510","91812.52656002957"
"2024-11-19 14:00:00","53827933","90777916","-36949983","92067.83041225684"
"2024-11-19 15:00:00","52287164","93849083","-41561919","91819.70128107011"
"2024-11-19 16:00:00","52443270","79640690","-27197420","91720.23691258927"
"2024-11-19 17:00:00","55777861","77261616","-21483755","91730.05005735342"
"2024-11-19 18:00:00","60862678","82685114","-21822436","91784.0869230262"
"2024-11-19 19:00:00","63125549","86212542","-23086993","91723.40586921001"
"2024-11-19 20:00:00","60993558","87889539","-26895981","92456.39547044251"
"2024-11-19 21:00:00","55526056","88243795","-32717739","91454.04300900841"
"2024-11-19 22:00:00","71792740","47239137","24553603","91923.21665686044"
"2024-11-19 23:00:00","54063522","62352861","-8289339","92445.48317955235"
"2024-11-20 00:00:00","50605953","105464286","-54858333","92623.50135461475"
"2024-11-20 01:00:00","56947804","109037261","-52089457","92779.98354053272"
"2024-11-20 02:00:00","55592319","75304821","-19712502","93772.69660900078"
"2024-11-20 03:00:00","57476589","99692410","-42215821","93432.0239119924"
"2024-11-20 04:00:00","62031863","88879840","-26847977","92610.54605272366"
"2024-11-20 05:00:00","61633922","57903334","3730588","92298.48949182162"
"2024-11-20 06:00:00","66921526","54771964","12149562","91868.17730879391"
"2024-11-20 07:00:00","71510445","49530434","21980011","92309.40589050778"
"2024-11-20 08:00:00","57491047","54828573","2662474","92273.35088866786"
"2024-11-20 09:00:00","69060110","61382852","7677258","92014.85055608701"
"2024-11-20 10:00:00","80539392","65759394","14779998","91948.87330120403"
"2024-11-20 11:00:00","88378921","64044430","24334491","92101.49409279684"
"2024-11-20 12:00:00","86296547","74382514","11914033","92268.1972841928"
"2024-11-20 13:00:00","81915431","65769558","16145873","92513.8252498285"
"2024-11-20 14:00:00","69153617","72132278","-2978661","92499.37820134271"
"2024-11-20 15:00:00","72988490","69784531","3203959","92892.10532707503"
"2024-11-20 16:00:00","61689121","75593453","-13904332","93305.35370457124"
"2024-11-20 17:00:00","65205912","86857287","-21651375","93188.20143778756"
"2024-11-20 18:00:00","62199136","91486476","-29287340","93463.4112721351"
"2024-11-20 19:00:00","61111372","101763236","-40651864","93476.2962516056"
"2024-11-20 20:00:00","68876745","107893638","-39016893","93776.31817840032"
"2024-11-20 21:00:00","65862423","105212669","-39350246","94458.94871284274"
"2024-11-20 22:00:00","59288723","136808764","-77520041","94731.4335974996"
"2024-11-20 23:00:00","59510210","139505845","-79995635","94812.58726276502"
"2024-11-21 00:00:00","63653882","142281163","-78627281","93956.44137569724"
"2024-11-21 01:00:00","66239225","86895782","-20656557","94303.12871875441"
"2024-11-21 02:00:00","55320983","78381290","-23060307","93727.09282462171"
"2024-11-21 03:00:00","71299523","67293197","4006326","93935.00236124717"
"2024-11-21 04:00:00","65090013","84319920","-19229907","94359.26886197917"
"2024-11-21 05:00:00","59380851","142677970","-83297119","94477.00915549263"
"2024-11-21 06:00:00","67212480","145489772","-78277292","94276.84600591667"
"2024-11-21 07:00:00","62500630","97305719","-34805089","94272.59890472039"
"2024-11-21 08:00:00","60878034","96361651","-35483617","94844.7778506795"
"2024-11-21 09:00:00","60199185","139790330","-79591145","94778.55243288989"
"2024-11-21 10:00:00","64392582","147992914","-83600332","94397.97564989881"
"2024-11-21 11:00:00","74654318","123560650","-48906332","95847.48908309067"
"2024-11-21 12:00:00","84180692","97195677","-13014985","97221.01216923262"
"2024-11-21 13:00:00","44851814","104007736","-59155922","97067.34822725401"
"2024-11-21 14:00:00","51546124","94313632","-42767508","97121.63980056757"
"2024-11-21 15:00:00","58087641","75595192","-17507551","97074.11878359022"
"2024-11-21 16:00:00","60538119","78186305","-17648186","97112.68105484002"
"2024-11-21 17:00:00","66047646","83252294","-17204648","97565.86704155689"
"2024-11-21 18:00:00","67260626","110623821","-43363195","97637.66763294084"
"2024-11-21 19:00:00","69520270","107461126","-37940856","97861.52379338467"
"2024-11-21 20:00:00","57613948","99804602","-42190654","97664.18032548815"
"2024-11-21 21:00:00","66760818","58208795","8552023","97526.71255947735"
"2024-11-21 22:00:00","76129312","80832915","-4703603","97362.80747471748"
"2024-11-21 23:00:00","60995096","74786205","-13791109","96698.1937452394"
"2024-11-22 00:00:00","58214911","62955591","-4740680","97199.75906441057"
"2024-11-22 01:00:00","56116029","80972938","-24856909","97763.64941018607"
"2024-11-22 02:00:00","34371024","97143700","-62772676","98236.13835654604"
"2024-11-22 03:00:00","53380975","143081323","-89700348","97945.04930045575"
"2024-11-22 04:00:00","56364110","64724743","-8360633","98120.24264793229"
"2024-11-22 05:00:00","53644987","108468726","-54823739","97886.02933374811"
"2024-11-22 06:00:00","62741363","86942742","-24201379","98348.52457007204"
"2024-11-22 07:00:00","57143611","105130010","-47986399","98429.27976966038"
"2024-11-22 08:00:00","58904398","115357909","-56453511","98122.98364171124"
"2024-11-22 09:00:00","62131159","84884787","-22753628","98073.65848256601"
"2024-11-22 10:00:00","59624229","86995009","-27370780","98582.32582085293"
"2024-11-22 11:00:00","59756949","132752574","-72995625","98790.9339684721"
"2024-11-22 12:00:00","57122667","149146893","-92024226","98859.39647209964"
"2024-11-22 13:00:00","65102804","159451326","-94348522","98906.3296782578"
"2024-11-22 14:00:00","71770537","155272285","-83501748","98953.53580845115"
"2024-11-22 15:00:00","63130624","163160981","-100030357","99253.18382288697"
"2024-11-22 16:00:00","57981255","235030495","-177049240","98880.6537968175"
"2024-11-22 17:00:00","63127157","138838505","-75711348","98684.10973590193"
"2024-11-22 18:00:00","65358149","95652080","-30293931","98360.87880828114"
"2024-11-22 19:00:00","72154063","78863889","-6709826","98876.60329035955"
"2024-11-22 20:00:00","66088742","148823941","-82735199","98748.69316853119"
"2024-11-22 21:00:00","66380213","103683470","-37303257","97674.6448788387"
"2024-11-22 22:00:00","73541939","61742743","11799196","97419.78457147955"
"2024-11-22 23:00:00","75595748","57555150","18040598","98842.66932819087"
"2024-11-23 00:00:00","51856419","96204356","-44347937","98948.87597550894"
"2024-11-23 01:00:00","52452301","144140499","-91688198","99027.13194294731"
"2024-11-23 02:00:00","56674821","155336238","-98661417","99112.96008538877"
"2024-11-23 03:00:00","54143242","179253216","-125109974","99379.01968726865"
"2024-11-23 04:00:00","66800716","214868521","-148067805","99163.017317973"
"2024-11-23 05:00:00","59211972","207123766","-147911794","99068.71137229906"
"2024-11-23 06:00:00","64680651","190812240","-126131589","98808.91874995852"
"2024-11-23 07:00:00","71284168","79452654","-8168486","98941.24201221879"
"2024-11-23 08:00:00","64485646","114770976","-50285330","98659.86346803507"
"2024-11-23 09:00:00","73991310","83509538","-9518228","98588.88401866386"
"2024-11-23 10:00:00","73828121","72897768","930353","98492.023780726"
"2024-11-23 11:00:00","83720446","65782925","17937521","98684.12013563073"
"2024-11-23 12:00:00","75537158","96235656","-20698498","98521.61667056584"
"2024-11-23 13:00:00","79056525","83035341","-3978816","98803.69479973236"
"2024-11-23 14:00:00","87502111","100531546","-13029435","98839.19688961137"
"2024-11-23 15:00:00","81132886","94198331","-13065445","98525.4689312416"
"2024-11-23 16:00:00","79884468","72719348","7165120","98418.36725677906"
"2024-11-23 17:00:00","75806911","83271941","-7465030","98492.19114292962"
"2024-11-23 18:00:00","79625381","83465472","-3840091","98492.78669626836"
"2024-11-23 19:00:00","74505704","82528617","-8022913","98489.60362033521"
"2024-11-23 20:00:00","82615760","88993623","-6377863","98653.63294123772"
"2024-11-23 21:00:00","83038175","108586040","-25547865","98718.60112949797"
"2024-11-23 22:00:00","83495288","104805980","-21310692","98726.9509643603"
"2024-11-23 23:00:00","86978555","120098100","-33119545","98586.97027471467"
"2024-11-24 00:00:00","86386306","88770843","-2384537","97702.39054489616"
"2024-11-24 01:00:00","75803054","68283601","7519453","97919.26230098383"
"2024-11-24 02:00:00","60797475","72228457","-11430982","97807.32596012975"
"2024-11-24 03:00:00","76024421","69000078","7024343","97470.47401490438"
"2024-11-24 04:00:00","78800662","67053558","11747104","97660.61327343078"
"2024-11-24 05:00:00","74550299","63062474","11487825","97907.49673902722"
"2024-11-24 06:00:00","65336439","70650069","-5313630","97635.49070463306"
"2024-11-24 07:00:00","59846287","57364442","2481845","97639.86768771651"
"2024-11-24 08:00:00","62564306","65412333","-2848027","97844.95296995749"
"2024-11-24 09:00:00","63065906","70086563","-7020657","98160.96552357254"
"2024-11-24 10:00:00","61009211","78469843","-17460632","98329.29681990287"
"2024-11-24 11:00:00","58624859","89454979","-30830120","98103.86089065984"
"2024-11-24 12:00:00","64927706","81846568","-16918862","98046.57058610242"
"2024-11-24 13:00:00","71454894","87635443","-16180549","98048.48844866506"
"2024-11-24 14:00:00","68588495","89242986","-20654491","98245.06530123332"
"2024-11-24 15:00:00","79751262","87820305","-8069043","98165.62807510972"
"2024-11-24 16:00:00","69190428","107229130","-38038702","97950.30919295929"
"2024-11-24 17:00:00","84488226","84535819","-47593","97799.30670167213"
"2024-11-24 18:00:00","72004683","99232954","-27228271","97517.73957515057"
"2024-11-24 19:00:00","83192000","80780509","2411491","97135.14297397534"
"2024-11-24 20:00:00","77831437","68737225","9094212","96424.34920905568"
"2024-11-24 21:00:00","74515480","58004161","16511319","97002.24299724761"
"2024-11-24 22:00:00","76143351","75440081","703270","96719.8279396646"
"2024-11-24 23:00:00","69020140","72647141","-3627001","95667.52118974118"
"2024-11-25 00:00:00","67827256","52320696","15506560","96083.33232189242"
"2024-11-25 01:00:00","63427227","59072949","4354278","95596.86150917129"
"2024-11-25 02:00:00","73455846","59766095","13689751","96192.0049136847"
"2024-11-25 03:00:00","64482847","69099951","-4617104","96107.94346231411"
"2024-11-25 04:00:00","71056123","68798316","2257807","96610.00855758222"
"2024-11-25 05:00:00","64908091","75394244","-10486153","96793.74839844221"
"2024-11-25 06:00:00","59348129","78875039","-19526910","97764.54951675283"
"2024-11-25 07:00:00","48043891","85507683","-37463792","97555.41375004852"
"2024-11-25 08:00:00","56233388","78657805","-22424417","97937.81838933329"
"2024-11-25 09:00:00","60280282","89989768","-29709486","97351.80539939506"
"2024-11-25 10:00:00","65118891","59346743","5772148","97539.69593102387"
"2024-11-25 11:00:00","63449702","66704899","-3255197","97906.52153672722"
"2024-11-25 12:00:00","61643008","96480260","-34837252","97805.66960893234"
"2024-11-25 13:00:00","79077012","91673781","-12596769","98145.38836689282"
"2024-11-25 14:00:00","75079060","89379751","-14300691","98213.3117826463"
"2024-11-25 15:00:00","71614924","91249485","-19634561","98079.03396900186"
"2024-11-25 16:00:00","57323058","82460924","-25137866","98309.712272324"
"2024-11-25 17:00:00","58955965","84647930","-25691965","98581.7513053637"
"2024-11-25 18:00:00","52039173","104630281","-52591108","98391.72164457967"
"2024-11-25 19:00:00","60215910","97361364","-37145454","98251.10856994746"
"2024-11-25 20:00:00","63394571","87836585","-24442014","97942.18754981992"
"2024-11-25 21:00:00","62290669","64054851","-1764182","97524.79257575708"
"2024-11-25 22:00:00","64900277","71498840","-6598563","96409.51461114516"
"2024-11-25 23:00:00","70262488","37032250","33230238","96253.2402248522"
"2024-11-26 00:00:00","49357194","50762117","-1404923","95949.88968638492"
"2024-11-26 01:00:00","66675154","63945665","2729489","95193.15291186029"
"2024-11-26 02:00:00","70044285","55745990","14298295","95004.08749783387"
"2024-11-26 03:00:00","72675657","56574317","16101340","94765.15319303198"
"2024-11-26 04:00:00","77610237","56637916","20972321","94787.65241020761"
"2024-11-26 05:00:00","68054584","55342759","12711825","94007.72498907537"
"2024-11-26 06:00:00","69812490","57092250","12720240","93899.8012732102"
"2024-11-26 07:00:00","34262182","38312128","-4049946","93048.57112256014"
"2024-11-26 08:00:00","62877671","41931155","20946516","93993.63793979588"
"2024-11-26 09:00:00","57437078","62073557","-4636479","94809.27572725392"
"2024-11-26 10:00:00","54734232","64966487","-10232255","94583.75083756163"
"2024-11-26 11:00:00","58869335","68649867","-9780532","94590.6708275044"
"2024-11-26 12:00:00","67924838","65067215","2857623","94412.04476077581"
"2024-11-26 13:00:00","65950528","63264177","2686351","94611.13475698188"
"2024-11-26 14:00:00","67074230","64182807","2891423","94636.55448303356"
"2024-11-26 15:00:00","64673771","67036841","-2363070","93746.21694903032"
"2024-11-26 16:00:00","54281620","63940126","-9658506","92861.38276771535"
"2024-11-26 17:00:00","58263729","59544400","-1280671","93370.75690638815"
"2024-11-26 18:00:00","59012711","63249705","-4236994","92361.79588875706"
"2024-11-26 19:00:00","82757436","54498501","28258935","92234.03859023373"
"2024-11-26 20:00:00","51714410","58286420","-6572010","91973.63944550212"
"2024-11-26 21:00:00","57026195","55303099","1723096","92252.09452826924"
"2024-11-26 22:00:00","52238630","52594144","-355514","93373.05187823501"
"2024-11-26 23:00:00","46350771","49280506","-2929735","93099.85366686953"
"2024-11-27 00:00:00","49924186","47031411","2892775","94296.66043791648"
"2024-11-27 01:00:00","48742095","65528444","-16786349","93569.62514659492"
"2024-11-27 02:00:00","50959221","57233843","-6274622","92641.14734749658"
"2024-11-27 03:00:00","49892516","40339422","9553094","91940.6121955765"
"2024-11-27 04:00:00","70256471","47636809","22619662","91294.54481993623"
"2024-11-27 05:00:00","73428540","44657339","28771201","91680.45612702241"
"2024-11-27 06:00:00","55330183","61633644","-6303461","91931.55899060026"
"2024-11-27 07:00:00","47056836","47732313","-675477","91988.75143530351"
"2024-11-27 08:00:00","47221365","48682764","-1461399","91851.59096577592"
"2024-11-27 09:00:00","54586869","55218500","-631631","92703.14630418742"
"2024-11-27 10:00:00","59461010","59899265","-438255","92796.49387550054"
"2024-11-27 11:00:00","63314631","67786374","-4471743","92640.3095630726"
"2024-11-27 12:00:00","69670027","66774906","2895121","92583.64053741112"
"2024-11-27 13:00:00","63743653","62522748","1220905","92718.77953062484"
"2024-11-27 14:00:00","70126973","62314488","7812485","93096.91253099534"
"2024-11-27 15:00:00","64374385","66763087","-2388702","93580.34120869692"
"2024-11-27 16:00:00","66125847","76050391","-9924544","93425.89649597724"
"2024-11-27 17:00:00","60645244","70411277","-9766033","93283.76824803006"
"2024-11-27 18:00:00","65034413","67824300","-2789887","93798.31199216239"
"2024-11-27 19:00:00","59817345","87006919","-27189574","93417.47980139076"
"2024-11-27 20:00:00","62451164","66917181","-4466017","93284.76632567766"
"2024-11-27 21:00:00","63515680","72814754","-9299074","94028.85906432512"
"2024-11-27 22:00:00","52726217","77926978","-25200761","94780.916762686"
"2024-11-27 23:00:00","56771282","73698567","-16927285","95764.56647420755"
"2024-11-28 00:00:00","70489101","65270216","5218885","95721.07151827814"
"2024-11-28 01:00:00","62648968","63557278","-908310","96257.31866459595"
"2024-11-28 02:00:00","61669252","78953035","-17283783","96245.7029369717"
"2024-11-28 03:00:00","63664167","81045827","-17381660","96599.42578912237"
"2024-11-28 04:00:00","55716690","83386980","-27670290","96552.70603738651"
"2024-11-28 05:00:00","56213275","66103526","-9890251","96272.64001477876"
"2024-11-28 06:00:00","65405894","61967889","3438005","96220.73522228764"
"2024-11-28 07:00:00","57841340","56617580","1223760","95933.90169944367"
"2024-11-28 08:00:00","60968951","63898728","-2929777","96441.61591241039"
"2024-11-28 09:00:00","61332487","87067861","-25735374","96201.0675500069"
"2024-11-28 10:00:00","68231861","69851440","-1619579","96130.76214880425"
"2024-11-28 11:00:00","66339280","61806003","4533277","95613.79693793482"
"2024-11-28 12:00:00","69156160","59887700","9268460","95798.21076984603"
"2024-11-28 13:00:00","59888758","56630269","3258489","95486.40801343587"
"2024-11-28 14:00:00","70394098","62873562","7520536","95563.81400819671"
"2024-11-28 15:00:00","66646820","63981370","2665450","95415.8314625029"
"2024-11-28 16:00:00","55135990","42851611","12284379","95429.49864300272"
"2024-11-28 17:00:00","70231119","65879900","4351219","95190.96528527119"
"2024-11-28 18:00:00","60898818","66976453","-6077635","94966.67280000285"
"2024-11-28 19:00:00","64570663","67679034","-3108371","95613.29945331285"
"2024-11-28 20:00:00","60128272","62583959","-2455687","95513.64686602248"
"2024-11-28 21:00:00","66914010","69010072","-2096062","95699.37159982334"
"2024-11-28 22:00:00","62069398","68744777","-6675379","95436.39050481816"
"2024-11-28 23:00:00","65008259","58422727","6585532","95149.83287034504"
"2024-11-29 00:00:00","64013908","55001394","9012514","95138.50438471056"
"2024-11-29 01:00:00","69184368","67855446","1328922","94930.27896306558"
"2024-11-29 02:00:00","58527541","58361368","166173","95305.3628396373"
"2024-11-29 03:00:00","64168110","69498756","-5330646","95114.97820434331"
"2024-11-29 04:00:00","66804032","68551356","-1747324","94821.63925082314"
"2024-11-29 05:00:00","60624219","59518352","1105867","95075.00568693558"
"2024-11-29 06:00:00","70268169","78567080","-8298911","95512.803887601"
"2024-11-29 07:00:00","46745425","50870926","-4125501","95674.38142557921"
"2024-11-29 08:00:00","55562473","62046977","-6484504","95680.76770462908"
"2024-11-29 09:00:00","63667690","68192428","-4524738","95871.14156048364"
"2024-11-29 10:00:00","53492540","66505405","-13012865","96700.85897466003"
"2024-11-29 11:00:00","55948985","73095451","-17146466","96565.12940523328"
"2024-11-29 12:00:00","60129386","74634343","-14504957","96330.39443381138"
"2024-11-29 13:00:00","59767671","79298133","-19530462","96306.7582617611"
"2024-11-29 14:00:00","61488352","77266869","-15778517","96194.36794420166"
"2024-11-29 15:00:00","58208966","79860184","-21651218","95686.02068281276"
"2024-11-29 16:00:00","57245043","60096212","-2851169","95985.93537857497"
"2024-11-29 17:00:00","88834564","64272202","24562362","96340.51018297311"
"2024-11-29 18:00:00","76420231","65570694","10849537","96838.64404022167"
"2024-11-29 19:00:00","81131597","71993410","9138187","97306.39613596372"
"2024-11-29 20:00:00","60528456","80684948","-20156492","96985.36121385593"
"2024-11-29 21:00:00","52865383","82927195","-30061812","97186.68311309413"
"2024-11-29 22:00:00","63626761","73242600","-9615839","97783.75147726444"
"2024-11-29 23:00:00","49728017","102343618","-52615601","98402.46026020966"
"2024-11-30 00:00:00","61341174","94985685","-33644511","98017.08638391353"
"2024-11-30 01:00:00","70172969","84080249","-13907280","97220.08354451826"
"2024-11-30 02:00:00","75414210","66247256","9166954","97243.02312777664"
"2024-11-30 03:00:00","74140776","63492962","10647814","97386.35460470618"
"2024-11-30 04:00:00","66208232","68168928","-1960696","97497.74781517181"
"2024-11-30 05:00:00","68590130","67229615","1360515","97413.47265784538"
"2024-11-30 06:00:00","71155528","67225362","3930166","97458.05418746023"
"2024-11-30 07:00:00","73260090","61597303","11662787","97436.1710567484"
"2024-11-30 08:00:00","69685265","59606578","10078687","96982.92194619376"
"2024-11-30 09:00:00","72560868","68923009","3637859","96585.87840322863"
"2024-11-30 10:00:00","68843791","66680363","2163428","96602.61240987272"
"2024-11-30 11:00:00","68160572","62866478","5294094","96595.60406249543"
"2024-11-30 12:00:00","72757337","64440164","8317173","96697.63653260573"
"2024-11-30 13:00:00","73172578","58243894","14928684","97071.47497336598"
"2024-11-30 14:00:00","58471728","64610327","-6138599","96726.96219364168"
"2024-11-30 15:00:00","63825276","64026340","-201064","96821.40173646955"
"2024-11-30 16:00:00","68493371","62858002","5635369","96953.13262512721"
"2024-11-30 17:00:00","69519193","65997964","3521229","96792.12865845702"
"2024-11-30 18:00:00","70288773","70594995","-306222","96222.85773856926"
"2024-11-30 19:00:00","74867802","68783588","6084214","96243.00715077961"
"2024-11-30 20:00:00","78870857","68376562","10494295","96498.83057380722"
"2024-11-30 21:00:00","81316660","63567420","17749240","96415.61121309115"
"2024-11-30 22:00:00","77801127","75887972","1913155","96371.96032288288"
"2024-11-30 23:00:00","77225730","68081036","9144694","96623.0638829949"
"2024-12-01 00:00:00","68952434","60344121","8608313","96825.82853430412"
"2024-12-01 01:00:00","79377510","65787702","13589808","96751.6635112378"
"2024-12-01 02:00:00","77394397","69027250","8367147","96822.33006207805"
"2024-12-01 03:00:00","67293369","69399024","-2105655","97051.58785971481"
"2024-12-01 04:00:00","68370362","76710152","-8339790","96965.6801780333"
"2024-12-01 05:00:00","67854497","76241958","-8387461","96871.97625362017"
"2024-12-01 06:00:00","71823101","77657323","-5834222","96417.68091238088"
"2024-12-01 07:00:00","68283111","56151454","12131657","96443.16823455614"
"2024-12-01 08:00:00","73973211","60633689","13339522","96378.47056748126"
"2024-12-01 09:00:00","78244604","64615284","13629320","96221.82901729572"
"2024-12-01 10:00:00","76311328","65419833","10891495","95829.79985040624"
"2024-12-01 11:00:00","69487820","62065355","7422465","96329.29554188414"
"2024-12-01 12:00:00","68472449","67319650","1152799","96395.54405196181"
"2024-12-01 13:00:00","64403066","67977700","-3574634","96359.61047287729"
"2024-12-01 14:00:00","67012522","66314826","697696","96372.89138923964"
"2024-12-01 15:00:00","67033426","69692670","-2659244","96439.03626408764"
"2024-12-01 16:00:00","61514534","63708001","-2193467","96938.67406307273"
"2024-12-01 17:00:00","65720245","76808538","-11088293","96920.30178132452"
"2024-12-01 18:00:00","63292137","81962671","-18670534","96724.258289728"
"2024-12-01 19:00:00","63196612","75585811","-12389199","97031.68334443428"
"2024-12-01 20:00:00","64899199","79177545","-14278346","96825.44379052203"
"2024-12-01 21:00:00","56805117","80937422","-24132305","97081.02376192878"
"2024-12-01 22:00:00","68176548","72014096","-3837548","97167.66112847111"
"2024-12-01 23:00:00","66416292","69690604","-3274312","96934.11396525902"
"2024-12-02 00:00:00","67210443","74241529","-7031086","97270.07239541825"
"2024-12-02 01:00:00","68839402","71877850","-3038448","97156.04592468672"
"2024-12-02 02:00:00","70650626","72266293","-1615667","97051.38962995687"
"2024-12-02 03:00:00","70744329","74391400","-3647071","97131.8468803988"
"2024-12-02 04:00:00","73865986","70251407","3614579","96888.77680188423"
"2024-12-02 05:00:00","68534063","74411335","-5877272","97710.29515297394"
"2024-12-02 06:00:00","58808936","85843727","-27034791","97573.98379244629"
"2024-12-02 07:00:00","52556853","71363578","-18806725","97381.66565900046"
"2024-12-02 08:00:00","60187588","79086378","-18898790","97288.95725637511"
"2024-12-02 09:00:00","63100979","90110780","-27009801","97774.78202056025"
"2024-12-02 10:00:00","67250527","103923691","-36673164","97359.89888090716"
"2024-12-02 11:00:00","61470635","84323172","-22852537","96554.42580849298"
"2024-12-02 12:00:00","70903158","60716412","10186746","96545.70076413214"
"2024-12-02 13:00:00","75178286","66612559","8565727","96369.89575611977"
"2024-12-02 14:00:00","77011087","62729761","14281326","96159.08776695283"
"2024-12-02 15:00:00","81745609","63055252","18690357","95970.10769418794"
"2024-12-02 16:00:00","71477654","62909402","8568252","95133.92358375971"
"2024-12-02 17:00:00","64124814","59793433","4331381","95364.88830699035"
"2024-12-02 18:00:00","67124993","64911799","2213194","94995.99939296649"
"2024-12-02 19:00:00","69752132","62865982","6886150","95076.57159060081"
"2024-12-02 20:00:00","66424120","63204901","3219219","95184.85047236821"
"2024-12-02 21:00:00","71784066","64692687","7091379","95603.84368229391"
"2024-12-02 22:00:00","68027075","62714531","5312544","96296.57451607336"
"2024-12-02 23:00:00","53376562","52054089","1322473","97185.9393547227"
"2024-12-03 00:00:00","52618606","79439772","-26821166","96108.2243066487"
"2024-12-03 01:00:00","70663301","60519189","10144112","95013.72059368143"
"2024-12-03 02:00:00","62560954","48630436","13930518","95566.27253182263"
"2024-12-03 03:00:00","68967518","61963273","7004245","95666.95947055848"
"2024-12-03 04:00:00","57389096","56882139","506957","95574.3231370957"
"2024-12-03 05:00:00","70409326","56080232","14329094","95481.97415387964"
"2024-12-03 06:00:00","86628283","60412686","26215597","95416.35241342719"
"2024-12-03 07:00:00","76964397","49651402","27312995","95813.52972253726"
"2024-12-03 08:00:00","49360856","54059565","-4698709","95886.50168230556"
"2024-12-03 09:00:00","63100179","63805141","-704962","95570.55484272787"
"2024-12-03 10:00:00","79399782","62508980","16890802","95964.90926434917"
"2024-12-03 11:00:00","61396504","67473997","-6077493","96092.33653423615"
"2024-12-03 12:00:00","63387189","69622705","-6235516","95990.00765982296"
"2024-12-03 13:00:00","62994828","69574028","-6579200","96119.1498828746"
"2024-12-03 14:00:00","63920160","66951471","-3031311","95733.09901559321"
"2024-12-03 15:00:00","76392319","62372819","14019500","95502.06293080401"
"2024-12-03 16:00:00","72495231","65587113","6908118","95387.80066984237"
"2024-12-03 17:00:00","83194604","68605371","14589233","95295.52882962683"
"2024-12-03 18:00:00","94684538","64862800","29821738","95106.53117129546"
"2024-12-03 19:00:00","83014886","61676587","21338299","94835.43855713386"
"2024-12-03 20:00:00","80815498","65672784","15142714","94839.87311566973"
"2024-12-03 21:00:00","86670809","59710111","26960698","93864.67199567887"
"2024-12-03 22:00:00","42863445","47108886","-4245441","95005.32438526321"
"2024-12-03 23:00:00","46191303","55103590","-8912287","95618.20811498618"
"2024-12-04 00:00:00","52178364","67662343","-15483979","95266.08361377317"
"2024-12-04 01:00:00","65378744","62368948","3009796","95752.02336214918"
"2024-12-04 02:00:00","59115969","76655057","-17539088","95468.35800965824"
"2024-12-04 03:00:00","61192646","73540567","-12347921","95477.86375992018"
"2024-12-04 04:00:00","58305291","71079323","-12774032","95637.19433311987"
"2024-12-04 05:00:00","58731965","71067455","-12335490","96044.9042205485"
"2024-12-04 06:00:00","58681290","80448081","-21766791","96039.7280773795"
"2024-12-04 07:00:00","48548336","63885878","-15337542","96015.45201983991"
"2024-12-04 08:00:00","58174646","68271492","-10096846","95517.26693621412"
"2024-12-04 09:00:00","67979638","75021412","-7041774","96076.29319716596"
"2024-12-04 10:00:00","61530324","79867523","-18337199","95619.55548686198"
"2024-12-04 11:00:00","69999116","58633242","11365874","95605.66749846171"
"2024-12-04 12:00:00","75573270","65381184","10192086","95687.82937298469"
"2024-12-04 13:00:00","69945721","64016275","5929446","96303.4169522998"
"2024-12-04 14:00:00","74698703","71052374","3646329","96351.3550352441"
"2024-12-04 15:00:00","73264412","84996144","-11731732","96671.74476343876"
"2024-12-04 16:00:00","59613533","83080163","-23466630","96798.20669343563"
"2024-12-04 17:00:00","64384209","85171702","-20787493","96875.53423067935"
"2024-12-04 18:00:00","61995690","85863219","-23867529","96558.11231605643"
"2024-12-04 19:00:00","60342648","77901194","-17558546","96267.59629350911"
"2024-12-04 20:00:00","60616200","81848282","-21232082","96000.51486261396"
"2024-12-04 21:00:00","65217451","76905685","-11688234","95637.79205700751"
"2024-12-04 22:00:00","65870127","63559964","2310163","95877.00326477281"
"2024-12-04 23:00:00","51225242","50370514","854728","95696.1624537965"
"2024-12-05 00:00:00","66266516","55709249","10557267","94900.08087474504"
"2024-12-05 01:00:00","68370406","59536513","8833893","95551.00515606497"
"2024-12-05 02:00:00","57132645","61340647","-4208002","96198.89556428343"
"2024-12-05 03:00:00","53878021","77876567","-23998546","97011.93127880892"
"2024-12-05 04:00:00","56654787","76087107","-19432320","99035.61287623607"
"2024-12-05 05:00:00","51741890","121974607","-70232717","97937.82311303918"
"2024-12-05 06:00:00","63982215","58929904","5052311","98326.02071751082"
"2024-12-05 07:00:00","54899851","105400560","-50500709","98792.07211434851"
"2024-12-05 08:00:00","55533581","123924395","-68390814","98423.55429372161"
"2024-12-05 09:00:00","58952764","104185707","-45232943","98218.92795173396"
"2024-12-05 10:00:00","64918045","97588733","-32670688","101199.56530807684"
"2024-12-05 11:00:00","48724878","65594957","-16870079","103032.57535855101"
"2024-12-05 12:00:00","54690778","77786021","-23095243","103065.49453113913"
"2024-12-05 13:00:00","59463189","81540212","-22077023","102313.4175912413"
"2024-12-05 14:00:00","46605972","57999695","-11393723","101779.23846690624"
"2024-12-05 15:00:00","62959568","64260596","-1301028","102294.97963958849"
"2024-12-05 16:00:00","56704227","92777682","-36073455","102837.53177984474"
"2024-12-05 17:00:00","54999355","112172393","-57173038","102722.47733294446"
"2024-12-05 18:00:00","55061296","77915563","-22854267","102382.69686370587"
"2024-12-05 19:00:00","55503951","73666868","-18162917","102455.71212347277"
"2024-12-05 20:00:00","52868581","72711518","-19842937","103072.9306397767"
"2024-12-05 21:00:00","52111682","78078138","-25966456","102969.078505498"
"2024-12-05 22:00:00","55053581","74818497","-19764916","103312.01094347746"
"2024-12-05 23:00:00","51324797","84920851","-33596054","101582.15116121458"
"2024-12-06 00:00:00","49071672","48664493","407179","101200.97930555619"
"2024-12-06 01:00:00","50805566","64466057","-13660491","101197.70589482678"
"2024-12-06 02:00:00","54609607","68827325","-14217718","100468.02777682798"
"2024-12-06 03:00:00","71960371","57891245","14069126","98979.36113860413"
"2024-12-06 04:00:00","62431948","58118670","4313278","99038.10301949664"
"2024-12-06 05:00:00","51104991","59030225","-7925234","99036.50299769167"
"2024-12-06 06:00:00","63174705","62927335","247370","96523.28838465638"
"2024-12-06 07:00:00","48785064","45267033","3518031","97054.54994658398"
"2024-12-06 08:00:00","48934198","63535894","-14601696","97471.11621591933"
"2024-12-06 09:00:00","51977402","52598883","-621481","98502.49630566701"
"2024-12-06 10:00:00","54114863","55735673","-1620810","97668.40874834658"
"2024-12-06 11:00:00","58178536","54732348","3446188","97578.13696500595"
"2024-12-06 12:00:00","66252750","60557353","5695397","97964.34836418433"
"2024-12-06 13:00:00","60775698","61077232","-301534","97890.93374484548"
"2024-12-06 14:00:00","49961851","58799377","-8837526","98121.44954736497"
"2024-12-06 15:00:00","63341999","73715272","-10373273","98132.95750856053"
"2024-12-06 16:00:00","68632956","67616185","1016771","98476.33457837276"
"2024-12-06 17:00:00","62935741","79860864","-16925123","98289.66701586562"
"2024-12-06 18:00:00","60923443","57705884","3217559","98156.46551264313"
"2024-12-06 19:00:00","62981158","66068903","-3087745","98025.70392334533"
"2024-12-06 20:00:00","62821358","69275957","-6454599","97803.27900816084"
"2024-12-06 21:00:00","58890778","61067980","-2177202","98674.30108921653"
"2024-12-06 22:00:00","54178385","67097363","-12918978","99276.164396658"
"2024-12-06 23:00:00","45105151","71007510","-25902359","99373.99982465072"
"2024-12-07 00:00:00","60446795","73751815","-13305020","99115.60574072516"
"2024-12-07 01:00:00","67881279","72708100","-4826821","100377.78420595112"
"2024-12-07 02:00:00","54980498","80653604","-25673106","101322.47914507135"
"2024-12-07 03:00:00","54475754","84250857","-29775103","101716.35816123559"
"2024-12-07 04:00:00","63384944","91699098","-28314154","101411.0797142671"
"2024-12-07 05:00:00","55249334","90448866","-35199532","100541.3213051271"
"2024-12-07 06:00:00","57161760","63471313","-6309553","100650.39751016408"
"2024-12-07 07:00:00","58006558","59949986","-1943428","99936.02264648405"
"2024-12-07 08:00:00","53867660","53094279","773381","100477.00296350935"
"2024-12-07 09:00:00","57163557","71456669","-14293112","100223.51179044918"
"2024-12-07 10:00:00","52132588","57378758","-5246170","100140.55039438193"
"2024-12-07 11:00:00","55966129","63548862","-7582733","99542.07485702065"
"2024-12-07 12:00:00","59437538","57135931","2301607","99756.65323731578"
"2024-12-07 13:00:00","62139487","59610148","2529339","99278.09292170494"
"2024-12-07 14:00:00","62163859","61295271","868588","99419.45286927669"
"2024-12-07 15:00:00","62634113","60864478","1769635","99578.79858153289"
"2024-12-07 16:00:00","60390908","60431909","-41001","99581.36471295453"
"2024-12-07 17:00:00","63496294","64846477","-1350183","99692.47048595674"
"2024-12-07 18:00:00","68545341","60834801","7710540","99625.64239026631"
"2024-12-07 19:00:00","68289705","64292967","3996738","99760.72054822439"
"2024-12-07 20:00:00","67634751","66146070","1488681","99555.61731361576"
"2024-12-07 21:00:00","65249078","62828700","2420378","99461.32173601791"
"2024-12-07 22:00:00","65381898","66393764","-1011866","99545.59215280136"
"2024-12-07 23:00:00","61651771","71563206","-9911435","99761.068154135"
"2024-12-08 00:00:00","59029792","62326845","-3297053","99704.19035229577"
"2024-12-08 01:00:00","63157444","65632582","-2475138","99684.75240000068"
"2024-12-08 02:00:00","61556731","65026965","-3470234","100196.37803326077"
"2024-12-08 03:00:00","55951609","63148652","-7197043","100228.95300518569"
"2024-12-08 04:00:00","60998973","64596129","-3597156","100378.56393119175"
"2024-12-08 05:00:00","57442775","68210923","-10768148","99994.84940767672"
"2024-12-08 06:00:00","61824710","58949103","2875607","99833.0299074942"
"2024-12-08 07:00:00","49586287","55093975","-5507688","99946.82461555534"
"2024-12-08 08:00:00","50586011","52854988","-2268977","100029.72560083523"
"2024-12-08 09:00:00","62040304","62635009","-594705","99888.3769545336"
"2024-12-08 10:00:00","64384930","62201049","2183881","100269.904167483"
"2024-12-08 11:00:00","59526523","63338115","-3811592","100012.00538289973"
"2024-12-08 12:00:00","60685390","68315848","-7630458","99891.59807960347"
"2024-12-08 13:00:00","62220273","63607268","-1386995","99624.96760234867"
"2024-12-08 14:00:00","63358654","62222424","1136230","99784.88591511443"
"2024-12-08 15:00:00","63821783","62216359","1605424","99765.02946054583"
"2024-12-08 16:00:00","62262574","67020204","-4757630","99176.4706409278"
"2024-12-08 17:00:00","62730013","62522180","207833","99139.6234137138"
"2024-12-08 18:00:00","71386298","61087234","10299064","99397.09722315826"
"2024-12-08 19:00:00","61755688","71364145","-9608457","99804.1821638191"
"2024-12-08 20:00:00","60894003","73487531","-12593528","99943.00039903642"
"2024-12-08 21:00:00","58616779","73563578","-14946799","100476.92127401229"
"2024-12-08 22:00:00","57484086","78976705","-21492619","99913.00927824968"
"2024-12-08 23:00:00","66158995","66520428","-361433","99944.30495039152"
"2024-12-09 00:00:00","63746755","65102675","-1355920","99859.01323453354"
"2024-12-09 01:00:00","69007165","71863614","-2856449","100004.04752691084"
"2024-12-09 02:00:00","67144901","68089689","-944788","99782.22875686148"
"2024-12-09 03:00:00","69962468","74023038","-4060570","99924.48335811347"
"2024-12-09 04:00:00","66604647","67885939","-1281292","99905.54087340432"
"2024-12-09 05:00:00","60525530","63827755","-3302225","100038.66968811775"
"2024-12-09 06:00:00","62944472","74982187","-12037715","100228.5887285655"
"2024-12-09 07:00:00","55305372","61136548","-5831176","100983.51074694522"
"2024-12-09 08:00:00","50128097","75047598","-24919501","99728.37466612883"
"2024-12-09 09:00:00","76747550","67742797","9004753","99575.26995590124"
"2024-12-09 10:00:00","74321774","66371653","7950121","99264.59269339606"
"2024-12-09 11:00:00","72719153","68955527","3763626","99001.24576397662"
"2024-12-09 12:00:00","65559878","60088147","5471731","99398.01065648087"
"2024-12-09 13:00:00","58373555","64664498","-6290943","99513.33530804641"
"2024-12-09 14:00:00","70624144","69251331","1372813","99104.64140472164"
"2024-12-09 15:00:00","70593268","73271503","-2678235","99568.18963109596"
"2024-12-09 16:00:00","58118125","74887769","-16769644","98944.2550969829"
"2024-12-09 17:00:00","78775059","67693142","11081917","98608.217170665"
"2024-12-09 18:00:00","91409301","62105119","29304182","98640.73816829169"
"2024-12-09 19:00:00","83895469","68351624","15543845","98104.77485094474"
"2024-12-09 20:00:00","90605897","62666288","27939609","98409.77215042258"
"2024-12-09 21:00:00","72101438","62634483","9466955","99015.57310132812"
"2024-12-09 22:00:00","58550970","65812519","-7261549","100104.75624250587"
"2024-12-09 23:00:00","54666985","73919185","-19252200","97651.74172070214"
"2024-12-10 00:00:00","62367876","50560191","11807685","97900.26349327607"
"2024-12-10 01:00:00","69124883","52475590","16649293","97530.9207953811"
"2024-12-10 02:00:00","82190287","58469895","23720392","98045.18301608539"
"2024-12-10 03:00:00","70989954","53369500","17620454","97097.8185050579"
"2024-12-10 04:00:00","85887424","55564946","30322478","96340.61638366421"
"2024-12-10 05:00:00","79091256","50111112","28980144","97028.48699091487"
"2024-12-10 06:00:00","52346709","56039813","-3693104","96931.43719296517"
"2024-12-10 07:00:00","50762758","53907912","-3145154","97495.80896966008"
"2024-12-10 08:00:00","53816884","60143629","-6326745","97759.23997093822"
"2024-12-10 09:00:00","62119593","73049770","-10930177","98020.6481369034"
"2024-12-10 10:00:00","66974739","70931961","-3957222","97148.70495742006"
"2024-12-10 11:00:00","58765549","56650998","2114551","96877.91041034738"
"2024-12-10 12:00:00","55202455","60517602","-5315147","96974.84827925901"
"2024-12-10 13:00:00","58970710","62110935","-3140225","96992.49357553628"
"2024-12-10 14:00:00","62474727","67345183","-4870456","97610.32899548931"
"2024-12-10 15:00:00","66373300","67704702","-1331402","97203.47980378762"
"2024-12-10 16:00:00","53887332","62718490","-8831158","97333.47215597426"
"2024-12-10 17:00:00","60705894","67579124","-6873230","97446.00715849265"
"2024-12-10 18:00:00","65534070","65453836","80234","97719.9357404208"
"2024-12-10 19:00:00","64701967","68235762","-3533795","97837.09835600942"
"2024-12-10 20:00:00","54374499","77500242","-23125743","96987.47446757578"
"2024-12-10 21:00:00","63719672","64393878","-674206","97660.64671213822"
"2024-12-10 22:00:00","61536728","72667617","-11130889","97505.7122975661"
"2024-12-10 23:00:00","54549390","66614339","-12064949","96194.03281317468"
"2024-12-11 00:00:00","115496323","50128791","65367532","95926.43072022728"
"2024-12-11 01:00:00","48221593","59745621","-11524028","94888.46822238379"
"2024-12-11 02:00:00","84373111","51466003","32907108","95135.56708460161"
"2024-12-11 03:00:00","70924605","62955595","7969010","95804.38739974858"
"2024-12-11 04:00:00","63780102","68261618","-4481516","96505.3523038506"
"2024-12-11 05:00:00","60288289","59377547","910742","96846.98046941939"
"2024-12-11 06:00:00","57208611","62248363","-5039752","96818.42067659025"
"2024-12-11 07:00:00","48406576","65373257","-16966681","96627.80343907766"
"2024-12-11 08:00:00","52240720","60564035","-8323315","96283.61074853821"
"2024-12-11 09:00:00","59942906","62939680","-2996774","95890.11321833702"
"2024-12-11 10:00:00","68563842","56074979","12488863","97274.04151933522"
"2024-12-11 11:00:00","62483024","69767319","-7284295","97390.34156616915"
"2024-12-11 12:00:00","65767167","74875985","-9108818","97512.59841795445"
"2024-12-11 13:00:00","60784977","77318971","-16533994","97458.33541681815"
"2024-12-11 14:00:00","58611910","77336523","-18724613","97613.29442877865"
"2024-12-11 15:00:00","61985210","75699332","-13714122","97364.95508284091"
"2024-12-11 16:00:00","54849857","69287648","-14437791","98105.5978383103"
"2024-12-11 17:00:00","63463725","84055181","-20591456","97980.14417941496"
"2024-12-11 18:00:00","54600098","64219759","-9619661","98242.22681734725"
"2024-12-11 19:00:00","67333813","82532495","-15198682","98265.97368253215"
"2024-12-11 20:00:00","54092177","74497011","-20404834","98341.69746886948"
"2024-12-11 21:00:00","67208628","82797427","-15588799","98589.58287552763"
"2024-12-11 22:00:00","63857199","85619533","-21762334","99352.62421277339"
"2024-12-11 23:00:00","59692403","139427777","-79735374","100381.04104958344"
"2024-12-12 00:00:00","59474366","91260076","-31785710","100500.33044316729"
"2024-12-12 01:00:00","68358470","76744834","-8386364","100223.05654706797"
"2024-12-12 02:00:00","65491855","58314552","7177303","100503.66568971473"
"2024-12-12 03:00:00","67028639","106917636","-39888997","101101.05274896383"
"2024-12-12 04:00:00","61547220","86155047","-24607827","101430.16629516266"
"2024-12-12 05:00:00","54106830","103111535","-49004705","101549.52610299014"
"2024-12-12 06:00:00","65248163","96717919","-31469756","101391.35327229902"
"2024-12-12 07:00:00","51764314","92248858","-40484544","101172.77395868"
"2024-12-12 08:00:00","55300919","105369003","-50068084","100687.64923662283"
"2024-12-12 09:00:00","69179383","74126265","-4946882","100417.30494967001"
"2024-12-12 10:00:00","68213107","66523772","1689335","101280.40156946139"
"2024-12-12 11:00:00","51417670","106460771","-55043101","100997.39085405119"
"2024-12-12 12:00:00","61747016","80463238","-18716222","100715.55780580308"
"2024-12-12 13:00:00","73671177","69967035","3704142","100767.86713737526"
"2024-12-12 14:00:00","71843325","69882013","1961312","100578.93936291459"
"2024-12-12 15:00:00","76882598","70355895","6526703","100523.59759134606"
"2024-12-12 16:00:00","61687452","65188024","-3500572","100985.4411692831"
"2024-12-12 17:00:00","72813289","77268546","-4455257","100950.48059988784"
"2024-12-12 18:00:00","73408198","69982691","3425507","100648.65719174263"
"2024-12-12 19:00:00","75242161","74821277","420884","100305.11660306608"
"2024-12-12 20:00:00","75331668","60390509","14941159","100895.76530960653"
"2024-12-12 21:00:00","69495975","72255152","-2759177","101009.25849299504"
"2024-12-12 22:00:00","69390704","76402311","-7011607","101338.51089545895"
"2024-12-12 23:00:00","65309816","107735540","-42425724","101692.81414628512"
"2024-12-13 00:00:00","58069802","103530453","-45460651","101485.71415512025"
"2024-12-13 01:00:00","64188265","81796080","-17607815","101551.00200111272"
"2024-12-13 02:00:00","65794644","80754221","-14959577","101048.23583424586"
"2024-12-13 03:00:00","72298103","65972563","6325540","99593.8985852636"
"2024-12-13 04:00:00","60579651","56021837","4557814","99958.68377369271"
"2024-12-13 05:00:00","58578949","61819053","-3240104","99792.12956952807"
"2024-12-13 06:00:00","73076798","62879357","10197441","100359.20581614628"
"2024-12-13 07:00:00","56045235","62814501","-6769266","100004.3314541707"
"2024-12-13 08:00:00","57002204","65056797","-8054593","100145.94569274703"
"2024-12-13 09:00:00","70951854","77831787","-6879933","99453.21567415378"
"2024-12-13 10:00:00","72517788","66902656","5615132","99466.96914225399"
"2024-12-13 11:00:00","80437944","66652468","13785476","99703.21885724945"
"2024-12-13 12:00:00","80982728","67281383","13701345","100005.67170883324"
"2024-12-13 13:00:00","101556959","78451218","23105741","99921.58652766995"
"2024-12-13 14:00:00","105742104","76933334","28808770","99791.28239868328"
"2024-12-13 15:00:00","90310645","58221982","32088663","100129.23817025832"
"2024-12-13 16:00:00","67937537","73918356","-5980819","100211.78762225763"
"2024-12-13 17:00:00","64475614","68709644","-4234030","100074.26305356852"
"2024-12-13 18:00:00","73086081","75922540","-2836459","100479.66322792736"
"2024-12-13 19:00:00","63536856","79349047","-15812191","100414.20473487639"
"2024-12-13 20:00:00","67512810","77427770","-9914960","100173.52560743256"
"2024-12-13 21:00:00","68950133","74636980","-5686847","100351.720540038"
"2024-12-13 22:00:00","67497983","81471811","-13973828","101023.15449483015"
"2024-12-13 23:00:00","63255810","71734197","-8478387","100208.86021689416"
"2024-12-14 00:00:00","65891499","57257046","8634453","100906.65977284324"
"2024-12-14 01:00:00","61895244","82354619","-20459375","101667.10929004647"
"2024-12-14 02:00:00","60794856","91495633","-30700777","101583.81645072404"
"2024-12-14 03:00:00","62933790","108593899","-45660109","101505.11725923784"
"2024-12-14 04:00:00","68498453","99332953","-30834500","101597.22095125297"
"2024-12-14 05:00:00","86195905","97722818","-11526913","101413.10081607374"
"2024-12-14 06:00:00","74722134","87161441","-12439307","101291.5727921854"
"2024-12-14 07:00:00","74359926","86550433","-12190507","101396.31665560801"
"2024-12-14 08:00:00","63424160","77155003","-13730843","101276.13506584945"
"2024-12-14 09:00:00","73678307","82574007","-8895700","102267.19235232472"
"2024-12-14 10:00:00","56949395","89651165","-32701770","102031.13947501451"
"2024-12-14 11:00:00","62067122","85188966","-23121844","102135.0157142281"
"2024-12-14 12:00:00","62891192","92396176","-29504984","101729.23247051139"
"2024-12-14 13:00:00","65493030","69820649","-4327619","101703.69250683408"
"2024-12-14 14:00:00","64700685","75019011","-10318326","101843.01407328146"
"2024-12-14 15:00:00","56214938","81309660","-25094722","101763.57170096907"
"2024-12-14 16:00:00","57208725","74199908","-16991183","101804.144275297"
"2024-12-14 17:00:00","68329705","81896651","-13566946","101508.7957514599"
"2024-12-14 18:00:00","66372578","68336602","-1964024","101522.4702719966"
"2024-12-14 19:00:00","69240717","67984166","1256551","101574.36511309563"
"2024-12-14 20:00:00","72032887","60468005","11564882","101322.54402117028"
"2024-12-14 21:00:00","67528395","67580376","-51981","101168.80225270134"
"2024-12-14 22:00:00","67277016","64019458","3257558","101442.439860342"
"2024-12-14 23:00:00","64143933","68699160","-4555227","101642.95792328478"
"2024-12-15 00:00:00","55216376","66281643","-11065267","101595.00557987622"
"2024-12-15 01:00:00","66079751","69128764","-3049013","101081.62601598831"
"2024-12-15 02:00:00","71445137","64711693","6733444","100982.2585043264"
"2024-12-15 03:00:00","79323314","67155834","12167480","101404.69535692749"
"2024-12-15 04:00:00","76531660","66506922","10024738","100948.1489464493"
"2024-12-15 05:00:00","77619538","62626340","14993198","101238.90417708032"
"2024-12-15 06:00:00","68443108","61678156","6764952","101267.80622213718"
"2024-12-15 07:00:00","57109657","58011605","-901948","101459.42642485774"
"2024-12-15 08:00:00","60466199","67275767","-6809568","101441.3653291968"
"2024-12-15 09:00:00","65761376","71869756","-6108380","102063.77482459905"
"2024-12-15 10:00:00","62176712","92693719","-30517007","101844.84936140921"
"2024-12-15 11:00:00","66367792","81522254","-15154462","101779.16392069265"
"2024-12-15 12:00:00","64975823","81720236","-16744413","102219.98558746667"
"2024-12-15 13:00:00","61193877","102280589","-41086712","102194.34989463784"
"2024-12-15 14:00:00","64396502","98675850","-34279348","101818.97271443666"
"2024-12-15 15:00:00","64162025","65016184","-854159","101786.9757590374"
"2024-12-15 16:00:00","74007830","62645371","11362459","102043.67828891615"
"2024-12-15 17:00:00","74462910","68568871","5894039","102264.74255758441"
"2024-12-15 18:00:00","73721441","88331591","-14610150","102237.02415908109"
"2024-12-15 19:00:00","68343099","95222014","-26878915","102617.53025526689"
"2024-12-15 20:00:00","67931068","101454899","-33523831","103106.55906749108"
"2024-12-15 21:00:00","66723474","92147691","-25424217","102896.34820241145"
"2024-12-15 22:00:00","64800453","94666424","-29865971","102909.21256259028"
"2024-12-15 23:00:00","67227774","100859270","-33631496","102814.91098238283"
"2024-12-16 00:00:00","64651261","89367222","-24715961","103018.59071741001"
"2024-12-16 01:00:00","65559518","100902360","-35342842","103097.38456061075"
"2024-12-16 02:00:00","64848491","110801271","-45952780","103176.83229226242"
"2024-12-16 03:00:00","60909048","99964170","-39055122","103215.3327252618"
"2024-12-16 04:00:00","64811737","98113806","-33302069","103134.72860880215"
"2024-12-16 05:00:00","60360135","100920738","-40560603","102904.58983150205"
"2024-12-16 06:00:00","65700054","88521635","-22821581","103284.84381139162"
"2024-12-16 07:00:00","53060818","85824812","-32763994","104251.30928901656"
"2024-12-16 08:00:00","53074030","62877084","-9803054","105575.33481316341"
"2024-12-16 09:00:00","60612768","61363749","-750981","105252.06581432832"
"2024-12-16 10:00:00","54584507","55566444","-981937","104505.7391469871"
"2024-12-16 11:00:00","71983009","62523785","9459224","104425.00695110552"
"2024-12-16 12:00:00","67772237","53452241","14319996","104625.82892030964"
"2024-12-16 13:00:00","68702169","61832097","6870072","105021.62890136406"
"2024-12-16 14:00:00","72189255","68013324","4175931","105140.76819469381"
"2024-12-16 15:00:00","70177066","70493311","-316245","105035.22983529937"
"2024-12-16 16:00:00","70367242","69343120","1024122","104728.82908680965"
"2024-12-16 17:00:00","65951965","65006406","945559","104944.64336581704"
"2024-12-16 18:00:00","73242786","70805819","2436967","104677.45764615668"
"2024-12-16 19:00:00","63450683","59439879","4010804","103679.30937674636"
"2024-12-16 20:00:00","58081803","60348889","-2267086","103542.32117056433"
"2024-12-16 21:00:00","69525153","63056948","6468205","103824.96627526236"
"2024-12-16 22:00:00","64520156","57551783","6968373","105384.54312287863"
"2024-12-16 23:00:00","57616096","70115485","-12499389","106379.05363757662"
"2024-12-17 00:00:00","47129475","81929058","-34799583","106653.71910057082"
"2024-12-17 01:00:00","57058457","90550440","-33491983","106966.16590836391"
"2024-12-17 02:00:00","60964875","84480907","-23516032","107127.2995673442"
"2024-12-17 03:00:00","47161813","82906678","-35744865","106488.70578448485"
"2024-12-17 04:00:00","56860624","63963101","-7102477","106023.41576843374"
"2024-12-17 05:00:00","51757201","63927367","-12170166","106145.72896044044"
"2024-12-17 06:00:00","52423929","61138583","-8714654","105985.89140757"
"2024-12-17 07:00:00","45220733","62613726","-17392993","106010.27849142616"
"2024-12-17 08:00:00","51718560","65172131","-13453571","106053.95458303922"
"2024-12-17 09:00:00","66020351","72004816","-5984465","106397.43635511788"
"2024-12-17 10:00:00","71835920","78092812","-6256892","106221.40018057056"
"2024-12-17 11:00:00","67434869","66254746","1180123","106848.9508003374"
"2024-12-17 12:00:00","61130786","76368177","-15237391","106502.38186960689"
"2024-12-17 13:00:00","74266780","75331114","-1064334","106707.12944757722"
"2024-12-17 14:00:00","68111106","76974479","-8863373","106535.0736908611"
"2024-12-17 15:00:00","68752872","75239475","-6486603","106830.9197546609"
"2024-12-17 16:00:00","53747440","66167689","-12420249","107473.96810176002"
"2024-12-17 17:00:00","63212712","98692048","-35479336","107239.41679742582"
"2024-12-17 18:00:00","67124427","97052114","-29927687","107088.32998877973"
"2024-12-17 19:00:00","72238210","81337004","-9098794","106846.95404497377"
"2024-12-17 20:00:00","63471157","76590442","-13119285","107213.03367797747"
"2024-12-17 21:00:00","54602495","75173553","-20571058","107322.84098664527"
"2024-12-17 22:00:00","59440086","99115418","-39675332","108084.13584706101"
"2024-12-17 23:00:00","53291157","103470781","-50179624","106459.2920570178"
"2024-12-18 00:00:00","62858194","57716366","5141828","106918.05450495754"
"2024-12-18 01:00:00","60200349","66067397","-5867048","107418.10070310687"
"2024-12-18 02:00:00","60459058","74268469","-13809411","106592.04142941009"
"2024-12-18 03:00:00","68020855","65667295","2353560","106511.02713752056"
"2024-12-18 04:00:00","60588207","72274158","-11685951","106770.41656906808"
"2024-12-18 05:00:00","65016493","74294645","-9278152","106371.58731454924"
"2024-12-18 06:00:00","66722436","63595645","3126791","105902.31454781146"
"2024-12-18 07:00:00","78968554","54931291","24037263","106090.42953970436"
"2024-12-18 08:00:00","68740465","54096218","14644247","106053.28794713118"
"2024-12-18 09:00:00","75823180","64932538","10890642","105415.16717199144"
"2024-12-18 10:00:00","85788932","58586584","27202348","105344.65368408684"
"2024-12-18 11:00:00","81006106","59464854","21541252","104855.41250614912"
"2024-12-18 12:00:00","73602069","62484616","11117453","103903.3745068091"
"2024-12-18 13:00:00","79627231","60339880","19287351","103778.45631740686"
"2024-12-18 14:00:00","73417911","53547118","19870793","103730.33786480593"
"2024-12-18 15:00:00","96907802","58653402","38254400","104299.17217477971"
"2024-12-18 16:00:00","70676568","61220718","9455850","103812.46955140922"
"2024-12-18 17:00:00","101575182","62351100","39224082","104049.7864814976"
"2024-12-18 18:00:00","73008197","68844037","4164160","104436.18552200557"
"2024-12-18 19:00:00","52491982","62929306","-10437324","104918.53801698358"
"2024-12-18 20:00:00","65710955","59910372","5800583","104878.35167934283"
"2024-12-18 21:00:00","60231168","76961810","-16730642","104717.40868169251"
"2024-12-18 22:00:00","54428308","74766226","-20337918","104030.60322099185"
"2024-12-18 23:00:00","77638174","58935306","18702868","104473.13725711184"
"2024-12-19 00:00:00","60967694","60926648","41046","104126.98535322992"
"2024-12-19 01:00:00","85743783","60476865","25266918","104592.64172531344"
"2024-12-19 02:00:00","60582317","75228830","-14646513","104543.19418358944"
"2024-12-19 03:00:00","42257712","51285842","-9028130","103192.03991547943"
"2024-12-19 04:00:00","74530553","56400087","18130466","101417.34397860372"
"2024-12-19 05:00:00","90509342","44781772","45727570","101227.21488726835"
"2024-12-19 06:00:00","74841127","56822123","18019004","101023.95277175773"
"2024-12-19 07:00:00","75712265","49606425","26105840","100261.06009481012"
"2024-12-19 08:00:00","83484968","51986853","31498115","100685.71949339635"
"2024-12-19 09:00:00","90697126","63372684","27324442","99923.70998175978"
"2024-12-19 10:00:00","73794797","53917217","19877580","99983.02736036998"
"2024-12-19 11:00:00","60686905","64731352","-4044447","101212.71278229318"
"2024-12-19 12:00:00","59163902","56781612","2382290","100703.75850248257"
"2024-12-19 13:00:00","67387797","65703965","1683832","101265.79901557871"
"2024-12-19 14:00:00","63791904","61959111","1832793","101215.06742852315"
"2024-12-19 15:00:00","66698388","69326389","-2628001","101644.51192275227"
"2024-12-19 16:00:00","57077388","67471806","-10394418","101623.17555575451"
"2024-12-19 17:00:00","67891608","72667928","-4776320","101719.85150386165"
"2024-12-19 18:00:00","70369715","83786323","-13416608","102468.9738552539"
"2024-12-19 19:00:00","64737808","76046855","-11309047","102376.49447101056"
"2024-12-19 20:00:00","65641004","68624677","-2983673","101925.69202908968"
"2024-12-19 21:00:00","64418995","76007143","-11588148","101884.7743285413"
"2024-12-19 22:00:00","63181278","61794524","1386754","101235.7579096457"
"2024-12-19 23:00:00","62767845","59691419","3076426","100226.13409413974"
"2024-12-20 00:00:00","48841053","58542647","-9701594","100673.45265037498"
"2024-12-20 01:00:00","62509116","63060658","-551542","98326.20347463024"
"2024-12-20 02:00:00","45719954","46090181","-370227","98524.67204418145"
"2024-12-20 03:00:00","51455027","61135371","-9680344","96850.68564863174"
"2024-12-20 04:00:00","53929045","52755750","1173295","96689.83462412846"
"2024-12-20 05:00:00","57736626","47201522","10535104","97614.21600463756"
"2024-12-20 06:00:00","51646293","51027399","618894","98162.62230213189"
"2024-12-20 07:00:00","42953937","45612667","-2658730","97700.67442983373"
"2024-12-20 08:00:00","54480401","52521276","1959125","97268.79815485518"
"2024-12-20 09:00:00","55574500","57368524","-1794024","96359.8019605596"
"2024-12-20 10:00:00","68735479","54082270","14653209","97490.39402030011"
"2024-12-20 11:00:00","59090443","60347610","-1257167","96991.98110786467"
"2024-12-20 12:00:00","63258642","58796209","4462433","97367.37280914058"
"2024-12-20 13:00:00","66999762","62928533","4071229","96701.03655733989"
"2024-12-20 14:00:00","69626696","60325575","9301121","96669.62477968227"
"2024-12-20 15:00:00","50639848","57091281","-6451433","97730.42378065543"
"2024-12-20 16:00:00","52457270","57011875","-4554605","95413.73113786305"
"2024-12-20 17:00:00","107043228","41730383","65312845","94844.86034570541"
"2024-12-20 18:00:00","90793257","54265868","36527389","94432.61852205676"
"2024-12-20 19:00:00","78920774","66402237","12518537","92767.63933006066"
"2024-12-20 20:00:00","103404763","56649238","46755525","93732.05151530642"
"2024-12-20 21:00:00","62787084","62583353","203731","95170.74625832248"
"2024-12-20 22:00:00","53863905","59089400","-5225495","95766.40503775854"
"2024-12-20 23:00:00","51276977","52391203","-1114226","97164.70057871734"
"2024-12-21 00:00:00","48035665","53821236","-5785571","96618.97197711973"
"2024-12-21 01:00:00","49443202","48968284","474918","97310.98622849071"
"2024-12-21 02:00:00","60075229","68628710","-8553481","97142.32205315182"
"2024-12-21 03:00:00","59942862","62602571","-2659709","97204.98294734546"
"2024-12-21 04:00:00","60584224","66652696","-6068472","96740.79418720554"
"2024-12-21 05:00:00","62845009","56923616","5921393","96523.11116302788"
"2024-12-21 06:00:00","54285249","65819985","-11534736","97356.32012236824"
"2024-12-21 07:00:00","54782657","72091845","-17309188","97721.92477864216"
"2024-12-21 08:00:00","50062741","59430395","-9367654","97620.4674646691"
"2024-12-21 09:00:00","58153056","69744307","-11591251","97446.26999579741"
"2024-12-21 10:00:00","60899058","72760584","-11861526","97475.11972454638"
"2024-12-21 11:00:00","63453895","70195449","-6741554","97395.56758383449"
"2024-12-21 12:00:00","62019738","68327649","-6307911","97604.99381996853"
"2024-12-21 13:00:00","61849102","74365036","-12515934","98490.55699560794"
"2024-12-21 14:00:00","56920201","74863627","-17943426","98728.40450091037"
"2024-12-21 15:00:00","64919005","75024381","-10105376","99262.40709719676"
"2024-12-21 16:00:00","62182010","73519524","-11337514","98707.23044796969"
"2024-12-21 17:00:00","69669209","66281086","3388123","98597.66491212913"
"2024-12-21 18:00:00","68069763","66880928","1188835","98189.88342143153"
"2024-12-21 19:00:00","69219767","59370169","9849598","98301.27313368853"
"2024-12-21 20:00:00","61674002","63040268","-1366266","97299.96364749188"
"2024-12-21 21:00:00","59827059","57046059","2781000","97324.21095313315"
"2024-12-21 22:00:00","57003871","61166824","-4162953","97271.61319623665"
"2024-12-21 23:00:00","58548533","63360038","-4811505","97539.98706770962"
"2024-12-22 00:00:00","55370000","55385423","-15423","97357.97743073083"
"2024-12-22 01:00:00","60376743","57790173","2586570","97679.40182276172"
"2024-12-22 02:00:00","60010885","63821582","-3810697","97438.1329791541"
"2024-12-22 03:00:00","59445139","60594999","-1149860","97151.66624945265"
"2024-12-22 04:00:00","58123152","60039864","-1916712","97500.84099454971"
"2024-12-22 05:00:00","60913015","60094010","819005","96796.35614845506"
"2024-12-22 06:00:00","63238045","58827175","4410870","97107.17303058982"
"2024-12-22 07:00:00","55085837","51157050","3928787","97227.37519658684"
"2024-12-22 08:00:00","56990304","58380594","-1390290","97173.54841952666"
"2024-12-22 09:00:00","62836522","63332906","-496384","97020.37651864186"
"2024-12-22 10:00:00","65773980","63241953","2532027","96685.78801284941"
"2024-12-22 11:00:00","67090674","60723131","6367543","96920.29178553968"
"2024-12-22 12:00:00","65155639","64337816","817823","96276.53876499462"
"2024-12-22 13:00:00","69084895","55881845","13203050","96219.89946542436"
"2024-12-22 14:00:00","66519814","60049580","6470234","96713.2769559"
"2024-12-22 15:00:00","62069807","61416101","653706","96103.73570189494"
"2024-12-22 16:00:00","65126948","57531793","7595155","96528.37548879611"
"2024-12-22 17:00:00","63831139","65453615","-1622476","96992.51681001064"
"2024-12-22 18:00:00","62635548","66044424","-3408876","97032.33880228504"
"2024-12-22 19:00:00","63539918","63571694","-31776","97161.9059587581"
"2024-12-22 20:00:00","63982735","71544032","-7561297","96998.33490346269"
"2024-12-22 21:00:00","63334150","69742091","-6407941","96966.74514471783"
"2024-12-22 22:00:00","63528698","65858468","-2329770","95459.5080211222"
"2024-12-22 23:00:00","80111568","52228688","27882880","95300.72795463583"
"2024-12-23 00:00:00","69388545","58127368","11261177","95595.40861309142"
"2024-12-23 01:00:00","66618445","59293117","7325328","95645.14496986146"
"2024-12-23 02:00:00","66806076","58134065","8672011","95992.30467314698"
"2024-12-23 03:00:00","56735196","59645975","-2910779","94723.09498270572"
"2024-12-23 04:00:00","62517675","53421521","9096154","95395.41965294478"
"2024-12-23 05:00:00","49190646","57484374","-8293728","95191.48750403807"
"2024-12-23 06:00:00","58031121","57004576","1026545","95342.48310838226"
"2024-12-23 07:00:00","42947476","50713993","-7766517","95076.63109859402"
"2024-12-23 08:00:00","64979508","58510108","6469400","94389.26276554496"
"2024-12-23 09:00:00","73143998","63017872","10126126","94517.1087375671"
"2024-12-23 10:00:00","68964672","56984812","11979860","94568.98297177439"
"2024-12-23 11:00:00","50842299","50453553","388746","95732.45571671239"
"2024-12-23 12:00:00","59165769","59817163","-651394","95726.82508772759"
"2024-12-23 13:00:00","58277336","63973447","-5696111","95494.73202249841"
"2024-12-23 14:00:00","62970294","60869924","2100370","94760.46506735498"
"2024-12-23 15:00:00","62995372","55319473","7675899","95342.38392843747"
"2024-12-23 16:00:00","58406496","61696461","-3289965","95393.8430840697"
"2024-12-23 17:00:00","60941087","61935409","-994322","95962.41356572634"
"2024-12-23 18:00:00","60072595","63737188","-3664593","96316.57888681412"
"2024-12-23 19:00:00","60780596","63993241","-3212645","95804.8841610434"
"2024-12-23 20:00:00","61017276","59801965","1215311","96188.84607037781"
"2024-12-23 21:00:00","60500614","65411170","-4910556","94910.48283799109"
"2024-12-23 22:00:00","58363076","57379533","983543","94266.433416205"
"2024-12-23 23:00:00","61699986","50460158","11239828","93243.65704474505"
"2024-12-24 00:00:00","89902514","49259286","40643228","93915.36666628162"
"2024-12-24 01:00:00","53132799","55934191","-2801392","93349.18347552535"
"2024-12-24 02:00:00","73457902","49638259","23819643","92725.83923476677"
"2024-12-24 03:00:00","94321382","55042831","39278551","92927.70266768726"
"2024-12-24 04:00:00","97083069","54028246","43054823","93188.53707122467"
"2024-12-24 05:00:00","84643873","48275624","36368249","93891.20279541293"
"2024-12-24 06:00:00","58823822","60469696","-1645874","94709.43812697942"
"2024-12-24 07:00:00","49922139","49256454","665685","94682.38878821167"
"2024-12-24 08:00:00","56916581","50464082","6452499","94491.0889258414"
"2024-12-24 09:00:00","60917700","58578616","2339084","94027.05726565132"
"2024-12-24 10:00:00","61717375","56869060","4848315","93825.57825643118"
"2024-12-24 11:00:00","61042112","56893391","4148721","94240.7349475004"
"2024-12-24 12:00:00","61144218","60411404","732814","94167.9982041105"
"2024-12-24 13:00:00","63214756","57242415","5972341","94389.08109843709"
"2024-12-24 14:00:00","60073254","64655785","-4582531","93910.72947310391"
"2024-12-24 15:00:00","67043933","54561964","12481969","94091.2066083278"
"2024-12-24 16:00:00","63469891","60653759","2816132","94309.04078555122"
"2024-12-24 17:00:00","63028269","63483895","-455626","93997.52543837426"
"2024-12-24 18:00:00","67563301","61862989","5700312","93871.99352158906"
"2024-12-24 19:00:00","64844078","60970979","3873099","94220.20991850288"
"2024-12-24 20:00:00","64188553","63487665","700888","94045.02808468556"
"2024-12-24 21:00:00","66255739","72528628","-6272889","95717.51607692773"
"2024-12-24 22:00:00","58728298","61207226","-2478928","97314.91458269767"
"2024-12-24 23:00:00","62274963","72876552","-10601589","98017.93302891776"
"2024-12-25 00:00:00","55692938","72052362","-16359424","98468.89353744408"
"2024-12-25 01:00:00","61174920","85136714","-23961794","98521.31195512344"
"2024-12-25 02:00:00","54969239","75196647","-20227408","98546.55135561258"
"2024-12-25 03:00:00","60341727","70406881","-10065154","97698.30571156903"
"2024-12-25 04:00:00","61530899","56914198","4616701","97442.95408473951"
"2024-12-25 05:00:00","62834157","53685138","9149019","98330.92339057075"
"2024-12-25 06:00:00","61540695","58107924","3432771","98771.71884920419"
"2024-12-25 07:00:00","52256036","60765145","-8509109","98636.66020198575"
"2024-12-25 08:00:00","56798686","65820569","-9021883","98459.24626960249"
"2024-12-25 09:00:00","50891559","62135679","-11244120","97952.25625320578"
"2024-12-25 10:00:00","65071826","68537656","-3465830","98067.34498997258"
"2024-12-25 11:00:00","63621373","65614459","-1993086","97996.44494221373"
"2024-12-25 12:00:00","56308542","58607515","-2298973","98164.80455669755"
"2024-12-25 13:00:00","63442351","69011906","-5569555","98237.20844598045"
"2024-12-25 14:00:00","64330379","70163141","-5832762","97908.82112965548"
"2024-12-25 15:00:00","59516477","54960370","4556107","98017.09509344006"
"2024-12-25 16:00:00","58550684","61453086","-2902402","98043.59235344623"
"2024-12-25 17:00:00","67027106","68355970","-1328864","98098.7247536896"
"2024-12-25 18:00:00","64727351","72407214","-7679863","98464.91574059319"
"2024-12-25 19:00:00","63000519","61922467","1078052","98210.85648049701"
"2024-12-25 20:00:00","59953255","51598498","8354757","98149.69816650334"
"2024-12-25 21:00:00","65616105","60502729","5113376","98463.22293614568"
"2024-12-25 22:00:00","64016857","61905111","2111746","98664.63826625807"
"2024-12-25 23:00:00","62290328","65105062","-2814734","98527.26587677332"
"2024-12-26 00:00:00","58366766","57597705","769061","98368.30289547965"
"2024-12-26 01:00:00","64676783","64114109","562674","98548.04948697913"
"2024-12-26 02:00:00","65555514","63941881","1613633","98770.35995142147"
"2024-12-26 03:00:00","66531863","73157616","-6625753","99164.16978701843"
"2024-12-26 04:00:00","61452152","76801514","-15349362","99086.64571292695"
"2024-12-26 05:00:00","57181057","70567191","-13386134","98459.60280362374"
"2024-12-26 06:00:00","67236399","51683539","15552860","98797.36679965223"
"2024-12-26 07:00:00","53831362","53441033","390329","99400.81547739341"
"2024-12-26 08:00:00","56211509","74192396","-17980887","99007.52722011531"
"2024-12-26 09:00:00","61222010","70726007","-9503997","99010.04538826674"
"2024-12-26 10:00:00","57615686","62823374","-5207688","98601.95348313604"
"2024-12-26 11:00:00","70522561","52525035","17997526","98917.42088330605"
"2024-12-26 12:00:00","62536317","59620836","2915481","98282.40527466117"
"2024-12-26 13:00:00","66779488","63317531","3461957","98327.08562044911"
"2024-12-26 14:00:00","67454930","61043451","6411479","98039.32562985769"
"2024-12-26 15:00:00","75292806","63883925","11408881","97838.73411545505"
"2024-12-26 16:00:00","64107556","50800874","13306682","95831.47232129317"
"2024-12-26 17:00:00","64106532","54644723","9461809","95348.1598448221"
"2024-12-26 18:00:00","72672034","57480863","15191171","95385.10660235638"
"2024-12-26 19:00:00","73791369","54717803","19073566","95616.05050125293"
"2024-12-26 20:00:00","76292386","56549566","19742820","95497.07169492987"
"2024-12-26 21:00:00","65446322","50614994","14831328","95420.85212008242"
"2024-12-26 22:00:00","71524972","55628436","15896536","95546.76494409934"
"2024-12-26 23:00:00","69793857","53627459","16166398","95926.29541755885"
"2024-12-27 00:00:00","51925635","50894826","1030809","96370.54604345687"
"2024-12-27 01:00:00","55892366","56641595","-749229","95831.30574751856"
"2024-12-27 02:00:00","61902947","54260874","7642073","95601.2961607674"
"2024-12-27 03:00:00","71064411","58566314","12498097","96027.86353689338"
"2024-12-27 04:00:00","59072500","59795849","-723349","95678.59961542943"
"2024-12-27 05:00:00","66141451","53219939","12921512","95690.38070710356"
"2024-12-27 06:00:00","69697905","60168582","9529323","95732.22373930553"
"2024-12-27 07:00:00","62395471","55795890","6599581","95711.32319394332"
"2024-12-27 08:00:00","65152572","61422428","3730144","95708.45688693158"
"2024-12-27 09:00:00","75438580","96535685","-21097105","95853.72990268441"
"2024-12-27 10:00:00","60850096","84226945","-23376849","95856.52220091729"
"2024-12-27 11:00:00","58993344","85085701","-26092357","96266.97124872736"
"2024-12-27 12:00:00","58969380","88880330","-29910950","96259.24444488827"
"2024-12-27 13:00:00","59431896","82228690","-22796794","96102.58465316745"
"2024-12-27 14:00:00","62957597","82640494","-19682897","96406.07222522785"
"2024-12-27 15:00:00","59166243","74986375","-15820132","94945.60334418617"
"2024-12-27 16:00:00","64053676","54869756","9183920","95704.83873845909"
"2024-12-27 17:00:00","58226154","62825892","-4599738","96652.88860668856"
"2024-12-27 18:00:00","52740154","52784518","-44364","96450.95528270802"
"2024-12-27 19:00:00","58673237","59672767","-999530","96604.30636553548"
"2024-12-27 20:00:00","57334013","60772461","-3438448","96573.53614056238"
"2024-12-27 21:00:00","58829517","61832689","-3003172","96441.15803505687"
"2024-12-27 22:00:00","63608260","61247719","2360541","95473.69156690234"
"2024-12-27 23:00:00","65420080","54798940","10621140","94268.6121159313"
"2024-12-28 00:00:00","66697480","50175834","16521646","94093.75821775074"
"2024-12-28 01:00:00","82218031","52574980","29643051","94104.94225366674"
"2024-12-28 02:00:00","60347265","54317229","6030036","94517.05469833175"
"2024-12-28 03:00:00","54184824","56786089","-2601265","94552.85845574633"
"2024-12-28 04:00:00","55013941","54788149","225792","94385.78592893024"
"2024-12-28 05:00:00","52286190","56183529","-3897339","94347.99036879011"
"2024-12-28 06:00:00","53679721","59729464","-6049743","94310.67434780754"
"2024-12-28 07:00:00","55076137","55152854","-76717","94216.48793226463"
"2024-12-28 08:00:00","56756097","53586630","3169467","94287.22119775155"
"2024-12-28 09:00:00","60305429","59751506","553923","94344.9128637415"
"2024-12-28 10:00:00","53522896","62848838","-9325942","94293.51394708322"
"2024-12-28 11:00:00","54867872","51498162","3369710","94459.45209330329"
"2024-12-28 12:00:00","55886192","56252819","-366627","94397.42554977597"
"2024-12-28 13:00:00","55419107","57169861","-1750754","94496.36809387822"
"2024-12-28 14:00:00","55849021","56496872","-647851","94289.34334790216"
"2024-12-28 15:00:00","61388719","54931645","6457074","94202.44274843957"
"2024-12-28 16:00:00","68812013","51702730","17109283","94335.96132186998"
"2024-12-28 17:00:00","63036726","59018924","4017802","94510.20289714493"
"2024-12-28 18:00:00","61567442","59088996","2478446","94492.73268632192"
"2024-12-28 19:00:00","60632333","58896588","1735745","94650.75215226981"
"2024-12-28 20:00:00","62792185","63433515","-641330","94494.38034632486"
"2024-12-28 21:00:00","69323826","64774637","4549189","94506.73595710167"
"2024-12-28 22:00:00","69012934","62492049","6520885","94390.71737016783"
"2024-12-28 23:00:00","69455241","60003578","9451663","94319.38803450196"
"2024-12-29 00:00:00","69388260","57395975","11992285","94641.54042403775"
"2024-12-29 01:00:00","106992619","62309631","44682988","94904.27329064943"
"2024-12-29 02:00:00","98231664","64861261","33370403","94692.87237865449"
"2024-12-29 03:00:00","111772406","62464272","49308134","94837.10097602442"
"2024-12-29 04:00:00","106292655","62319728","43972927","94904.93393701108"
"2024-12-29 05:00:00","103909949","65025844","38884105","94959.55162112931"
"2024-12-29 06:00:00","63517059","63522785","-5726","95229.48296626829"
"2024-12-29 07:00:00","53279863","58811608","-5531745","95127.09071323961"
"2024-12-29 08:00:00","59075731","64932505","-5856774","94957.70718231374"
"2024-12-29 09:00:00","70394374","65162861","5231513","94713.66083760072"
"2024-12-29 10:00:00","108271884","59393162","48878722","94939.16583160861"
"2024-12-29 11:00:00","62823665","59218786","3604879","95003.85277591423"
"2024-12-29 12:00:00","61260127","59669578","1590549","94933.08743215435"
"2024-12-29 13:00:00","65091997","65346355","-254358","94982.98510295624"
"2024-12-29 14:00:00","66250960","60466045","5784915","94994.09396460204"
"2024-12-29 15:00:00","63298243","64252772","-954529","95113.45475609541"
"2024-12-29 16:00:00","92581535","62928829","29652706","95003.9925034089"
"2024-12-29 17:00:00","94683954","61288863","33395091","95048.21953804743"
"2024-12-29 18:00:00","91701396","68904161","22797235","95016.42526219833"
"2024-12-29 19:00:00","85444332","57375079","28069253","94931.1909233852"
"2024-12-29 20:00:00","94289997","63537556","30752441","94818.01349688368"
"2024-12-29 21:00:00","95462759","64493248","30969511","94759.25341785449"
"2024-12-29 22:00:00","78481643","63478424","15003219","94345.57074331545"
"2024-12-29 23:00:00","67925553","59825154","8100399","94534.74145433083"
"2024-12-30 00:00:00","103971068","59457278","44513790","93734.89254204152"
"2024-12-30 01:00:00","89599462","59827468","29771994","93790.189311503"
"2024-12-30 02:00:00","90381877","63593279","26788598","93566.6684615896"
"2024-12-30 03:00:00","92928160","60934119","31994041","93468.51843078302"
"2024-12-30 04:00:00","86921309","57452088","29469221","93529.2536248168"
"2024-12-30 05:00:00","93375483","58605072","34770411","93401.81563373169"
"2024-12-30 06:00:00","102519329","53821962","48697367","93172.09130509975"
"2024-12-30 07:00:00","96691863","41994200","54697663","93597.41961624469"
"2024-12-30 08:00:00","82220005","57514348","24705657","93360.48330605916"
"2024-12-30 09:00:00","93408699","59726201","33682498","93594.074952897"
"2024-12-30 10:00:00","61660257","59907979","1752278","93656.88091352776"
"2024-12-30 11:00:00","84173279","63883193","20290086","93500.4105803113"
"2024-12-30 12:00:00","85678616","63282981","22395635","93248.78026419785"
"2024-12-30 13:00:00","104720716","59368241","45352475","93406.98035614527"
"2024-12-30 14:00:00","100335053","61602555","38732498","93695.42805594372"
"2024-12-30 15:00:00","94631659","63802071","30829588","93533.29686578561"
"2024-12-30 16:00:00","81749350","52906340","28843010","93735.24734957416"
"2024-12-30 17:00:00","87970784","63815478","24155306","93722.36401045571"
"2024-12-30 18:00:00","93175230","61111818","32063412","93647.65463891004"
"2024-12-30 19:00:00","97139978","63986729","33153249","93718.3275278626"
"2024-12-30 20:00:00","94742849","60667398","34075451","93696.23359934836"
"2024-12-30 21:00:00","94899355","62738597","32160758","92591.37479724316"
"2024-12-30 22:00:00","121742429","50790059","70952370","92004.46762962025"
"2024-12-30 23:00:00","60332242","40423549","19908693","91965.26347274336"
"2024-12-31 00:00:00","68363610","51227998","17135612","91886.18829749314"
"2024-12-31 01:00:00","67895585","52708172","15187413","93553.77907164246"
"2024-12-31 02:00:00","55644832","58038879","-2394047","94417.63613141798"
"2024-12-31 03:00:00","59244220","65602359","-6358139","94251.85072957739"
"2024-12-31 04:00:00","58853534","66533528","-7679994","94331.87522050047"
"2024-12-31 05:00:00","56466992","57127276","-660284","91963.04885874136"
"2024-12-31 06:00:00","63920317","46940795","16979522","92707.94295707326"
"2024-12-31 07:00:00","43638916","46693774","-3054858","92651.3694170697"
"2024-12-31 08:00:00","46454029","51391778","-4937749","92294.2337897831"
"2024-12-31 09:00:00","63049546","53300430","9749116","92250.59166646274"
"2024-12-31 10:00:00","67801452","53573157","14228295","92391.10634587864"
"2024-12-31 11:00:00","64060196","57831958","6228238","92415.72046530942"
"2024-12-31 12:00:00","65007654","57947723","7059931","92332.27707233162"
"2024-12-31 13:00:00","68816040","52985158","15830882","92517.17818445724"
"2024-12-31 14:00:00","68051264","54949660","13101604","92646.96015799335"
"2024-12-31 15:00:00","62995008","51843637","11151371","92751.27765565073"
"2024-12-31 16:00:00","68017241","53037703","14979538","93992.9434956943"
"2024-12-31 17:00:00","55295340","54584638","710702","93871.54169980952"
"2024-12-31 18:00:00","59997230","56246451","3750779","94011.50854398374"
"2024-12-31 19:00:00","61637565","64100501","-2462936","94099.54605665103"
"2024-12-31 20:00:00","58509751","63955861","-5446110","94440.41931534601"
"2024-12-31 21:00:00","54853402","70373087","-15519685","95645.1738323745"
"2024-12-31 22:00:00","55670543","64052371","-8381828","95548.56019370999"
"2024-12-31 23:00:00","60818932","66674742","-5855810","95491.87033525364"
"2025-01-01 00:00:00","45890925","49333213","-3442288","94756.84927453859"
"2025-01-01 01:00:00","58717398","56489743","2227655","93736.64301428385"
"2025-01-01 02:00:00","56830099","55038129","1791970","93826.41905971247"
"2025-01-01 03:00:00","62951547","57792709","5158838","94000.12898835045"
"2025-01-01 04:00:00","57537376","59080458","-1543082","93410.73589753851"
"2025-01-01 05:00:00","60963237","53989054","6974183","93759.35051663354"
"2025-01-01 06:00:00","59800896","58726385","1074511","93357.76664176804"
"2025-01-01 07:00:00","51162092","43294721","7867371","93369.66723221951"
"2025-01-01 08:00:00","48498007","45591921","2906086","93933.26239366998"
"2025-01-01 09:00:00","54935759","53568664","1367095","93525.36003909742"
"2025-01-01 10:00:00","57356287","53851524","3504763","93958.4728665822"
"2025-01-01 11:00:00","58620517","52254483","6366034","93652.42911938344"
"2025-01-01 12:00:00","61251569","56858088","4393481","93461.55039614829"
"2025-01-01 13:00:00","60430535","52276155","8154380","93581.79380411778"
"2025-01-01 14:00:00","60703379","67847351","-7143972","93526.31160738801"
"2025-01-01 15:00:00","61786194","59854494","1931700","93532.68341857744"
"2025-01-01 16:00:00","62113340","60030065","2083275","93264.87751345828"
"2025-01-01 17:00:00","60657008","64763771","-4106763","93221.95577468183"
"2025-01-01 18:00:00","63203447","60867198","2336249","93157.67783686238"
"2025-01-01 19:00:00","66776230","62833062","3943168","93290.66580650258"
"2025-01-01 20:00:00","59069962","65108757","-6038795","93619.66767083896"
"2025-01-01 21:00:00","56186521","57460399","-1273878","93690.46984545747"
"2025-01-01 22:00:00","54113148","51343415","2769733","93933.28558029176"
"2025-01-01 23:00:00","56513885","54902143","1611742","94159.69305265056"
"2025-01-02 00:00:00","51607399","57366515","-5759116","93837.98689507552"
"2025-01-02 01:00:00","57162658","60895446","-3732788","93936.81583049147"
"2025-01-02 02:00:00","59087433","60643959","-1556526","94145.08839170019"
"2025-01-02 03:00:00","54616122","62645538","-8029416","94407.32426328551"
"2025-01-02 04:00:00","57334983","61809073","-4474090","94608.81371932056"
"2025-01-02 05:00:00","60282864","59190632","1092232","94688.76084321391"
"2025-01-02 06:00:00","62329849","60107066","2222783","94659.83390797794"
"2025-01-02 07:00:00","53307018","51240310","2066708","94430.67069362846"
"2025-01-02 08:00:00","55844178","56335768","-491590","94936.24239625724"
"2025-01-02 09:00:00","58033031","58694528","-661497","94707.29478180624"
"2025-01-02 10:00:00","59518468","61587948","-2069480","94942.88432283953"
"2025-01-02 11:00:00","59952178","60115305","-163127","94829.19913364376"
"2025-01-02 12:00:00","61926716","59570074","2356642","95632.16638022743"
"2025-01-02 13:00:00","56705145","68622670","-11917525","95465.68239710733"
"2025-01-02 14:00:00","63518250","64337188","-818938","95380.7600980923"
"2025-01-02 15:00:00","60775509","68862421","-8086912","95653.91841689778"
"2025-01-02 16:00:00","60137149","68597167","-8460018","95916.05392220731"
"2025-01-02 17:00:00","66543242","62649209","3894033","96444.73037703896"
"2025-01-02 18:00:00","58001911","62399184","-4397273","96581.86605767197"
"2025-01-02 19:00:00","66086027","65747999","338028","96545.67445630835"
"2025-01-02 20:00:00","64017201","68165464","-4148263","96691.96892864196"
"2025-01-02 21:00:00","62846353","70551280","-7704927","96484.722112784"
"2025-01-02 22:00:00","59695308","69996172","-10300864","97132.79454793649"
"2025-01-02 23:00:00","52832603","63381528","-10548925","96438.62985357884"
"2025-01-03 00:00:00","58801795","49904899","8896896","97324.88152747203"
"2025-01-03 01:00:00","57309316","81353727","-24044411","96472.29747843156"
"2025-01-03 02:00:00","59886393","58599651","1286742","97082.19742636562"
"2025-01-03 03:00:00","51409977","70988668","-19578691","97305.79858018644"
"2025-01-03 04:00:00","53082286","81947832","-28865546","97342.2505757676"
"2025-01-03 05:00:00","50608316","83085145","-32476829","97130.49089190667"
"2025-01-03 06:00:00","59913864","80427218","-20513354","96845.03338963816"
"2025-01-03 07:00:00","51771702","54336549","-2564847","96839.51211054738"
"2025-01-03 08:00:00","59401044","63484501","-4083457","96830.11556869572"
"2025-01-03 09:00:00","63689432","61875774","1813658","96889.78466191539"
"2025-01-03 10:00:00","59675451","64250054","-4574603","96972.84659845072"
"2025-01-03 11:00:00","64308202","65648542","-1340340","96923.4365664686"
"2025-01-03 12:00:00","55526388","67279253","-11752865","96741.27839575546"
"2025-01-03 13:00:00","63644156","69076165","-5432009","96697.49776997554"
"2025-01-03 14:00:00","69985807","68659278","1326529","96484.80486001499"
"2025-01-03 15:00:00","65971046","69574008","-3602962","96285.93746049417"
"2025-01-03 16:00:00","63065248","61266743","1798505","96065.41766447309"
"2025-01-03 17:00:00","67038600","60398939","6639661","96535.09367750214"
"2025-01-03 18:00:00","63429712","60622285","2807427","96433.62577554138"
"2025-01-03 19:00:00","69751821","66918937","2832884","96665.63003169194"
"2025-01-03 20:00:00","68655830","64320126","4335704","96619.18010963936"
"2025-01-03 21:00:00","69574248","69835139","-260891","96516.00880782651"
"2025-01-03 22:00:00","64700381","61484580","3215801","96881.97117671481"
"2025-01-03 23:00:00","50611914","54845402","-4233488","97563.87907021672"
"2025-01-04 00:00:00","57182052","75155836","-17973784","97958.85628665081"
"2025-01-04 01:00:00","63357604","68942791","-5585187","98062.00358738744"
"2025-01-04 02:00:00","65192027","82754566","-17562539","98504.0891702964"
"2025-01-04 03:00:00","60741837","82030447","-21288610","98595.0680303269"
"2025-01-04 04:00:00","63939201","93724993","-29785792","98415.60773150544"
"2025-01-04 05:00:00","63043711","80074875","-17031164","98240.17754869132"
"2025-01-04 06:00:00","64448744","81174236","-16725492","98316.3780774578"
"2025-01-04 07:00:00","62122847","79212079","-17089232","98126.92490331898"
"2025-01-04 08:00:00","62045270","77269210","-15223940","97953.81370345109"
"2025-01-04 09:00:00","63189995","70336187","-7146192","98043.80832241957"
"2025-01-04 10:00:00","65619270","73988686","-8369416","98237.35438436558"
"2025-01-04 11:00:00","67793995","73786628","-5992633","98260.89026302072"
"2025-01-04 12:00:00","61244699","73362332","-12117633","97959.9167044961"
"2025-01-04 13:00:00","70882628","63805007","7077621","98115.0877748968"
"2025-01-04 14:00:00","68345792","70642853","-2297061","98109.71652110321"
"2025-01-04 15:00:00","66632797","71545846","-4913049","98230.32961722637"
"2025-01-04 16:00:00","68243411","69778176","-1534765","97994.40651995463"
"2025-01-04 17:00:00","63888898","66731854","-2842956","97679.95495736557"
"2025-01-04 18:00:00","63937255","68315429","-4378174","97769.89128694215"
"2025-01-04 19:00:00","64502502","67615333","-3112831","97856.05848636733"
"2025-01-04 20:00:00","64232496","68468833","-4236337","97872.32805255157"
"2025-01-04 21:00:00","69402793","64710373","4692420","98001.2753140996"
"2025-01-04 22:00:00","66293862","72051771","-5757909","98040.66663993201"
"2025-01-04 23:00:00","65847876","74949698","-9101822","97698.44135057506"
"2025-01-05 00:00:00","64109563","60660612","3448951","97713.66246287113"
"2025-01-05 01:00:00","65584728","69315052","-3730324","98018.24728029562"
"2025-01-05 02:00:00","61187968","71713728","-10525760","97962.44116674407"
"2025-01-05 03:00:00","66016723","74428315","-8411592","98187.12013956162"
"2025-01-05 04:00:00","63027693","69952987","-6925294","98608.51778198977"
"2025-01-05 05:00:00","59194103","81226785","-22032682","98482.9104020152"
"2025-01-05 06:00:00","63189504","81537444","-18347940","98533.60160847088"
"2025-01-05 07:00:00","53425953","76348335","-22922382","98363.31124378268"
"2025-01-05 08:00:00","61064030","80198756","-19134726","98231.14381883082"
"2025-01-05 09:00:00","66882583","87403759","-20521176","98194.90859280624"
"2025-01-05 10:00:00","67868988","88021398","-20152410","98266.21450041056"
"2025-01-05 11:00:00","66450456","87855915","-21405459","98236.81115411501"
"2025-01-05 12:00:00","70789345","86353185","-15563840","98508.84801924862"
"2025-01-05 13:00:00","70773353","88110719","-17337366","98445.80968393294"
"2025-01-05 14:00:00","68788337","89890302","-21101965","98580.17398224249"
"2025-01-05 15:00:00","66491594","90917325","-24425731","98397.10805156201"
"2025-01-05 16:00:00","64393866","89021796","-24627930","97874.80695497958"
"2025-01-05 17:00:00","76683145","68435232","8247913","97753.09273185318"
"2025-01-05 18:00:00","68954759","66296681","2658078","97809.41470340914"
"2025-01-05 19:00:00","65793438","69711370","-3917932","97807.16255598639"
"2025-01-05 20:00:00","66784043","66131064","652979","97927.03230746434"
"2025-01-05 21:00:00","66975209","72317957","-5342748","97925.54241114605"
"2025-01-05 22:00:00","64267294","72026980","-7759686","98003.32262864725"
"2025-01-05 23:00:00","62855618","65434297","-2578679","98183.06665411241"
"2025-01-06 00:00:00","56731297","70379135","-13647838","98152.61851119103"
"2025-01-06 01:00:00","63821478","70375847","-6554369","97866.37360899798"
"2025-01-06 02:00:00","53460149","62139722","-8679573","98045.76920536134"
"2025-01-06 03:00:00","64705729","66579354","-1873625","98122.52920747048"
"2025-01-06 04:00:00","63065883","66702254","-3636371","98379.7221011195"
"2025-01-06 05:00:00","59512528","80146080","-20633552","98607.1959073767"
"2025-01-06 06:00:00","63689793","84869376","-21179583","98790.33214243274"
"2025-01-06 07:00:00","51787983","79316421","-27528438","98452.1499135371"
"2025-01-06 08:00:00","61300134","70450088","-9149954","98372.07866838359"
"2025-01-06 09:00:00","63854010","73931389","-10077379","98787.05196526146"
"2025-01-06 10:00:00","61000875","76775484","-15774609","98899.99509357174"
"2025-01-06 11:00:00","62128560","78672508","-16543948","99121.98073307399"
"2025-01-06 12:00:00","64148635","70334090","-6185455","99435.26717521349"
"2025-01-06 13:00:00","65732745","76854425","-11121680","99668.3461812127"
"2025-01-06 14:00:00","65499720","78973684","-13473964","99612.63070734682"
"2025-01-06 15:00:00","59403196","84589310","-25186114","99359.97952823166"
"2025-01-06 16:00:00","67078933","83259106","-16180173","99153.11674200694"
"2025-01-06 17:00:00","60192876","73129431","-12936555","98965.60458237206"
"2025-01-06 18:00:00","62813495","69009452","-6195957","98763.17314874662"
"2025-01-06 19:00:00","64126190","66419598","-2293408","99045.12867087775"
"2025-01-06 20:00:00","67858472","84092577","-16234105","99244.47293947157"
"2025-01-06 21:00:00","67247319","83853554","-16606235","99400.63533916486"
"2025-01-06 22:00:00","63048905","90121795","-27072890","100999.3328402316"
"2025-01-06 23:00:00","54817442","58547157","-3729715","102317.32246894004"
"2025-01-07 00:00:00","57644815","69935302","-12290487","102142.84893196315"
"2025-01-07 01:00:00","59227592","73458088","-14230496","101715.45014028129"
"2025-01-07 02:00:00","58348947","73232089","-14883142","101863.63100260256"
"2025-01-07 03:00:00","61795884","79218581","-17422697","101863.49129863283"
"2025-01-07 04:00:00","64425573","75216277","-10790704","102098.60828157108"
"2025-01-07 05:00:00","54595144","73080624","-18485480","101741.59560587657"
"2025-01-07 06:00:00","64841673","72424823","-7583150","102084.68127297422"
"2025-01-07 07:00:00","53360402","74978277","-21617875","102236.36672535806"
"2025-01-07 08:00:00","63545333","71068146","-7522813","102111.73355117724"
"2025-01-07 09:00:00","69314661","64589334","4725327","101951.73431167683"
"2025-01-07 10:00:00","69339692","65868655","3471037","101734.58174740903"
"2025-01-07 11:00:00","65301494","65133825","167669","101717.10567154636"
"2025-01-07 12:00:00","66250837","67205098","-954261","101803.1113549261"
"2025-01-07 13:00:00","61196265","69626583","-8430318","101716.0464561942"
"2025-01-07 14:00:00","70507341","66342041","4165300","101809.47334473471"
"2025-01-07 15:00:00","69858704","70064160","-205456","101664.52232926167"
"2025-01-07 16:00:00","71133846","61823178","9310668","101925.95140719367"
"2025-01-07 17:00:00","70670746","68765279","1905467","101696.95752476626"
"2025-01-07 18:00:00","64939845","65181358","-241513","101440.45058408848"
"2025-01-07 19:00:00","56219671","63632627","-7412956","100729.63005771168"
"2025-01-07 20:00:00","70180687","59516645","10664042","100825.28417785924"
"2025-01-07 21:00:00","75837499","62037002","13800497","100653.81443527683"
"2025-01-07 22:00:00","66818433","55899564","10918869","100302.78605974388"
"2025-01-07 23:00:00","59568172","45101758","14466414","97928.39511130548"
"2025-01-08 00:00:00","49918764","50854136","-935372","97823.37871335816"
"2025-01-08 01:00:00","61676535","59127225","2549310","97230.7704263411"
"2025-01-08 02:00:00","62653799","60343141","2310658","96742.25070945261"
"2025-01-08 03:00:00","55929768","56503449","-573681","96456.9569667979"
"2025-01-08 04:00:00","76210896","60744015","15466881","96648.08696185036"
"2025-01-08 05:00:00","68199427","53039322","15160105","96586.16944874164"
"2025-01-08 06:00:00","71052708","48588881","22463827","97091.90195730464"
"2025-01-08 07:00:00","52107472","51538961","568511","96916.86998514419"
"2025-01-08 08:00:00","53347186","52705633","641553","97177.9596828755"
"2025-01-08 09:00:00","63673179","64431280","-758101","96848.26696762006"
"2025-01-08 10:00:00","69943167","64675212","5267955","96938.81063350846"
"2025-01-08 11:00:00","71575519","69482869","2092650","96427.1287436975"
"2025-01-08 12:00:00","74532690","61040027","13492663","96268.44700229644"
"2025-01-08 13:00:00","79321364","56828927","22492437","96531.35022458376"
"2025-01-08 14:00:00","67865018","52853503","15011515","95426.8303464121"
"2025-01-08 15:00:00","70846017","54136718","16709299","95758.09739228668"
"2025-01-08 16:00:00","82381087","60367124","22013963","95989.58144932907"
"2025-01-08 17:00:00","67675100","64127387","3547713","95620.44930407446"
"2025-01-08 18:00:00","82188205","60469364","21718841","95898.35585675809"
"2025-01-08 19:00:00","69086781","62317119","6769662","95211.28727438889"
"2025-01-08 20:00:00","71325399","57974781","13350618","95012.22931438939"
"2025-01-08 21:00:00","59632613","47842697","11789916","95261.87575256824"
"2025-01-08 22:00:00","69267808","60504053","8763755","95165.35126495709"
"2025-01-08 23:00:00","65744268","53072391","12671877","95346.468972938"
"2025-01-09 00:00:00","63843479","60817629","3025850","94742.53578710226"
"2025-01-09 01:00:00","78691276","56894958","21796318","93872.92063765587"
"2025-01-09 02:00:00","59564811","48199892","11364919","94028.47226004311"
"2025-01-09 03:00:00","49809032","43011434","6797598","94236.56263707578"
"2025-01-09 04:00:00","70323101","56732624","13590477","93987.5621420662"
"2025-01-09 05:00:00","58023835","49877205","8146630","94467.40900673433"
"2025-01-09 06:00:00","61354369","58765162","2589207","95229.2715157195"
"2025-01-09 07:00:00","48140164","51544735","-3404571","95110.32771717673"
"2025-01-09 08:00:00","52999086","58366552","-5367466","95060.63404525178"
"2025-01-09 09:00:00","62460664","62849255","-388591","94983.92251870812"
"2025-01-09 10:00:00","60769650","57985649","2784001","94667.28026147751"
"2025-01-09 11:00:00","62987796","64022768","-1034972","94193.481193397619833263"
